14 419
00010101100010
00010101111101
00010111010011
00011010111110
00011011001001
00011011100100
00011011101111
00011011110000
00011100100100
00011100110000
00011100110100
00011100110110
00011101110101
00011110001111
00011110010010
00011110011100
00011110101000
00011110101101
00011110110011
00011111000011
00011111010110
00100001000000
00100001000010
00100001000101
00100001101001
00100001111001
00100010010110
00100010100000
00100010100001
00100010101000
00100011110011
00100100010101
00100100010110
00100100011111
00100100110010
00100101101010
00100101101100
00100101110001
00100101110011
00100101111011
00100110001101
00100110101011
00100111000011
00101000001101
00101000110000
00101000110100
00101001011111
00101001101001
00101001110011
00101001111011
00101010000001
00101010011111
00101011001010
00101011011100
00101011110100
00101011110101
00101011110110
00101100000000
00101100000010
00101100001110
00101100001111
00101100111000
00101101001100
00101101001110
00101101010010
00101101011011
00101101101011
00101101101100
00101111000010
00101111000011
00101111011010
00101111110011
00110000100111
00110000101001
00110000110011
00110001011001
00110001100000
00110010100110
00110010110110
00110011000111
00110011101010
00110011111000
00110100011011
00110100100110
00110100110001
00110101000000
00110111001000
00110111110011
00110111111111
00111000001101
00111000010100
00111000111000
00111000111100
00111001000000
00111001000110
00111001001111
00111010100110
00111010110010
00111011010111
00111011110100
00111101101001
00111101101011
00111101101111
00111101110011
00111111000001
00111111110010
00111111111101
00111111111110
01000000001011
01000000010011
01000000010101
01000000010111
01000001111110
01000010000000
01000010001110
01000011000011
01000011001011
01000011100011
01000011101101
01000011110110
01000100001001
01000100001100
01000100111001
01000101101110
01000101110000
01000101110001
01000110101100
01000110101110
01000111001000
01001000011011
01001000011100
01001000100010
01001001010111
01001001101001
01001001101110
01001010101101
01001010111110
01001011010100
01001011011101
01001011100000
01001100111110
01001101011000
01001101011011
01001101011101
01001101110001
01001101111011
01001101111110
01001110000110
01001110000111
01001110010000
01001110010010
01001111101111
01001111110000
01010000101001
01010001000101
01010001001010
01010010010100
01010010010111
01010010100010
01010010101000
01010010101001
01010011101011
01010100001010
01010100001110
01010100010011
01010101000110
01010101010010
01010110111110
01010111100101
01010111101001
01010111101010
01010111101110
01011000001001
01011000011001
01011000011100
01011001100001
01011001111001
01011010111000
01011011011100
01011011100000
01011100010001
01011100011110
01011100100001
01011100100010
01011100101101
01011100110100
01011101000100
01011101001100
01011101001101
01011101011110
01011101100000
01011101101010
01011110000110
01011110011010
01011110100101
01011110100111
01011111100000
01011111101001
01011111101101
01011111110011
01011111111001
01011111111111
01100000000000
01100000001011
01100001111111
01100010001100
01100010011100
01100010110101
01100010111110
01100011000000
01100011000111
01100011010100
01100011011000
01100011011100
01100011011101
01100011101110
01100011111000
01100011111100
01100100101011
01100101000010
01100101011100
01100101011101
01100101011111
01100101110100
01100110111111
01100111101111
01100111110011
01100111110111
01100111111110
01101000110101
01101000111111
01101001010111
01101001011011
01101001110100
01101001110111
01101001111000
01101010000001
01101010000110
01101010101010
01101010110000
01101010110011
01101010111010
01101011000000
01101011011110
01101011100001
01101011101110
01101011110001
01101011110011
01101100001000
01101100100001
01101100100010
01101100100110
01101100101011
01101100110100
01101100111100
01101100111110
01101101000001
01101101000110
01101101010000
01101101010001
01101101010010
01101101010110
01101101101010
01101101101101
01101111101100
01110000101101
01110001000001
01110001000011
01110001001111
01110001010110
01110001101001
01110001110100
01110001110111
01110001111011
01110001111100
01110010000011
01110011101100
01110011110000
01110011110100
01110100110010
01110100111111
01110101000010
01110101010001
01110101100101
01110101111000
01110110001010
01110110101100
01110110110010
01110110110100
01110111001001
01110111011110
01111000010111
01111000011001
01111000100111
01111000101110
01111000101111
01111001000011
01111001001110
01111001011000
01111010001100
01111010001101
01111010010111
01111010011111
01111010100100
01111010110000
01111010110011
01111011000111
01111011011000
01111011100010
01111011101111
01111011110000
01111100110001
01111100110101
01111100110111
01111100111000
01111101000110
01111101010111
01111101011110
01111101100111
01111101101000
01111101101100
01111101101110
01111110000010
01111110001111
01111110010101
01111110101001
01111111001011
01111111001111
01111111011000
01111111011101
01111111100111
10000000000110
10000000001010
10000000100010
10000000100110
10000000110111
10000000111001
10000000111110
10000011100000
10000110110001
10001000011100
10001001000011
10001010111011
10001011100111
10001011101100
10001100111001
10001101000100
10001101000101
10001101001001
10001101011111
10001101100000
10001101100010
10001101100011
10001101100111
10001101111010
10001111010011
10001111010101
10001111011011
10001111101001
10001111110110
10010000010001
10010001011100
10010001011111
10010001100001
10010001100110
10010001101000
10010010001011
10010010010000
10010010010001
10010010011101
10010010101000
10010100111111
10010101000001
10010101000011
10010101000101
10010101000110
10010101001000
10010110001100
10010110011000
10010110011101
10010110011111
10010110100011
10010110111101
10010111001010
10010111010000
10010111100101
10010111100110
10010111101100
10011000010100
10011000100001
10011000100100
10011000100101
10011000100111
10011000111111
10011001000011
10011001000101
10011001000111
10011001010110
10011001011010
10011001100000
10011001101011
10011001110101
10011001110110
10011001111111
10011010000000
10011010010001
10011010010110
10011010101011
10011010110000
10011010111111
10011011000010
10011011001000
10011011100101
10011011100111
10011011101001
10011011101110
10011011110001
10011011110111
10011100000010
