0110001011001101101110111000
0110001011010001100000110101
0110001011010001110010110001
0110001011011101100100110110
0110001011011101100110110111
0110001011011101101100110100
0110001011011101101110110101
0110001011011101101110110110
0110001011100001100100111000
0110001011100001101000110000
0110001011100001101000110100
0110001011100001101000110110
0110001011100101100000111001
0110001011100101100110110101
0110001011100101100110111000
0110001011100101101000111000
0110001011100101101100110000
0110001011100101101100110101
0110001011100101101110110001
0110001011100101110000110111
0110010011000001100000110110
0110010011000101100010110010
0110010011000101100010110100
0110010011000101100010110111
0110010011000101101010110011
0110010011000101101100111001
0110010011000101110010111000
0110010011001001100000111000
0110010011001001100000111001
0110010011001001100010110110
0110010011001001110010110001
0110010011001101100100110101
0110010011001101100100110110
0110010011001101100110110101
0110010011001101101010110100
0110010011010001100010110000
0110010011010001100010110010
0110010011010001100010110111
0110010011010001100010111001
0110010011010001100100110111
0110010011010001101000110101
0110010011010001101110110101
0110010011010001110010111001
0110010011010101101110110011
0110010011011001100000111000
0110010011011001100010110010
0110010011011001101010110101
0110010011011001101100110101
0110010011011001101110110101
0110010011011001110000110011
0110010011011001110000111001
0110010011011101100010111001
0110010011011101101100110010
0110010011011101110000110000
0110010011100001100000110100
0110010011100001100000110101
0110010011100001100000110110
0110010011100001100010110110
0110010011100001100010111000
0110010011100001100110110000
0110010011100001100110110001
0110010011100001101110110010
0110010011100001110010110010
0110010011100001110010110100
0110010011100001110010111000
0110010011100101100000110111
0110010011100101100100110011
0110010011100101100100110100
0110011011000001100010110000
0110011011000001100010110001
0110011011000001100110110100
0110011011000001101010111001
0110011011000101100010110001
0110011011000101100010110011
0110011011000101100100110011
0110011011000101101100110001
0110011011000101101100111000
0110011011001001100110111000
0110011011001001101010110100
0110011011001001101110110001
0110011011001101100000110110
0110011011001101100100110000
0110011011001101101010110101
0110011011001101101100110110
0110011011001101101110110111
0110011011001101110010110010
0110011011010101100100111000
0110011011010101101110110001
0110011011010101110000110011
0110011011010101110010110111
0110011011011001100000110100
0110011011011001101000110000
0110011011011001101000110100
0110011011011001101000111000
0110011011011001101010110100
0110011011011001101100110011
0110011011011101101010110000
0110011011011101101100110010
0110011011011101110010111001
0110011011100001100100111000
0110011011100101101000110101
0110011011100101101000110111
0110011011100101101010110001
0110011011100101101010110101
0110100011000001100110110011
0110100011000001110000110010
0110100011000001110010110011
0110100011000001110010110100
0110100011000101100000110111
0110100011000101100010110101
0110100011000101100010110111
0110100011000101100010111001
0110100011001001100100110010
0110100011001001100100110100
0110100011001001100110111000
0110100011001001110010110001
0110100011001001110010111001
0110100011001101100100110011
0110100011001101100110110011
0110100011001101101000110010
0110100011001101101100110001
0110100011001101101100110100
0110100011010001100000111001
0110100011010001101100110010
0110100011010001101100110100
0110100011010001101100110101
0110100011010101100100110100
0110100011010101100100110110
0110100011010101101010110010
0110100011011001100110110101
0110100011011001100110110110
0110100011011001101000110010
0110100011011001110010110101
0110100011011101100010110011
0110100011011101100010111000
0110100011011101110000110001
0110100011011101110010111000
0110100011100001100100110000
0110100011100001100100111001
0110100011100001100110110010
0110100011100101100100110110
0110100011100101101010110010
0110100011100101101010110101
0110100011100101101010110111
0110100011100101101110110111
0110100011100101110000110111
0110100011100101110010110000
0110100011100101110010111000
0110100011100101110010111001
0110101011000001100000111000
0110101011000001100010110000
0110101011000101100000110011
0110101011000101100000110100
0110101011000101101100110001
0110101011000101110000111001
0110101011000101110010110100
0110101011001001101100111000
0110101011001001101110110001
0110101011001001110000110010
0110101011001001110000111000
0110101011001001110000111001
0110101011001101101010110101
0110101011001101110000110110
0110101011001101110010110000
0110101011001101110010110101
0110101011010001101000110110
0110101011010001101010111000
0110101011010101101100110110
0110101011011001100000110101
0110101011011001100000111001
0110101011011001100010110000
0110101011011001100010110100
0110101011011001101000110001
0110101011011001101010110111
0110101011011001101100110000
0110101011011101100100111001
0110101011011101101010110011
0110101011100001100010110110
0110101011100001101010110010
0110101011100001101010110110
0110101011100101100000110101
0110101011100101100010111000
0110101011100101100100110001
0110101011100101100100110010
0110101011100101100110110011
0110101011100101101000110000
0110101011100101101010110110
0110101011100101101100110100
0110101011100101101100110101
0110101011100101110000110010
0110101011100101110000110100
0110101011100101110010110100
0110110011000001100100110010
0110110011000001101000110010
0110110011000001101010110011
0110110011000001101010110101
0110110011000101100010110010
0110110011000101100100110001
0110110011000101100100110101
0110110011000101100110110001
0110110011000101100110110111
0110110011000101101000110011
0110110011000101101000110100
0110110011000101101010110101
0110110011001001101110110001
0110110011001001110000110100
0110110011001101100000110000
0110110011001101100100110101
0110110011001101100110110100
0110110011001101100110110110
0110110011001101101000110011
0110110011001101101010110110
0110110011001101101100110000
0110110011001101101100110100
0110110011001101101100110101
0110110011001101110000110010
0110110011001101110010110010
0110110011001101110010110110
0110110011010001101000110011
0110110011010001101100110110
0110110011010001110010110010
0110110011010001110010110011
0110110011010001110010110101
0110110011010101100010110110
0110110011010101110010110001
0110110011011001100110111001
0110110011011001101000110011
0110110011011001101000110111
0110110011011001101010110100
0110110011011101100000111001
0110110011011101100010111001
0110110011011101101000110011
0110110011011101101000110111
0110110011011101101110110010
0110110011011101101110110101
0110110011011101101110110110
0110110011011101110000110101
0110110011011101110010110000
0110110011100001100100110110
0110110011100001100110110010
0110110011100001100110110101
0110110011100001101000110010
0110110011100001101000111000
0110110011100001101110111000
0110110011100001110000110001
0110110011100001110010110100
0110110011100001110010110111
0110110011100001110010111001
0110110011100101100100110000
0110110011100101101000110101
0110110011100101101000110110
0110110011100101101010110000
0110110011100101101010110101
0110110011100101101100110100
0110110011100101101110110010
0110110011100101101110110100
0110110011100101101110110111
0110110011100101110000110010
0110110011100101110010110010
0110110011100101110010110011
0110110011100101110010110100
0110110011100101110010111000
0110111011000001100010111000
0110111011000001100100110001
0110111011000101101000111000
0110111011001001100010110011
0110111011001001100110110011
0110111011001001100110110101
0110111011001001101000110111
0110111011001001101010110100
0110111011001001101110110011
0110111011001001110000110100
0110111011001001110000110111
0110111011001001110010110001
0110111011001001110010110010
0110111011001001110010111001
0110111011010001100000110100
0110111011010001100000111000
0110111011010001100010110010
0110111011010001101110110100
0110111011010001110000110111
0110111011010001110010110000
0110111011010101100000110101
0110111011010101100100110101
0110111011010101101000110100
0110111011010101101100110010
0110111011010101110010110110
0110111011011001100000110010
0110111011011001100000110100
0110111011011001100100110101
0110111011011001101000110110
0110111011011101100000110011
0110111011011101100000110101
0110111011011101100010111001
0110111011011101100100110110
0110111011011101100100110111
0110111011011101101000110111
0110111011011101101010111000
0110111011011101101100111000
0110111011100001100100110000
0110111011100001100100110001
0110111011100001100110110001
0110111011100001100110111001
0110111011100001101000110100
0110111011100001101010110110
0110111011100001101010111001
0110111011100001101110111001
0110111011100001110010110110
0110111011100101100000110110
0110111011100101100010111001
0110111011100101100100110000
0110111011100101110000110101
0110111011100101110000111001
0110111011100101110010110001
0110111011100101110010110010
0111000011000001100000110110
0111000011000001100100110011
0111000011000001100110110000
0111000011000001100110111001
0111000011000001101000110000
0111000011000001101000110100
0111000011000001101000110110
0111000011000001101100110110
0111000011000001101110111001
0111000011000001110000110101
0111000011000101100000110101
0111000011000101100110111001
0111000011000101101000110011
0111000011000101101010110010
0111000011000101101010110111
0111000011000101101100110111
0111000011000101110010111000
0111000011001001100000110010
0111000011001001100100110110
0111000011001001100110110000
0111000011001001101000110111
0111000011001001101000111001
0111000011001001101010110100
0111000011010001100010110110
0111000011011001100100110101
0111000011011101100110110010
0111000011011101101110110001
0111000011100001110010110001
0111000011100101100110110101
0111000011100101101000110000
0111001011000001100010110111
0111001011000001100100111000
0111001011000001100100111001
0111001011000001100110110011
0111001011000001101010110101
0111001011000001101010110110
0111001011000001101010111000
0111001011000001101010111001
0111001011000001101100110011
0111001011000001110000110010
0111001011000101101110110001
0111001011000101101110110011
0111001011000101101110111001
0111001011000101110010110011
0111001011001001100000110110
0111001011001001100110110011
0111001011001101100000111000
0111001011001101100010110001
0111001011001101100010110011
0111001011001101100010111000
0111001011001101100100110000
0111001011001101101010110101
0111001011001101101100110000
0111001011001101101100110001
0111001011001101101110110011
0111001011001101110000110100
0111001011010101100110110101
0111001011010101100110110111
0111001011010101100110111001
0111001011010101101000110001
0111001011010101101000110010
0111001011010101101000110100
0111001011011001100010110010
0111001011011001100100110100
0111001011011001100100111001
0111001011011001100110110001
0111001011011001100110110101
0111001011011001101100110001
0111001011011001101110110100
0111001011011001110000110000
0111001011011101100000110001
0111001011011101100000110010
0111001011011101100000111000
0111001011011101101000111000
0111001011011101101100110001
0111001011011101101100110100
0111001011011101101100110101
0111001011011101101100110111
0111001011011101110010110001
0111001011011101110010110101
0111001011011101110010110111
0111001011011101110010111001
0111001011100001100010110100
0111001011100001100010111000
0111001011100001100100110100
0111001011100001100110110101
0111001011100001101000110101
0111001011100001101000110110
0111001011100001101010110101
0111001011100001101010110110
0111001011100001101110110011
0111001011100001101110111000
0111001011100001110010111001
0111001011100101100000110100
0111001011100101100010111001
0111001011100101100100110010
0111001011100101100100111000
0111001011100101101010110111
0111001011100101101010111001
0111001011100101101100110001
0111001011100101101100110110
0111001011100101101100111001
0111001011100101101110110101
0111001011100101110000110110
