14 179
00011010101111
00100001001001
00100001001010
00100001100100
00100001100110
00100001101011
00100001101110
00100001101111
00100001110000
00100010000010
00100010000111
00100010010100
00100100100010
00100100100110
00100100101001
00100100101111
00100100110000
00100101000001
00100101000010
00100101000111
00100101001011
00100101010001
00100101011001
00100101011101
00100101011111
00100101100010
00100101100100
00100101100101
00100110000110
00100110010011
00100110011011
00100110100000
00100110100100
00100110101101
00100110111001
00100110111011
00100110111100
00100111000001
00101001011100
00101011001110
00101011100100
00101011101110
00101101101110
00101101110001
00101111001101
00101111010111
00101111100001
00101111101101
00101111110100
00101111110111
00101111111011
00101111111111
00110000010101
00110001100001
00110001100111
00110010100011
00110010100101
00110010101101
00110010110000
00110010110011
00110011110111
00110011111101
00110100000000
00110100010011
00110100101100
00110100111011
00110101000001
00110101000010
00111000100110
00111000100111
00111000101000
00111000101100
00111000101101
00111000110010
00111000111101
00111000111110
00111000111111
00111001000100
00111001000101
00111001000111
00111001001001
00111001001010
00111001001100
00111001001101
00111001001110
00111001010000
00111001010001
00111010000000
00111010001010
00111010001011
00111010001110
00111010001111
00111010010011
00111010010110
00111010011110
00111010100000
00111010100011
00111010100111
00111010101001
00111010101100
00111010111100
00111010111101
00111011000010
00111011000110
00111011000111
00111011001001
00111011001011
00111011001100
00111011010001
00111011010100
00111011100010
00111011100111
00111011101111
00111011110001
00111011110010
00111011110011
00111011110111
00111100000000
00111100000011
00111100001010
00111100001101
00111100010000
01000011010100
01000011100000
01000111010011
01000111010100
01000111010101
01000111011011
01000111011111
01000111100111
01001010001000
01001010001011
01001010001111
01001010011110
01001010100010
01001011001001
01001011001101
01001011011000
01001101101110
01011110100010
01011110100110
01011110101010
01011110110000
01011110110011
01100000010001
01100001101111
01100001111000
01100111011010
01100111011011
01100111100011
01101000000000
01101000001100
01101000001110
01101001000001
01101001111010
01101010000010
01101010110100
01101111110101
01110010001111
01111000101101
01111010010101
01111010011001
01111010101101
10000011101010
10001000001011
10001000111111
10001001010101
10001011010000
10001011010010
10001011011010
10001011011101
10001011100001
10001011110001
10001100100110
10001111110100
10010010110111
10010011001011
10010011100101
10010100101010
