0 1683
00010100010101
00010100110100
00010100110110
00010101001000
00010101100001
00010101100011
00010110000100
00010110000110
00010110001001
00010111101010
00010111101011
00010111101110
00011001000101
00011001000110
00011001111101
00011001111110
00011010110000
00011010110111
00011010111000
00011010111001
00011010111010
00011011100010
00011011100110
00011011101101
00011011110100
00011100001001
00011100001010
00011100001011
00011100001101
00011100010000
00011100010010
00011100010100
00011100010101
00011100010110
00011100010111
00011100011000
00011100011011
00011100011100
00011100011101
00011100011110
00011100100000
00011100100010
00011100100011
00011100101001
00011100101010
00011100101011
00011100110111
00011100111100
00011101000100
00011101000101
00011101001001
00011101001010
00011101001011
00011101001100
00011101001110
00011101001111
00011101010110
00011101010111
00011101011001
00011101011010
00011101011011
00011101011100
00011101011101
00011101100000
00011101100010
00011101100101
00011101101000
00011101101010
00011101101011
00011101110111
00011101111010
00011101111100
00011101111111
00011110000001
00011110000100
00011110000101
00011110000110
00011110001000
00011110001001
00011110001010
00011110001110
00011110010001
00011110010011
00011110010101
00011110010110
00011110011000
00011110011001
00011110011010
00011110011101
00011110011110
00011110011111
00011110100000
00011110100010
00011110100100
00011110100111
00011110101001
00011110101011
00011110101100
00011110101111
00011110110000
00011110110001
00011110110100
00011110110101
00011110110111
00011110111010
00011110111011
00011110111100
00011110111110
00011110111111
00011111010001
00011111010010
00011111010011
00011111010100
00011111011001
00100000000100
00100000000101
00100000001000
00100000111011
00100000111100
00100000111101
00100001001000
00100001001111
00100001010000
00100001010011
00100001100111
00100001111000
00100001111010
00100001111110
00100001111111
00100010000101
00100010010001
00100010011001
00100010011100
00100010011110
00100010011111
00100010100011
00100010100100
00100010100111
00100010101001
00100010101100
00100010110101
00100011011000
00100011011011
00100011011101
00100011011110
00100011101001
00100011101010
00100011101100
00100011101110
00100011110000
00100011110010
00100011110100
00100011111101
00100100000001
00100100000101
00100100001101
00100100010010
00100100010111
00100100011011
00100100110001
00100100110111
00100101000011
00100101000100
00100101001010
00100101011011
00100101011110
00100101101101
00100101110010
00100110000000
00100110000001
00100110001000
00100110010010
00100110010101
00100110011110
00100110100010
00100111000101
00100111000110
00100111000111
00100111100011
00100111100101
00100111101100
00101000001100
00101000010011
00101000010100
00101000011110
00101000100001
00101000100010
00101000100101
00101000100111
00101000101010
00101000101111
00101000110101
00101001011011
00101001100001
00101001100011
00101001100100
00101001100110
00101001101000
00101001101110
00101001110010
00101001110100
00101001110110
00101001111001
00101001111101
00101001111111
00101010000100
00101010000111
00101010001010
00101010011011
00101010100110
00101010101001
00101010101010
00101010101101
00101010101110
00101010110001
00101010111101
00101011000001
00101011001000
00101011001100
00101011010000
00101011010100
00101011100000
00101011100111
00101011101000
00101011110001
00101011110010
00101011111001
00101011111010
00101011111011
00101011111100
00101011111111
00101100110111
00101100111010
00101100111011
00101101010001
00101101010011
00101101011100
00101101011110
00101101100010
00101101100011
00101101100110
00101101101010
00101110111001
00101110111010
00101110111011
00101110111100
00101111001110
00101111001111
00101111010100
00101111011100
00101111101000
00101111101010
00101111111000
00110000000100
00110000001110
00110000001111
00110000010000
00110000010011
00110000010100
00110000011001
00110000011010
00110000011011
00110000011101
00110000011111
00110000100000
00110000100001
00110000100010
00110000100011
00110000100101
00110000100110
00110000101100
00110001000101
00110001001100
00110001001111
00110001010001
00110001010100
00110001010111
00110001011111
00110010000001
00110010000010
00110010000100
00110010000101
00110010011001
00110010011100
00110010011111
00110010111010
00110011100110
00110011110001
00110011110011
00110011111001
00110100000101
00110100001101
00110100010101
00110100100000
00110100101011
00110100110110
00110100111111
00110101000011
00110101000100
00110101000101
00110101000110
00110101001001
00110101001010
00110101001101
00110101001111
00110101010000
00110101011101
00110101100111
00110101101000
00110101101001
00110101101010
00110101101100
00110101110011
00110110101101
00110110111000
00110110111001
00110110111010
00110111000001
00110111000100
00110111000110
00110111001001
00110111011111
00110111100001
00110111110001
00110111111001
00110111111100
00111000000111
00111000001001
00111000010110
00111000010111
00111000011000
00111000100100
00111000101010
00111000101011
00111000101110
00111000110000
00111000110011
00111000110100
00111000110111
00111001001000
00111001001011
00111001111100
00111010000011
00111010001100
00111010010010
00111010011010
00111010111001
00111010111010
00111010111110
00111011001101
00111011101001
00111011111010
00111100010101
00111100011000
00111100011001
00111100100101
00111100100110
00111100101000
00111100110101
00111101100101
00111101101010
00111101101110
00111110100011
00111110100100
00111110100101
00111110100111
00111110101000
00111110110101
00111110110110
00111110110111
00111110111011
00111110111100
00111110111111
00111111001001
00111111001010
00111111001011
00111111001100
00111111001101
00111111001110
00111111001111
00111111011101
00111111011110
00111111011111
00111111100000
00111111101110
00111111111000
00111111111011
00111111111100
00111111111111
01000000000001
01000000000010
01000000000011
01000000000100
01000000001101
01000000010000
01000000010010
01000000010100
01000000010110
01000000110111
01000001010110
01000001010111
01000001011001
01000001011010
01000001011011
01000001011100
01000001101001
01000001101010
01000001101011
01000001101100
01000001101101
01000001101110
01000001110000
01000001110100
01000001110111
01000001111000
01000001111001
01000001111010
01000001111100
01000001111101
01000010000100
01000010000101
01000010000111
01000010101111
01000010110000
01000010111010
01000010111011
01000011000111
01000011001101
01000011010011
01000011010110
01000011011000
01000011011111
01000011100001
01000011100100
01000011100110
01000011101011
01000011110001
01000011110100
01000011110111
01000011111000
01000011111010
01000011111110
01000100001010
01000100110001
01000100110011
01000100110100
01000100111010
01000101100100
01000101101101
01000101110111
01000110010110
01000110010111
01000110011010
01000110011011
01000110011100
01000110100000
01000110100010
01000110100100
01000110100111
01000110101001
01000110101011
01000110101111
01000110110000
01000110110010
01000110110011
01000110110110
01000110111000
01000110111010
01000110111011
01000110111100
01000110111101
01000110111111
01000111000000
01000111000011
01000111000100
01000111000101
01000111000110
01000111000111
01000111001001
01000111001010
01000111001011
01000111001111
01000111011000
01000111011001
01000111011110
01000111100001
01000111100010
01000111100101
01001000000011
01001000000100
01001000000101
01001000000110
01001000001001
01001000001011
01001000001100
01001000010010
01001000010111
01001000011001
01001000011010
01001000100001
01001000101011
01001000101101
01001000110010
01001000110101
01001000111001
01001000111010
01001000111100
01001000111111
01001001000010
01001001000100
01001001000110
01001001000111
01001001001000
01001001001001
01001001001100
01001001001111
01001001010001
01001001010110
01001001011000
01001001100000
01001001100100
01001001100111
01001001101010
01001001101100
01001001101111
01001001110010
01001001110100
01001001110101
01001001110110
01001001111000
01001001111100
01001001111101
01001010000011
01001010000111
01001010001001
01001010001010
01001010011010
01001010011111
01001010100000
01001010100111
01001010101000
01001010101011
01001010111111
01001011000001
01001011001100
01001011011001
01001011011010
01001011100111
01001011110000
01001011110010
01001100100101
01001100100110
01001100101111
01001100110000
01001100110010
01001100110101
01001100110111
01001100111001
01001100111010
01001100111100
01001100111111
01001101000000
01001101010111
01001101011100
01001101011110
01001101100011
01001101100111
01001101101000
01001101101011
01001101101101
01001101101111
01001101111001
01001101111101
01001110000000
01001110000010
01001110000100
01001110000101
01001110001010
01001110001111
01001110010001
01001110010011
01001110010100
01001110010101
01001110010111
01001110011001
01001110011010
01001110011011
01001110011100
01001111101101
01001111110001
01001111110100
01001111110110
01010000000001
01010000000010
01010000010110
01010001000001
01010001000010
01010001000011
01010001000111
01010001001000
01010001001011
01010001001100
01010001010001
01010001010010
01010001010100
01010001011000
01010001011010
01010001011110
01010001100010
01010001110000
01010001110001
01010001110010
01010010001101
01010010001110
01010010010101
01010010110101
01010010110110
01010010111110
01010011010011
01010011010100
01010011010101
01010011010110
01010011011001
01010011100000
01010011100111
01010011101000
01010011110011
01010011110111
01010100001000
01010100001111
01010100010001
01010100011001
01010100011110
01010100100000
01010100100010
01010100100011
01010100100100
01010100101111
01010101000000
01010101000100
01010101000101
01010101001001
01010101001011
01010101001101
01010101010001
01010101010111
01010101011000
01010101011111
01010101100100
01010101101000
01010101101001
01010101101010
01010101101110
01010101110011
01010110100101
01010110111011
01010111100010
01010111101100
01010111111111
01011000000000
01011000011010
01011000011011
01011001000110
01011001001010
01011001001011
01011001001111
01011001010001
01011001010010
01011001010011
01011001011110
01011001011111
01011001101010
01011001101101
01011010101001
01011010101010
01011010101011
01011010101101
01011010101111
01011010110001
01011010110100
01011010110111
01011010111011
01011010111101
01011011011011
01011011100001
01011100001101
01011100001110
01011100010101
01011100010111
01011100011000
01011100011011
01011100011101
01011100100011
01011100101001
01011100101010
01011100110000
01011100110010
01011100110110
01011100110111
01011100111010
01011100111011
01011100111101
01011100111111
01011101000101
01011101000110
01011101000111
01011101001011
01011101010110
01011101010111
01011101011000
01011101011101
01011101100100
01011101100111
01011101101000
01011101101110
01011101110101
01011101111101
01011111010101
01011111010111
01011111011000
01011111100001
01011111100110
01011111110111
01011111111000
01011111111010
01011111111100
01011111111101
01100000000010
01100000000111
01100000111001
01100000111011
01100000111101
01100001000000
01100001000010
01100001001001
01100001001010
01100001001110
01100001100111
01100001101010
01100001110110
01100001111100
01100001111101
01100010000000
01100010000001
01100010000010
01100010000101
01100010000110
01100010001010
01100010001111
01100010010011
01100010010101
01100010011010
01100010011101
01100010011110
01100010100001
01100010100010
01100010100101
01100010100110
01100010101011
01100010101100
01100010101101
01100010101111
01100010110110
01100010111000
01100010111010
01100010111011
01100010111100
01100010111101
01100010111111
01100011000011
01100011000100
01100011001001
01100011001101
01100011001111
01100011010011
01100011010110
01100011011001
01100011011010
01100011011011
01100011011110
01100011011111
01100011100000
01100011100001
01100011100010
01100011100011
01100011100101
01100011100111
01100011101000
01100011101010
01100011101011
01100011101101
01100011101111
01100011110110
01100011111001
01100011111011
01100100000110
01100100000111
01100100001001
01100100001100
01100100001101
01100100010001
01100100010010
01100100010011
01100100010100
01100100011100
01100100011110
01100100100100
01100100101000
01100100101100
01100100101101
01100100110000
01100100110110
01100100110111
01100100111001
01100100111011
01100100111100
01100100111101
01100100111110
01100100111111
01100101000001
01100101000110
01100101000111
01100101001000
01100101001001
01100101001010
01100101001111
01100101010000
01100101010001
01100101010010
01100101010101
01100101010110
01100101011001
01100101011010
01100101100010
01100101100101
01100101100110
01100101100111
01100101101000
01100101101001
01100101101010
01100101101011
01100101101100
01100101110001
01100101110101
01100110110101
01100110111000
01100110111010
01100110111100
01100110111110
01100111000000
01100111000010
01100111011100
01100111011110
01100111100110
01100111101000
01100111110000
01100111110001
01100111110100
01100111110101
01100111111011
01100111111100
01101000010010
01101000010011
01101000010100
01101000010110
01101000101101
01101000101110
01101000101111
01101000110000
01101000110010
01101000110011
01101000111011
01101000111110
01101001000011
01101001000100
01101001000111
01101001001000
01101001001010
01101001001011
01101001010001
01101001010101
01101001010110
01101001011000
01101001011001
01101001011111
01101001100000
01101001100001
01101001100010
01101001100011
01101001100100
01101001100110
01101001101010
01101001101011
01101001101111
01101001110000
01101001110010
01101001110011
01101001110101
01101001111011
01101010000100
01101010000101
01101010000111
01101010001010
01101010001100
01101010001110
01101010010000
01101010010001
01101010010011
01101010010100
01101010010110
01101010010111
01101010011001
01101010011111
01101010100000
01101010100001
01101010100100
01101010100111
01101010110111
01101010111001
01101010111100
01101010111101
01101011000001
01101011000010
01101011000101
01101011000111
01101011001000
01101011001001
01101011001010
01101011001011
01101011001100
01101011001101
01101011010010
01101011010101
01101011011011
01101011011101
01101011100011
01101011100101
01101011110100
01101011110101
01101011110110
01101011111001
01101011111110
01101011111111
01101100000010
01101100000011
01101100001011
01101100001100
01101100001101
01101100001110
01101100001111
01101100010001
01101100010111
01101100011001
01101100011010
01101100011101
01101100100011
01101100100111
01101100101000
01101100101010
01101100101110
01101100110001
01101100110011
01101100110101
01101100110110
01101100110111
01101100111011
01101100111101
01101101000000
01101101000101
01101101001001
01101101001010
01101101001100
01101101001101
01101101010011
01101101010100
01101101010101
01101101010111
01101101011011
01101101011100
01101101011111
01101101100011
01101101100100
01101101100101
01101110111110
01101111000001
01101111010010
01101111101110
01110000100001
01110000100010
01110000100011
01110000100101
01110000101011
01110000101100
01110000110100
01110000110110
01110000111000
01110000111010
01110000111110
01110000111111
01110001000100
01110001000110
01110001000111
01110001001000
01110001001001
01110001001010
01110001001011
01110001001100
01110001001101
01110001001110
01110001010000
01110001010010
01110001010011
01110001011000
01110001011011
01110001011100
01110001011101
01110001011110
01110001100010
01110001100011
01110001100101
01110001100110
01110001101000
01110001101010
01110001101100
01110001101101
01110001101110
01110001110000
01110001110010
01110001110011
01110001111110
01110010000000
01110010001001
01110010001101
01110010010000
01110010010001
01110011110110
01110011111000
01110011111100
01110011111101
01110100000011
01110100001001
01110100001110
01110100010010
01110100010101
01110100010111
01110100011000
01110100011011
01110100011101
01110100011111
01110100100000
01110100100011
01110100100111
01110100101010
01110100110100
01110100111000
01110100111001
01110100111010
01110100111011
01110101000110
01110101010000
01110101010010
01110101010100
01110101011000
01110101011001
01110101011010
01110101011100
01110101011101
01110101011110
01110101100000
01110101100010
01110101100100
01110101101100
01110101110001
01110101110101
01110101111001
01110101111110
01110110000000
01110110000010
01110110000110
01110110001001
01110110011101
01110110100111
01110110101010
01110110101011
01110110101111
01110110110000
01110110110001
01110110110110
01110110110111
01110110111000
01110110111001
01110110111011
01110110111101
01110110111111
01110111000000
01110111000011
01110111001100
01110111001110
01110111001111
01110111010101
01110111011000
01110111100001
01111000010101
01111000010110
01111000011101
01111000100010
01111000100011
01111000100101
01111000100110
01111000101001
01111000101011
01111000110000
01111000110001
01111000110010
01111000110011
01111000110100
01111000110101
01111000110110
01111000110111
01111000111011
01111000111100
01111000111101
01111001000000
01111001000001
01111001000111
01111001001000
01111001001100
01111001010010
01111001011001
01111001011111
01111010001001
01111010001011
01111010001110
01111010010001
01111010011000
01111010011110
01111010100000
01111010100110
01111010110100
01111010110110
01111010111000
01111010111011
01111010111100
01111011000001
01111011000010
01111011001101
01111011010101
01111011011001
01111011011010
01111011100001
01111011100100
01111011100111
01111011101000
01111011101001
01111011101010
01111011101011
01111011101100
01111011101101
01111011110001
01111011110101
01111100000000
01111100000001
01111100000110
01111100000111
01111100001000
01111100001011
01111100001101
01111100001111
01111100010000
01111100010011
01111100010100
01111100010110
01111100011001
01111100011010
01111100011110
01111100100000
01111100100010
01111100100011
01111100100100
01111100100110
01111100101000
01111100101011
01111100101101
01111100110000
01111100110011
01111100110100
01111100110110
01111100111010
01111100111011
01111100111111
01111101000001
01111101000010
01111101000101
01111101000111
01111101001000
01111101001011
01111101001100
01111101001101
01111101001110
01111101001111
01111101010000
01111101010010
01111101010100
01111101010110
01111101011001
01111101011100
01111101011101
01111101011111
01111101100000
01111101100011
01111101100100
01111101100101
01111101100110
01111101101011
01111101110010
01111101110011
01111101110100
01111101110101
01111101111000
01111101111001
01111101111010
01111101111011
01111101111100
01111101111101
01111110000001
01111110000100
01111110000110
01111110001010
01111110001011
01111110001110
01111110010001
01111110010100
01111110010110
01111110010111
01111110011000
01111110011001
01111110011010
01111110011011
01111110011101
01111110011111
01111110100000
01111110100001
01111110100010
01111110100101
01111110100111
01111110101111
01111110110001
01111110110010
01111110111111
01111111000001
01111111000010
01111111000011
01111111000100
01111111000101
01111111001000
01111111001001
01111111001100
01111111001101
01111111001110
01111111010110
01111111010111
01111111011001
01111111011010
01111111011011
01111111011110
01111111011111
01111111100000
01111111100101
01111111100110
01111111101000
01111111101010
01111111101101
01111111101110
01111111101111
01111111110010
01111111110011
01111111110101
01111111110110
01111111111000
01111111111001
10000000000010
10000000000100
10000000001000
10000000001001
10000000001011
10000000001111
10000000010110
10000000011001
10000000011010
10000000011011
10000000100011
10000000100101
10000000101001
10000000101101
10000000110010
10000000110101
10000000111000
10000000111011
10000000111100
10000000111101
10000000111111
10000001000100
10000001000111
10000001001010
10000001001011
10000001001110
10000001010001
10000001010010
10000001010100
10000001010110
10000001010111
10000001011001
10000001011010
10000001011011
10000001100001
10000001100011
10000001101111
10000001110000
10000001110010
10000001110100
10000001110101
10000001111100
10000010000100
10000010000101
10000010000111
10000010001011
10000010001100
10000010001101
10000010001110
10000010010000
10000010010001
10000010010010
10000010010011
10000010010101
10000010010110
10000010010111
10000010011000
10000010011001
10000010011010
10000010011101
10000010011110
10000010100010
10000010100011
10000010100100
10000010100110
10000010100111
10000010101000
10000010101001
10000010101010
10000010101011
10000010101100
10000010101110
10000010101111
10000010110000
10000010110001
10000010110110
10000010111001
10000010111011
10000010111101
10000010111110
10000010111111
10000011000001
10000011000010
10000011000011
10000011000100
10000011000110
10000011001000
10000011001001
10000011001010
10000011001011
10000011001100
10000011001101
10000011001111
10000011011001
10000011011010
10000011011011
10000011011111
10000011100010
10000011100101
10000011100111
10000011101000
10000011101001
10000011110111
10000100011001
10000100111111
10000101000000
10000101000011
10000101000110
10000101000111
10000101001001
10000101001010
10000101001111
10000101010001
10000101010010
10000101011000
10000101011001
10000101011101
10000101011110
10000101011111
10000101100000
10000101100001
10000101100110
10000101100111
10000101101110
10000101110010
10000101110011
10000101110110
10000101111010
10000101111100
10000110001000
10000110001001
10000110001010
10000110001111
10000110010001
10000110010011
10000110011000
10000110011001
10000110011100
10000110100001
10000110100101
10000110100110
10000110101000
10000110101001
10000110101110
10000110110000
10000110110100
10000110110110
10000110111010
10000111001000
10000111101101
10000111101110
10000111110100
10000111111010
10000111111111
10001000000010
10001000000011
10001000000110
10001000001001
10001000001010
10001000010101
10001000011001
10001000100110
10001000101110
10001000111110
10001001000100
10001001011001
10001001011011
10001001100001
10001001100010
10001001100011
10001001100100
10001001100110
10001001101111
10001001110010
10001001111110
10001010000001
10001010000011
10001010001000
10001010001001
10001010001010
10001010010000
10001010011100
10001010100000
10001010100101
10001010100110
10001010100111
10001010101011
10001010101100
10001010101101
10001010101111
10001010110000
10001010110001
10001010111111
10001011000001
10001011001000
10001011001001
10001011001011
10001011010011
10001011010110
10001011011011
10001011100101
10001011100110
10001011110000
10001100100111
10001100101001
10001100101011
10001100101101
10001100101110
10001100101111
10001100110000
10001100110001
10001100110010
10001100110110
10001100111100
10001100111101
10001100111110
10001101000111
10001101001101
10001101001111
10001101010001
10001101010010
10001101010100
10001101010101
10001101010111
10001101011000
10001101100110
10001101101000
10001101101001
10001101101010
10001101101011
10001101101100
10001101101101
10001101101110
10001101110000
10001101110010
10001101110011
10001101110100
10001101111001
10001101111110
10001110001101
10001110010000
10001110010011
10001110010110
10001110011001
10001110011011
10001110011111
10001110101010
10001110101100
10001111110001
10001111110010
10010000010000
10010001010101
10010001010110
10010001010111
10010001011000
10010001011001
10010001011010
10010001011110
10010001100000
10010001101100
10010010000111
10010010001110
10010010010100
10010010010110
10010010011000
10010010011001
10010010011010
10010010011111
10010010100100
10010010100101
10010010111001
10010010111100
10010011000001
10010011000100
10010011000101
10010011001110
10010011010011
10010011010110
10010011011000
10010011011001
10010011011011
10010011011101
10010011101001
10010011111110
10010100000010
10010100000011
10010100000101
10010100000111
10010100011101
10010100011110
10010100011111
10010100100000
10010100100001
10010100100010
10010100100011
10010100100100
10010100100101
10010100100111
10010100101001
10010100111011
10010100111100
10010100111101
10010100111110
10010101000000
10010101000111
10010110000000
10010110000001
10010110000010
10010110000011
10010110000101
10010110000111
10010110001101
10010110010000
10010110010011
10010110010101
10010110010110
10010110011011
10010110011100
10010110100000
10010110100001
10010111000111
10010111001000
10010111001011
10010111001110
10010111010001
10010111010010
10010111010100
10010111011100
10010111100001
10010111101000
10010111101010
10010111110011
10010111110100
10010111110101
10010111110111
10010111111010
10010111111110
10011000000000
10011000000001
10011000000011
10011000000111
10011000001011
10011000001100
10011000001110
10011000001111
10011000010000
10011000010010
10011000010011
10011000010101
10011000011011
10011000011101
10011000011111
10011000100000
10011000100011
10011000100110
10011000110111
10011000111011
10011000111100
10011000111110
10011001000000
10011001000001
10011001010010
10011001100100
10011001100110
10011001100111
10011001101000
10011001110010
10011001110011
10011001111010
10011001111110
10011010000101
10011010001101
10011010011000
10011010011010
10011010011011
10011010011111
10011010100001
10011010101000
10011010101100
10011010101110
10011011001010
10011011001100
10011011001110
10011011010010
10011011011001
10011011011010
10011011011100
10011011100100
10011011101010
10011011101011
10011011110100
10011011110110
10011011111011
10011011111110
10011011111111
10011100000000
10011100000011
10011100000101
10011100000110
10011100000111
10011100001001
10011100001010
10011100001101
