0001001100000001
0001001100110010
0001001100110100
0001001101010010
0001001101110111
0001001101111001
0001010000010010
0001010000010100
0001010000010111
0001010100010100
0001010100010101
0001010100011000
0001011000000101
0001011000000110
0001011001100001
0001011001100010
0001011100010010
0001011100011001
0001011100100000
0001011100100001
0001011100100010
0001011101100010
0001011101100110
0001011101110011
0001011110000000
0001100000000001
0001100000000010
0001100000000011
0001100000000101
0001100000001000
0001100000010000
0001100000010010
0001100000010011
0001100000010100
0001100000010101
0001100000010110
0001100000011001
0001100000100000
0001100000100001
0001100000100010
0001100000100100
0001100000100110
0001100000100111
0001100000110011
0001100000110100
0001100000110101
0001100001000111
0001100001010010
0001100001100000
0001100001100001
0001100001100101
0001100001100110
0001100001100111
0001100001101000
0001100001110000
0001100001110001
0001100001111000
0001100001111001
0001100010000001
0001100010000010
0001100010000011
0001100010000100
0001100010000101
0001100010001000
0001100010010000
0001100010010011
0001100010010110
0001100010011000
0001100010011001
0001100100010001
0001100100010100
0001100100010110
0001100100011001
0001100100100001
0001100100100100
0001100100100101
0001100100100110
0001100100101000
0001100100101001
0001100100110000
0001100100110100
0001100100110111
0001100100111001
0001100101000001
0001100101000010
0001100101000100
0001100101000101
0001100101000110
0001100101001001
0001100101010000
0001100101010001
0001100101010010
0001100101010100
0001100101010110
0001100101011001
0001100101100001
0001100101100011
0001100101100100
0001100101100111
0001100101101000
0001100101101001
0001100101110010
0001100101110011
0001100101110101
0001100101111000
0001100101111001
0001100110000000
0001100110000010
0001100110000011
0010000000000001
0010000000000010
0010000000000011
0010000000000100
0010000000001001
0010000001010010
0010000001010011
0010000001010110
0010000100000111
0010000100001000
0010000100001001
0010000100100000
0010000100100111
0010000100101000
0010000100110001
0010000101010001
0010000101101000
0010000101110000
0010000101110100
0010000101110101
0010000110000001
0010000110010011
0010001000000001
0010001000000100
0010001000000110
0010001000000111
0010001000010001
0010001000010010
0010001000010101
0010001000010111
0010001000100000
0010001000101001
0010001001100100
0010001001100111
0010001001101001
0010001001110000
0010001010000001
0010001010000010
0010001010000100
0010001010000110
0010001010001000
0010001010010000
0010001010010010
0010001100000001
0010001100000101
0010001100001001
0010001100010111
0010001100100010
0010001100100111
0010001100110001
0010001101010011
0010001101011001
0010001101110001
0010001101110010
0010001101111000
0010001110010101
0010001110011000
0010010000010011
0010010000011000
0010010000110010
0010010000110011
0010010001000000
0010010001010000
0010010001010011
0010010001100010
0010010001100110
0010010100000001
0010010100000010
0010010100000011
0010010100110001
0010010100110011
0010010101000000
0010010101110010
0010010101111001
0010010110000000
0010010110010000
0010010110010011
0010010110010100
0010010110010111
0010010110011001
0010011000000010
0010011000000111
0010011000010011
0010011001010001
0010011001010111
0010011001011001
0010011001100000
0010011001100010
0010011001100100
0010011001110000
0010011001110100
0010011001110110
0010011001111000
0010011010000001
0010011010000101
0010011010000111
0010011010010010
0010011010010101
0010011010011000
0010011100010101
0010011100100110
0010011100101001
0010011100110000
0010011100110011
0010011100110100
0010011100110111
0010011101001001
0010011101010011
0010011101100000
0010011101100100
0010011101101000
0010011101110010
0010011110000100
0010011110010001
0010011110010010
0010100000000001
0010100000000010
0010100000001001
0010100000010000
0010100000010001
0010100000010010
0010100000010101
0010100001110001
0010100001110100
0010100001110101
0010100010010111
0010100010011001
0010100100001000
0010100100010000
0010100100010100
0010100100010101
0010100100011000
0010100100100010
0011000000000001
0011000000000010
0011000000000011
0011000000000100
0011000000100010
0011000000100011
0011000000101000
0011000000110110
0011000001001000
0011000001010000
0011000001100100
0011000001110110
0011000010000110
0011000010000111
0011000010001000
0011000010010001
0011000010010010
0011000010010111
0011000010011000
0011000010011001
0011000100000001
0011000100000011
0011000100000100
0011000100000101
0011000100000110
0011000100000111
0011000100001001
0011000100010000
0011000100010110
0011000101000001
0011000101001000
0011000101010001
0011000101010011
0011000101010110
0011000101011001
0011000101100111
0011001000000001
0011001000000010
0011001000000100
0011001000000101
0011001000100101
0011001000101000
0011001000110001
0011001001011000
0011001100000010
0011001100010011
0011001100010101
0011001100100001
0011001100110011
0011001101000001
0011001101001001
0011001101100000
0011001101110001
0011001110000010
0011001110010001
0011001110010101
0011001110010110
0011001110010111
0011001110011000
0011010000000001
0011010000000010
0011010000000101
0011010000000111
0011010000001000
0011010000100001
0011010000110001
0011010000110010
0011010000110011
0011010000110100
0011010000110110
0011010001000011
0011010100000001
0011010100010010
0011010100010011
0011010100010100
0011010100100001
0011010100100100
0011010100100110
0011010100101001
0011010101010001
0011010101010011
0011010101101001
0011010101110111
0011010110000000
0011010110010001
0011010110010011
0011011000000110
0011011000000111
0011011000001000
0011011000100000
0011011000100110
0011011000100111
0011011000110000
0011011000110010
0011011000110101
0011011000110110
0011011000111001
0011011001010110
0011011001011001
0011011100001000
0011011100010101
0011011100100100
0011011100110000
0011011100111000
0011011101101001
0011011101110000
0011011101110100
0011011110001001
0011100000010111
0011100000110100
0011100001100001
0011100001100100
0011100001100101
0011100001110111
0011100001111000
0011100010000000
0011100010010011
0011100101000001
0011100101000110
0011100101010000
0100000000000011
0100000000000100
0100000000000101
0100000000000111
0100000000001000
0100000000100001
0100000000100010
0100000000100011
0100000000100111
0100000000101000
0100000000110001
0100000001000001
0100000001000010
0100000001000011
0100000001000100
0100000001000101
0100000001000110
0100000001000111
0100000001100001
0100000001100010
0100000001100011
0100000001100100
0100000001111000
0100000010001000
0100000010010001
0100000010010010
0100000010010101
0100000010010111
0100000010011000
0100000010011001
0100000100000000
0100000100001001
0100000100010010
0100000100010100
0100000100010110
0100000100011000
0100000101010001
0100000110000010
0100000110000011
0100000110000101
0100000110000110
0100000110000111
0100000110001000
0100001000000001
0100001000000010
0100001000000011
0100001000000100
0100001000000101
0100001000000110
0100001000001000
0100001000010010
0100001000010101
0100001000010110
0100001000010111
0100001000011000
0100001000100000
0100001000100001
0100001000101000
0100001000101001
0100001000110001
0100001001110001
0100001001110010
0100001010000010
0100001010000011
0100001010010101
0100001100000001
0100001100000111
0100001100010000
0100001100010010
0100001100011001
0100001100100001
0100001100100100
0100001100100110
0100001100110001
0100001100110111
0100001101000000
0100001101000011
0100001101000100
0100001101000110
0100001101010000
0100001101100010
0100010000000001
0100010000000011
0100010000000100
0100010000010000
0100010001010010
0100010001100001
0100010001110001
0100010100000010
0100010100000011
0100010100000110
0100010100000111
0100010100001000
0100010100010010
0100010100010100
0100010100010110
0100010100011001
0100010100100001
0100010100100011
0100010100100111
0100010100101000
0100010100110000
0100010100110001
0100010100110100
0100010100110110
0100010100111000
0100010100111001
0100010101000000
0100010101000001
0100010101000011
0100010101000100
0100010101000111
0100010101001000
0100010101001001
0100010101010000
0100010101010001
0100010101010011
0100010101010100
0100010101010101
0100010101011001
0100010101101000
0100010101101001
0100010101110100
0100010101110111
0100010101111000
0100010110000001
0100011000010001
0100011000010010
0100011000010011
0100011000010100
0100011000010111
0100011000011001
0100011000100000
0100011000100110
0100011000110001
0100011000110011
0100011000110100
0100011001000001
0100011001010001
0100011001010011
0100011001011000
0100011001100001
0100011001100101
0100011001100110
0100011001101000
0100011001110001
0100011001110100
0100011001110110
0100011001111000
0100011001111001
0100011010000000
0100011010000001
0100011010000100
0100011010000111
0100011010001001
0100011010010100
0100011010010110
0100011100000100
0100011100001000
0100011100010001
0100011100010100
0100011100010110
0100011100011001
0100011100100010
0100011100100100
0100011100100101
0100011100100110
0100011100101000
0100011100110010
0100011100110011
0100011100111001
0100011101000011
0100011101000101
0100011101000110
0100011101100010
0100011101100111
0100011101101000
0100011101110101
0100011101110110
0100011101111001
0100011110011001
0100100000000001
0100100000010010
0100100000100101
0100100000100110
0100100000111001
0100100001001000
0100100001010000
0100100100000001
0100100100000010
0100100100010001
0100100100010010
0100100100010100
0100100100010111
0100100100011001
0100100100100001
0100100100100010
0100100100100100
0100100100100111
0100100100101000
0100100101010001
0100100101010110
0100100101011000
0100100101100011
0100100101100111
0100100101101000
0100100101110001
0100100101110011
0100100101110101
0100100110000101
0100100110001001
0100100110010010
0100100110010100
0100100110010110
0100100110010111
0101000000000010
0101000000000111
0101000000001001
0101000000010001
0101000000010010
0101000000010011
0101000000010101
0101000000010111
0101000000011000
0101000000011001
0101000000100000
0101000100000001
0101000100000101
0101000100001000
0101000100010000
0101000100100001
0101000100100010
0101000101000010
0101000110000101
0101000110000110
0101000110000111
0101000110010001
0101000110010010
0101000110010101
0101000110010110
0101001000000001
0101001000000010
0101001000000100
0101001000001000
0101001000010000
0101001000010100
0101001000011000
0101001000110010
0101001000110011
0101001000110100
0101001001100001
0101001001100010
0101001001101001
0101001100000001
0101001100000010
0101001100010000
0101001100110001
0101001100110010
0101001100110011
0101001100110100
0101001100110111
0101001101000100
0101001101010001
0101001101010010
0101001101100011
0101001101100111
0101001110000100
0101001110010001
0101001110010011
0101010000000001
0101010000000110
0101010000001000
0101010000010000
0101010000010001
0101010000010010
0101010000100011
0101010001000000
0101010001000100
0101010001000101
0101010001001001
0101010001010001
0101010001010011
0101010001010111
0101010001100011
0101010001100100
0101010001110001
0101010001110110
0101010010000000
0101010010000001
0101010010000010
0101010010000110
0101010010010001
0101010101000001
0101010101100011
0101011000000010
0101011000010010
0101011000110001
0101011000110010
0101011001011000
0101011001011001
0101011100000010
0101011100000110
0101011100000111
0101011100010001
0101011100010011
0101011100010100
0101011100010101
0101011100100110
0101011100100111
0101011100111000
0101011101000001
0101100000000001
0101100000000010
0101100000000011
0101100000000101
0101100000000111
0101100000001001
0101100000010010
0101100000010101
0101100000011001
0101100000100001
0101100001010001
0101100001010111
0101100100000001
0101100100000010
0101100100001001
0101100100010001
0101100100010010
0101100100010101
0101100100010111
0101100100100011
0101100100101001
0101100100110000
0101100100110110
0101100100111000
0101100101000010
0101100101000011
0101100101000110
0101100101000111
0101100101001001
0101100101010001
0101100101010111
0101100101011000
0101100101011001
0101100101100011
0101100101110100
0101100101110101
0101100101110110
0101100110000001
0101100110001000
0101100110010001
0101100110010010
0101100110011000
0110000000000101
0110000000010011
0110000100000001
0110000100000011
0110000100000100
0110000100010011
0110000100011000
0110000100110101
0110000100110110
0110000100111000
0110000101000000
0110000101000001
0110000101000110
0110000101010001
0110001000000001
0110001000000011
0110001000000101
0110001000001000
0110001000010000
0110001000010111
0110001000011000
0110001000100010
0110001001000111
0110001001010000
0110001001100010
0110001001101000
0110001001101001
0110001001110010
0110001001110011
0110001001110100
0110001001110111
0110001001111000
0110001010000010
0110001010000111
0110001010010001
0110001010010011
0110001010011000
0110001100000001
0110001100000010
0110001100000101
0110001100000110
0110001100001001
0110001100010000
0110001100010101
0110001100010110
0110001100010111
0110001100011001
0110001100100110
0110001100101000
0110001100110000
0110001100110001
0110001100110010
0110001100110011
0110001100110101
0110001100111001
0110001101000000
0110001101000101
0110001101001001
0110001101010001
0110001101010101
0110001101011000
0110001101100001
0110001101100010
0110001101100011
0110001101100110
0110001101100111
0110001101101000
0110001101101001
0110001101110000
0110001101110001
0110001101110011
0110001101110101
0110001101110110
0110001101111000
0110001101111001
0110001110000001
0110001110000011
0110001110010000
0110001110010011
0110001110010101
0110010000000110
0110010000000111
0110010000001001
0110010000010010
0110010000010011
0110010000010111
0110010000011000
0110010000011001
0110010000100000
0110010000101000
0110010000110000
0110010000110110
0110010001000000
0110010001000100
0110010001000101
0110010001001000
0110010001010100
0110010001010101
0110010001010111
0110010001011001
0110010001100000
0110010001100001
0110010001100010
0110010001100011
0110010001100101
0110010001110000
0110010001110001
0110010001110010
0110010001110011
0110010001110100
0110010001111001
0110010010000000
0110010010000001
0110010010000010
0110010010000101
0110010010000110
0110010010001001
0110010010010000
0110010010011000
0110010100000001
0110010100000010
0110010100000011
0110010100000100
0110010100000101
0110010100000110
0110010100000111
0110010100001000
0110010100010011
0110010100010111
0110010110000001
0110010110000100
0110010110000110
0110010110001000
0110010110010000
0110010110010010
0110010110010100
0110011000100000
0110011000100010
0110011000110000
0110011000110010
0110011001000000
0110011001000001
0110011001000100
0110011001000101
0110011001010001
0110011001010010
0110011001110100
0110011001110101
0110011001110110
0110011001111000
0110011100000001
0110011100000010
0110011100000011
0110011100000100
0110011100000110
0110011100000111
0110011100010101
0110011100011000
0110011100100011
0110011100100100
0110011100100111
0110011100101000
0110011100110000
0110011100110001
0110011100110111
0110011101000001
0110011101000010
0110011101000100
0110011101000101
0110011101010001
0110011101010010
0110011101010011
0110011101010100
0110011101010101
0110011101010110
0110011101011000
0110011101100010
0110011101100011
0110011101100111
0110011101101000
0110011101110000
0110011101110001
0110011101110011
0110011101111001
0110011110001000
0110011110001001
0110011110010001
0110011110010100
0110011110010110
0110011110011000
0110100000000000
0110100000000001
0110100000000011
0110100000000100
0110100000000110
0110100000000111
0110100000001001
0110100000010101
0110100000010110
0110100000010111
0110100000100000
0110100000100011
0110100000111001
0110100001000001
0110100001000100
0110100001000101
0110100001001001
0110100001010000
0110100001010011
0110100001010101
0110100001010110
0110100001010111
0110100001011000
0110100001011001
0110100001100000
0110100001100001
0110100001100110
0110100001101001
0110100001110101
0110100001110111
0110100010000011
0110100010000101
0110100100000000
0110100100000001
0110100100000010
0110100100000101
0110100100010000
0110100100010001
0110100100010100
0110100100010101
0110100100100011
0110100100100100
0110100100100101
0110100100100110
0110100100100111
0110100100101001
0110100100110101
0110100100110111
0110100100111000
0110100101000001
0110100101000111
0110100101010001
0110100101010010
0110100101010100
0110100101011000
0110100101100001
0110100101100011
0110100101100101
0110100101100110
0110100101100111
0110100101110001
0110100101110011
0110100101110110
0110100110000001
0110100110000101
0110100110000110
0110100110001000
0110100110001001
0110100110010101
0110100110010110
0110100110010111
0110100110011001
0111000000000011
0111000000000100
0111000000000111
0111000000010001
0111000000010010
0111000000010011
0111000100000010
0111000100000101
0111000100100010
0111000101010000
0111001000000001
0111001000000010
0111001000000011
0111001000000101
0111001000010001
0111001000010010
0111001000100000
0111001000100010
0111001000100100
0111001000100110
0111001000110000
0111001000110001
0111001000110110
0111001000111000
0111001000111001
0111001001000000
0111001001000001
0111001001000010
0111001001000011
0111001001000100
0111001001000101
0111001001000110
0111001001001000
0111001001010000
0111001001010001
0111001001010110
0111001001011001
0111001001100000
0111001001100001
0111001001100010
0111001001100110
0111001001100111
0111001001101001
0111001001110000
0111001001110010
0111001001110100
0111001001110110
0111001001110111
0111001001111000
0111001010000000
0111001010000010
0111001010000011
0111001010010100
0111001010010110
0111001100000101
0111001100001001
0111001100010010
0111001100010011
0111010000010100
0111010000010110
0111010000100000
0111010000100001
0111010000100111
0111010000110011
0111010000111000
0111010001000010
0111010001000101
0111010001000111
0111010001001000
0111010001010001
0111010001010011
0111010001010101
0111010001010110
0111010001011001
0111010001100011
0111010001100110
0111010001110110
0111010010000000
0111010010000001
0111010010000010
0111010010000011
0111010010010100
0111010100000100
0111010100000110
0111010100001000
0111010100010010
0111010100010011
0111010100010100
0111010100010110
0111010100010111
0111010100011000
0111010100100000
0111010100100010
0111010100100100
0111010100110010
0111010100110111
0111010101000001
0111010101000101
0111010101010000
0111010101010010
0111010101010100
0111010101011000
0111010101100001
0111010110000001
0111010110010001
0111010110010100
0111010110010101
0111010110011001
0111011000000000
0111011000000001
0111011000000110
0111011000000111
0111011000001000
0111011000001001
0111011000010001
0111011000010011
0111011000010101
0111011000010110
0111011000011001
0111011000101000
0111011000110000
0111011000110001
0111011000110111
0111011001000000
0111011001001001
0111011100000001
0111011100000010
0111011100001001
0111011100010100
0111011100010101
0111011100010111
0111011100011000
0111011100100001
0111011100100011
0111011100101000
0111011100101001
0111011100110000
0111011100110001
0111011100110010
0111011100110011
0111011100110100
0111011100110101
0111011100111001
0111011101000000
0111011101000001
0111011101000100
0111011101000101
0111011101010001
0111011101010010
0111011101010110
0111011101100010
0111011101101001
0111011101110101
0111100000010111
0111100000011001
0111100000100010
0111100000100101
0111100000110010
0111100000111000
0111100001000000
0111100001000110
0111100001100000
0111100001100010
0111100001100100
0111100001100111
0111100001101000
0111100001110011
0111100001110100
0111100010000101
0111100010010011
0111100010010111
0111100010011000
0111100100000101
0111100100001000
0111100100010001
0111100100010010
0111100100010011
0111100100010100
0111100100010101
0111100100010110
0111100100010111
0111100100100001
0111100100100101
0111100100110110
0111100100110111
0111100101000010
0111100101000011
0111100101000100
0111100101000111
0111100101001001
0111100101010001
0111100101010010
0111100101010101
0111100101010110
0111100101011000
0111100101100001
0111100101100010
0111100101100110
0111100101101000
0111100101110000
0111100101110001
0111100101110010
0111100101110100
0111100101110110
0111100101111001
0111100110000001
0111100110000100
0111100110000111
0111100110001000
0111100110010000
0111100110010100
0111100110010101
0111100110011001
1000000000000001
1000000000000010
1000000000000101
1000000000000111
1000000000001000
1000000000010001
1000000000010010
1000000000010011
1000000000010100
1000000000010101
1000000000010110
1000000000011000
1000000000100000
1000000000100010
1000000000100101
1000000000101000
1000000000101001
1000000000110001
1000000000110010
1000000000110101
1000000000110110
1000000000110111
1000000000111000
1000000001000011
1000000001010000
1000000001010001
1000000001010010
1000000001010011
1000000001010110
1000000001010111
1000000001011000
1000000001011001
1000000001100000
1000000001100001
1000000001100101
1000000001101000
1000000001110000
1000000001110100
1000000001110101
1000000001111000
1000000010000001
1000000010000100
1000000010000110
1000000010000111
1000000010001000
1000000010001001
1000000010010000
1000000010010001
1000000010010011
1000000010010101
1000000010010110
1000000010010111
1000000010011000
1000000100000001
1000000100000011
1000000100010001
1000000100010011
1000000100010100
1000000100100111
1000000100101001
1000000100110000
1000000100110001
1000000100110010
1000000100110011
1000000100110110
1000000100110111
1000000101000000
1000000101000001
1000000101000010
1000000101010000
1000000101010001
1000000101010011
1000000101010100
1000000101010101
1000000101011000
1000000101011001
1000000101100000
1000000101100101
1000000101100110
1000000101101000
1000000101110000
1000000101110011
1000000101110100
1000000101110101
1000000101111000
1000000101111001
1000000110000001
1000000110000010
1000000110000100
1000000110000101
1000000110010100
1000000110010110
1000001000000000
1000001000000001
1000001000000011
1000001000000111
1000001000010100
1000001000010111
1000001000011000
1000001000011001
1000001000100111
1000001000101001
1000001000110011
1000001000110111
1000001001000010
1000001001000101
1000001001001000
1000001001010001
1000001001010010
1000001001010011
1000001001010101
1000001001100000
1000001001100011
1000001001100110
1000001001100111
1000001001110000
1000001001110011
1000001001110100
1000001001110110
1000001001111000
1000001001111001
1000001010000001
1000001010000010
1000001010000011
1000001010001001
1000001010010001
1000001100000011
1000001100000100
1000001100000110
1000001100001000
1000001100001001
1000001100010110
1000001100100100
1000001100100101
1000001100100111
1000001100110001
1000001100110010
1000001100110011
1000001100110100
1000001100110110
1000001100110111
1000001100111000
1000001100111001
1000001101000001
1000001101000010
1000001101000011
1000001101000100
1000001101000101
1000001101000110
1000001101001001
1000001101010000
1000001101010100
1000001101010101
1000001101010110
1000001101011000
1000001101011001
1000001101100000
1000001101100001
1000001101100010
1000001101100011
1000001101100100
1000001101100110
1000001101100111
1000001101101000
1000001101101001
1000001101110100
1000001101110111
1000001101111001
1000001110000001
1000001110000010
1000001110000011
1000001110000101
1000001110000110
1000001110000111
1000001110001000
1000001110010000
1000001110010010
1000001110010011
1000001110010100
1000001110010101
1000001110010110
1000001110010111
1000001110011001
1000010000001001
1000010000010000
1000010000010001
1000010000010101
1000010000011000
1000010000100001
1000010000100011
1000010000100100
1000010000100101
1000010000111001
1000010001110011
1000010100010001
1000010100010010
1000010100010101
1000010100011000
1000010100011001
1000010100100001
1000010100100010
1000010100100111
1000010100101001
1000010100110000
1000010100110110
1000010100110111
1000010101000001
1000010101000010
1000010101000011
1000010101000100
1000010101000101
1000010101010000
1000010101010001
1000010101011000
1000010101100010
1000010101100011
1000010101100110
1000010101110000
1000010101110010
1000010110000100
1000010110000101
1000010110000110
1000010110010001
1000010110010011
1000010110010101
1000011000000000
1000011000000001
1000011000000100
1000011000001001
1000011000010011
1000011000010100
1000011000010110
1000011000010111
1000011000100010
1000011000100100
1000011000101000
1000011000110000
1000011000110100
1000011001001000
1000011010000101
1000011010000110
1000011010010010
1000011010011000
1000011100000011
1000011100000110
1000011100000111
1000011100010000
1000011100010011
1000011100010100
1000011100100101
1000011100101001
1000011101000010
1000011101010000
1000011101100110
1000011101110010
1000011110010011
1000011110010101
1000100000000001
1000100000000010
1000100000000011
1000100000000100
1000100000000110
1000100000010101
1000100000011000
1000100000110000
1000100000110011
1000100000110101
1000100001000000
1000100001000001
1000100001000010
1000100001001000
1000100001100000
1000100001100100
1000100001101001
1000100001110000
1000100001110001
1000100001110101
1000100001110110
1000100001110111
1000100001111001
1000100010000000
1000100010000001
1000100010010101
1000100010010111
1000100100000100
1000100100000101
1000100100000111
1000100100010101
1000100100011000
1000100100100011
1000100100110011
1000100100110100
1000100101000100
1000100110011001
1001000000000001
1001000000000011
1001000000000101
1001000000000110
1001000000000111
1001000000001000
1001000000001001
1001000000010000
1001000000010100
1001000000100000
1001000000100001
1001000000100010
1001000000110001
1001000000110111
1001000000111001
1001000001000001
1001000001000010
1001000001000100
1001000001000101
1001000001000111
1001000001001000
1001000001100010
1001000001100100
1001000001100101
1001000001100110
1001000001100111
1001000001101000
1001000001101001
1001000001110000
1001000001110010
1001000001110100
1001000001110101
1001000001110110
1001000010000001
1001000010000110
1001000100000001
1001000100000100
1001000100000111
1001000100010000
1001000100010011
1001000100010101
1001000100011001
1001000100110000
1001000100110010
1001001000000001
1001001000000010
1001001000110010
1001001100000001
1001001100000010
1001001100000011
1001001100000100
1001001100000101
1001001100000110
1001001100010000
1001001100010010
1001001100100100
1001001101010001
1001001101011000
1001001101100100
1001001101100110
1001001101101000
1001001101101001
1001001101110000
1001001101110101
1001001110000000
1001001110000001
1001010000000001
1001010000000100
1001010000001001
1001010000010010
1001010000010011
1001010000100010
1001010000100111
1001010000110000
1001010000110010
1001010000110011
1001010000110101
1001010000110111
1001010001001001
1001010001110000
1001010001110100
1001010001110101
1001010001110111
1001010001111001
1001010100000001
1001010100000010
1001010100000011
1001010100000100
1001010100000101
1001010100000110
1001010100000111
1001010100001000
1001010100001001
1001010100010001
1001010100010011
1001010100110001
1001010100110010
1001010100110011
1001010100110100
1001010100110110
1001010101000011
1001011000000000
1001011000000001
1001011000000010
1001011000000011
1001011000000101
1001011000000111
1001011000010011
1001011000010110
1001011000011001
1001011000100001
1001011000100010
1001011000100111
1001011000101000
1001011000110010
1001011000110011
1001011001110001
1001011001110010
1001011001110101
1001011001111000
1001011010000001
1001011010000010
1001011010000100
1001011010010010
1001011010010111
1001011100000100
1001011100000110
1001011100010101
1001011100010110
1001011100010111
1001011100011001
1001011100100010
1001011100100110
1001011100101000
1001011100101001
1001011100110001
1001011100110101
1001011100111001
1001011101000000
1001011101000010
1001011101000011
1001011101000100
1001011101000110
1001011101000111
1001011101001001
1001011101010101
1001011101010111
1001011101011001
1001011101100000
1001011101100011
1001011101100110
1001011110000011
1001011110000111
1001011110001000
1001011110010000
1001011110010010
1001011110010011
1001100000010000
1001100000101000
1001100000110000
1001100000110001
1001100000110010
1001100001000010
1001100001000011
1001100001010000
1001100001010100
1001100001100001
1001100001101001
1001100010000000
1001100010000010
1001100010000011
1001100010000111
1001100010001001
1001100010010110
1001100100000000
1001100100000010
1001100100110000
1001100100110010
1001100100110100
1001100100111000
1001100101000101
1001100101000110
1001100101001000
1001100101010110
1001100101100010
1001100101100011
1001100101110010
1001100101110100
1001100101111001
1001100110000010
1001100110000011
1001100110000100
1001100110000111
1001100110001001
1001100110010000
1001100110010001
1001100110010011
1001100110010100
1001100110010111
