0001011100010001
0010000100100001
0010000100100010
0010000101001000
0010000101010000
0010000101010101
0010000101011000
0010000101011001
0010000101100000
0010000101111000
0010000110000011
0010000110010110
0010001100111000
0010001101000010
0010001101000101
0010001101010001
0010001101010010
0010001101101001
0010001101110000
0010001101110101
0010001101111001
0010001110000101
0010001110010011
0010001110010111
0010001110011001
0010010000000010
0010010000000100
0010010000000101
0010010000111000
0010010001010001
0010010001011001
0010010001100100
0010010001101000
0010010001110111
0010010010001001
0010010010010001
0010010010010010
0010010010010111
0010011001010010
0010011101100110
0010011110001000
0010011110011000
0010100100100110
0010100100101001
0011000000100001
0011000000110001
0011000001000001
0011000001010011
0011000001100000
0011000001100011
0011000001100111
0011000001110001
0011000010010011
0011000101101001
0011000101110101
0011001000110101
0011001000110111
0011001001000101
0011001001001000
0011001001010001
0011001100011001
0011001100100101
0011001100101000
0011001101000111
0011001101110010
0011001110000111
0011001110010011
0011001110010100
0011011000100010
0011011000100011
0011011000100100
0011011000101000
0011011000101001
0011011000110100
0011011001000101
0011011001000110
0011011001000111
0011011001010010
0011011001010011
0011011001010101
0011011001010111
0011011001011000
0011011001100000
0011011001100001
0011011001100010
0011011001100100
0011011001100101
0011011100010010
0011011100100010
0011011100100011
0011011100100110
0011011100100111
0011011100110001
0011011100110100
0011011101000010
0011011101000100
0011011101000111
0011011101010001
0011011101010011
0011011101010110
0011011101110010
0011011101110011
0011011101111000
0011011110000010
0011011110000011
0011011110000101
0011011110000111
0011011110001000
0011011110010011
0011011110010110
0011100000010000
0011100000010101
0011100000100011
0011100000100101
0011100000100110
0011100000100111
0011100000110001
0011100001000000
0011100001000011
0011100001010000
0011100001010011
0011100001010110
0100001100001000
0100001100100000
0100010101100011
0100010101100100
0100010101100101
0100010101110001
0100010101110101
0100010110000011
0100011101000100
0100011101000111
0100011101010001
0100011101100110
0100011101110000
0100100000001001
0100100000010011
0100100000100100
0100100101110100
0110000001010000
0110000001010100
0110000001011000
0110000001100100
0110000001100111
0110000101100001
0110001001010101
0110001001100100
0110011000011000
0110011000011001
0110011000100111
0110011001010110
0110011001101000
0110011001110000
0110011100100001
0110011101111000
0110011110000110
0110100000110110
0111000101010111
0111001100010001
0111011100100101
0111100000101001
0111100000110011
0111100001010011
1000010000100110
1000011100010101
1000011101100111
1000011110001001
1000100100010010
1000100100010100
1000100100100010
1000100100100101
1000100100101001
1000100101000101
1000100110011000
1001001000000100
1001001110011001
1001010000011001
1001010001000101
1001010100010100
