40 255
0101000111011110010010010010011110010011
0101001110110001010011111100011100000101
0011111100101010001010111110010111011001
1010110001010110010010000011110001001011
1011011010111111010011100000100011110010
1000010100110101010100000101011010111110
1111110101111010000010101100011011110001
1101100001111100100110110101010000111111
1001100010101010101010100001100110000000
0101111101101110100110001101001000111000
0100010111100001101100101011011100100011
1101100110011101011011110110110011010110
0101100000001000000100111110000111110111
1001001010111011101010101000010100110111
0101100111011110001101110111011010111010
1111100101110110010101110000001011001011
0010001010010000010101000000111010000101
1110000100010010100000110001000010100011
0100011000111101010000010000111010101011
1100011000110011000100000111100100100001
0010101111110110001001101011110011011011
1100100000001100001010011111100000100110
0110101111100100010000111011111110101100
1010010110100001110110011011011010011101
1011111001101010111111101011111101011001
1010110100010000010101111111000001011100
0100011110001011100110111011110000011000
1001111001101010100100011110001110010110
0100111001110110010011011011010111010101
1100100011001010000001111010001100101001
1011110010110011101001111010011110000111
0100101110001101101010011101001010101110
0010000101010000010011111011000010100111
1011011000000001001101010111110000111001
0001111111101101000010100110010010011011
1010010001000011001100001101101010110011
1111111000011001010101101101101001000010
1010010010100001001111011111110010010110
1000101110111001110010010001010110010001
1010110110101010011110100001001010001110
0011111001101011010111100101000100111000
1011100110001110110010011101010001011110
0010111111111000100111000001010000011101
1010100010100001111110100001010010101111
0100110010111000100101001001110001011000
0111001111011100111001100111001011100101
1110001111101100111011100011100001010001
1110110000010100111111111001101011001011
1010001111000110111110011110110101100010
1000011001001011101011100101011100000110
0010000101111111010110110111111001001101
1101000111111100001101111111011010000010
0101000011010011000001011001001111000010
1111011101011011110101011010101010100001
1110011010111101110100011100111000011010
1001100110000001000010100001101000011101
0100101000101000110001011110110111000101
1110101001111100001100110110100111000100
0110111111110111100101000110111111000011
1000011111011110001011000000100001011010
1001011011110101001010100100101100011000
0101010001110111000000100000110111010100
0100101001110010010101000000111000010000
1110011011000011111001110000101101111101
1110000111001010110110001111110100100100
0110101001000110110001101101001000001101
0011101010011101000111011100010000111100
0001111010000100011101010110111111100110
0011001111101110101000111010110101001110
1111111111100010101111110010001000001111
0001111010111010100001011101011111001010
1100111011110000111000100000011010110111
1010001100010111100011011111101011110100
1011100100001110110111011011111000011100
0101010110101101101010011101100000110110
0111110011011111000000000011100010101000
0110001000111110011111111011010110000001
0010001111011111101001101001000000001001
0000001011110000001111100010111000011010
1010001100001101110011011010110011011011
1010011000011101011000111100001101010100
0101010011111101101111100001010001000000
1101010100010010101100100000010000011010
0001000110010010011010111010000100001100
1000001100110111010010110110010011111100
1110011111000101000111100100101111101000
1001111110110011010000101001101110101101
1010101010011001011010010100010010111001
1010100100011001111010000011110100110011
1010101010110011111111000101011101001010
1001011000001100001000100101100001110010
1010011010111001001111001100001100101010
1000111111000100100001101111000101110001
0101101011111000000110111101111111001000
1101001001110001011010001110110001001110
1011100111000000001000101001101010110001
1000010101010101000001010100011100100100
0001001010111010011011101001011100000110
1111111110011111000110011111100000001101
1101010100111100001001011111110001101011
0111001100010011000111000100011101010011
1010000101010010011101000101111101100111
1011001101011110010111010110010000001010
0111100100101001100000011010000101010110
0110011010100010010001111001111001001011
1001111101011010000000101111011011110011
0110111011100110100111100110110110111100
0100111101100011011010000011011110111101
0011100111100011110101011101111101001100
1011101000001110110010111010001111011010
0110001010110001111101100110010000010111
0111010101000100110011010010001100110001
1101101110110010111001011100010000111000
1001101101000011011011100011001111101010
0011011111001101111011000101100011110101
0100011001110111101011111111000011110000
0111010011100110010010100001011000111010
0110000101001010100011000111001111110001
1111111100010010101010110001001011111101
0011011111111100011110111110110000000000
0011011011010011001011011110011000110101
0001110101000010111101101000000011110110
0110111110100100001101111111010111011010
0110100110001001011110100101010101110101
1101101001100000101010111010000111100000
0110011001011011100101001010101110010100
0100011001110101001001110110100001001111
1010010101001101110111000010100101101000
0001101100010011100101100000001011111011
1111010101100000100001010001010110101001
1110100101010000101100100001110011010001
1110001111100100000110110111011010101111
0001111001001110000110100100110000001010
1100101111001111000010000101011100010010
0101101011011110001100100011000000001010
1100000110110100101011111010101000000110
0011010101101100111110101110101000011110
0011011100101100001100001111001011100110
0110111100010101100111001011000111101111
0000101001001011110001100011010000011011
1011111111000010000011000110010100000101
1111111101101001010110010011001100100100
0010010110000010011101110100010111001010
0110100101110101110101010001000000101110
1110100100000111101011111011100001101001
1010100001000110100001000000110101001000
0000011110101101111001001101000110100010
1000011111011011010001011101101000101100
1010010001001011010111011011111111010110
0111110100010001101111100111111001101011
0001011000011000100001001011010011111010
1001000000011011110111101000101111100011
1010011110010010011111010000101010010101
1110101111110001100010101101100111110001
1111011100111011010110111001101111110001
1111011001101000110101011110111101110001
1100110001101101100011101001010111111010
1101000010101111110100011110001010011000
1001100101001010111000111000001110010100
0111101011010111100001100110001001100000
1010000111001000010000000010101111000011
1000001110101101110011010001001011100111
0111110101100010111100101001011011011111
1101001111100100101001001101010000000100
1100011010100000001101101111100001010101
1101011001001000000010011010000011101100
0010101110011011100111000010101000001110
0010001011000110011000111010110000010111
0001111000001101000101100110001100000110
1001000011010101010011001110100011001001
1011011110110100001111101011010000110010
0110100011101010010000011100000100010011
1011010000111001101001000111101111111001
1010010110100101110110010000100100010101
0100100100001011110001111011000000001101
0101000010100011110100101101001110110010
1100010001011101111101011111000110110111
0101011010001001011000000100000011001000
1101000011010101001101111111100010001110
0100001111000110111111100101110000001111
0111000010100001111000011100010100101000
0111010111101100100100111011111000100001
0111111000001001101110000110110000111000
0000001110011101010011010010101100010111
0000000111011101011111001111111000010011
1011111111011100101101010110011000100001
0000111101010000011111010111101001011001
0001001011000110010111000111100010001011
0100100000110111010011001100111010000110
0001101100111110110000000110101101110100
0110000001111111000100111111111011110011
0011000100011010011001011101001100000010
1001001111101001100110001000100100000101
0111001001110001010001111110001011101100
0001011100111000011011110000100100111100
0001101000001001010110000100100000001000
1000111010111100001010100001001000010110
0000010010000100110010011010010011101010
0111100111001101011101001100001100010010
0011111010011010000100100110100001011010
0011010111111111100101001011001000011101
0010110110100111110100001011010101010000
0000110001010000101001010100101100001101
0100011010010011010001110110001001000101
0011110011000001010000100101001110000001
0110111000101011111110000011011000100011
1100100100010111100000111001100100011111
0100000001001110101000001110010110001000
1001100011111001110010110110001010011000
0100101010010100010011111010010101101000
0100110010110010110110111000110000110101
1110001001101011110100101001010001110100
0010101111000101111010011000101101010011
1110111010100100100010000000100010011001
0110011111100000001000100000011111011110
1110001101000111011010111011100101001011
0110110111001110111010010110011011111011
1000110000111011101011010100001100011101
1011011101111100001100001011011001111011
1001101110001100111101111010100001100001
1111010001010011010101001101000001110000
0111110101100010100000100011111010011111
0000001110000001011110100011010101101000
0101101101011001111110111010100010101100
1001011111000111011000111101111001001111
0111011100110100110111010000001010000011
0110000111111001110110101001001010001000
1010010101000001111000101101100010011111
0100000010011111011111010001001101011111
1101110100001011010110101010101111010101
0000001110110110000000100000011001000001
1001110011100100101111000110101010000101
0011011100111111001100010101111111010000
1100010110011110010110100110101001000001
0101001001101001011001001011000001000100
0010111101010101000111101111001011011111
0000100111000110100000111011100110010000
0000000101011111111011111010100100000010
0001100110111110101110001000110110000001
0010110101111111001100100100010110000010
0010011111101110011011110010000011111101
0011100111000101001111001111101111001110
0100011100111001010111010111100100010001
1010000100011000001110001100011111111100
0100001101101100110100011101010111011011
0100110101000100100001000010100011001101
1001110100110001010001000101001011000011
1011101011000110000000010100010110000110
1101011111001010100111001100110010010100
1010101000111011001001010111110000000100
0001110000100011001001000000110100101011
1010011111111100111111100110010011110111
0111011110111000111100010010000111111101
0111001001000011011000000000110101010011
1110100110000111111111100100011010110001
