40 255
0001010100111010101110011111011011110000
0101000110000110111101001011011110011000
1100010101100000000100100110111010011110
0111011101101000011101010110110100110001
1101010010011110011110010100111101001011
1001001010001110111101101101001000100001
0001100000111110000101101001110010111001
1101011011100000101101010111000001001010
0100010101001011000010010010101010001101
1000000100010001111001001111101001011011
1100011000101100110100100101010100010111
0100110110101011010100010001000101111001
1111010000101000101011010111100011111100
1101010001101101001100101111100010111110
0010110000111110010110110101001101110010
0010001000101001100110001101111110000101
0011111000000101010000001111100100101110
0111001011101110100010111010010011011011
1010111011100001111001010101001101011011
0111010111000011001010111100111001000100
0110011000101101100001011111111000100000
1101101110011110110000010101010111001010
0001110001101001110101101100111011101100
1111010011001100000010111000001000011101
1110011010011101110100001001001101100100
0111011100110100010000100101011111111000
0111100101011011100001000111110000101011
1101000101011100011100100110000101111110
0011111011001010101000100001011011111111
0000001000011101000110111100001010111011
0111001010110100101000101010010111000110
0010100000011010001010111001110000011111
0010001101110011111010101000000101110100
1010011010010000001100100110001110111001
0110110100001000111110101010001110001101
1001001011001011001101101001100110110110
1001111000011011011111011011100011111000
0000001001101101000110000100001110010101
1010000101110100000010100111000110110001
0000010000101100011000111001000101111110
0111011100110010001000110001100100110011
1101111110101011000010010100110000110111
1101101110011100001000010000110001010011
0001110001011011010100110000011011011000
1111110010110010010111100010001111110011
0011111110100110000111001000110001101110
0101001111001001111001001110110001110001
1001101011111111111011100110111101010100
0111010111010111000000111110111000010001
0101100101001000011110100100110110001110
1010010111001100101101111011111101011111
1110111001011111100011011000111111000101
1111000010111111101111101110010110010111
0110111001010101110111101011011110110111
1110000011010011000100011000110011101010
1000000111101111010101100111110110010101
1000100110100110110100001100011001101001
1100000111110111001110010001111101001011
1101010011010011010111111001111000010101
1011111110101110111001001101111000101001
1001001001110001011010010111100010011101
0110011000110001100101001001011011101010
0001000001100100011101101000000100100110
1100110100111111011010001111010001011011
0101101110001011001101110110111101111101
1001001000001110010000011100101000110001
0000000000000001000001100000000011111001
1110110011010100011010011110110111000111
0000010011001101011000100111111101011000
0111111111001110111010100100111110101010
1110110100001010000100011101101000001100
1000100100110010011010100011110001000010
0111111101100101110011101011011001010001
0011100001100100111100110001010011010101
0111001111110110010001000001111001010001
0101101000111100101010010011001101100011
1001000101100001001000111110111001101111
0101101010111000100100011010011111101100
0000110001100010011000101100111000010100
0010111101101010001110110110101000110011
0110001110011100100010101101000111001000
0000011011010110000010110001110000110100
0010000010101000010010111011000001101101
0100111110000001101110010001001110111010
0010001010001001000101010100101100010101
0110101010001011100110111000101000010100
0000011111000001101111000010010110000000
0001011001100011101010101100100100011100
1001111111011101011011110110000010111110
0011110011000100111111011010011110000000
1110001011111100100001100100001010011110
0111011001001001111110100000110010001000
0010101111111011111001101100011101011011
1010100010110110011111111110101011010000
0100111100001111011010011100111111101110
0001111111010100100101101010001100000001
0010110011011101101110110011001110100111
0110000010011101110011010101001111110101
0000100001011001000100111111011111111011
0010110101011011000101100010101111000011
1100011110111100001001001101111011011011
1101101001001010110101000000011101111000
1110101110101111000010000100100111000000
1101001010101111111100111111000010110110
1110110011111100100101000110000111011110
0100011111100101010010101010100101011101
1101001011011010110101000001101110110000
1100001110111011101110011000110111010000
0000101101111101000000110111011100010101
1000111111110101110111110110001010101010
0100100001101101010100110100010100111111
0000111010100101111010100110111000100001
1101110000110100011000001000000110001000
1101110100110110010001111111000101011001
1100101101001010011110010100111101011101
1011000110110011100001010111111001000010
0101100000111100010110110100100111100100
1110110011010000110001101101011111110011
0001101100100110111111001111000011111111
0010101111110111010101000100110010110111
0010100100101110110110010011110111001111
1101101011010110100000000110100110001111
1100100010000110110111010000011101111110
0101110110001101010110001010101011000000
0010011011010101010010001101101001011111
0101110101000100001100111111111101010011
0100000101101100110110000101010101101111
0010001000000000001010111011010100111010
0111110001101011010101001010100100010101
1001001000011011000001110101110110000001
0101000101100000101011110011011101000000
1011101000111010010010000110000110010101
0010010011010100010010110000000111111100
0011110100101100110001101101001000111000
0101111000100011011101100101110000000010
1111111001001100010010001101100001010111
1001001100100010111011000101011011100001
0101101100110001110010111000110110111101
0100101110011010100111110110110000010110
1001011001001010110001110011000010110001
1000000111100111011111101000010111110011
0011010100001000100111111101101100100001
1110000111101010011101110110011101111011
0011100000000111000001010110110110000110
1110011110101101100011000000101010001100
0000001111000110011011110001010010000010
1100110101010000001101101001110101000101
1010010101110100001000111110000010111101
1101110111111010101011001010111110010010
1101110101001010000101011101011110010000
1111010110110011011100100111101001001111
0110110001111011100100001001110101011100
0111011001011010000011010101011011111010
0100011011001000100001110000010011001011
0100101100100101111011101110101110110101
1110100100001000111010110110101010010101
1010100110101001010000101001001111010101
1100011000100101110101000101110001111001
0101110000010001010001111010111111001101
1000011110101000001001111000011111101111
0101011101010001110101001110001110001101
1110010000001100110010011111110101001011
0101001001000100110010110001011001001000
0101111010111111100010101000111001111011
0011101010011101111100111101011011001100
0001011111110101111111011000011000000011
0110101010011001000100000011100000001110
0011001111010110011010100001001011011000
0110101000110101000110001101000100011010
0000100010111010011110101111011010101011
0001000100011100110100010110100011111100
1110110010000000110110000000010011010111
1101010111000110101001010111001110100011
0101101101001001111010011101110011110100
0001101000110011111111000011000011000101
0001101011100001001100100110111110110001
0000101010111111011000011100001010010110
1010001000010100101001110011101010111010
0110111110010111111100110011100000111011
1011011101011110000100111100111011010110
1000100101110100011000100101111110100101
1011111110010010010100011001110010111001
1111011101010111111110011011101101000011
1101100101000100101101000111110001010000
0000101111011000101000011100101101010100
1000001001011001110111010000110001101011
1000010111111001001001000100001100011110
1010011101101000010000001011110010110100
1100100000001000001111100110101111111010
0010010100111010111010011000100111100000
1010101010010001101101000011000100000010
1011111000010010111101111000001001001010
1010010011110101110000100011000110010000
0000111001001101101001101010100100010011
1100100011001101001001011000001001100000
1110001001001111010111101011011101111100
1110010111001111101101011111011100010111
1101001101100011111101001110011110101011
1110110101101110110010101011010011110010
0011100011011111110110011111010001011011
0101101011111101000101000110001000100100
0011011111101110011011000001010011111101
1111100101000000011001101001100000010000
0000000011001000000111011011100010000101
0001110100110000000100111110100000010001
1001011000001001110100100011111010110110
0010101100110100011100110100000001001111
1111010010101110111100111011001111000001
1000110000110011001001100001100011001100
0011000011100010100001111100111000011100
0010010100010010110110011111100000010111
0001001111000011000100101010000011101100
1111001000111010010001011110000101000001
1100101010111000100100100110100010111100
0101100001100010101000001000101001110101
0001111010100001001110001000001101100000
0100101101001011110101010011000110100110
1001110010100101011110111011101010101010
1001101000011011001100010001100011000001
0110001000111011000111110111000010111111
0110000110000001001101001010010010001110
0111100101000001001100000011010000010101
0100011010000001101000000101100000110110
1101110000001001110000110001001110101010
1010001101110000000011010010010100101100
1111101100100110100101000001111011111011
1010101010010100011111001100011011000100
0001110001011001100001111000001101111011
1100101010100000011001000110101111100110
1111010111100101111011001010011001011101
0001011000011101100110010001010111000111
1011110110111110001010100111010010110000
0010010001011010001101001110010111110001
0110001101110001111110011010101101000011
1100000100110011010010001000111100010010
1001001001101000111010111111111111100000
1011101001011110010010000000101101110000
1011101010100011010111000000001000001010
0111110111010001101000111110111001000110
0010110111101010000110101011010100100000
1000010011111110010101100110100001100110
1011001111111000001000001110001001101101
0010101111100000000001100000000101111010
1111011110001111100011001011011011011010
0100101000110110101111111100011010111011
1100111111011111011010011111001000011101
0000010010010111101101111110111001111010
1011000000111001110111100001001110001011
0010100110101010111100110000100001011010
1100000101000100111010000000101100100111
0100010011010000011000001100010110101101
1101101001100101100110010001010010100110
0001100110101100001110110010000010111111
0001000001111000110101010110000111001111
0010110011001110110101011110011110001101
