40 255
1111010100001111000100011100100000100011
0010011101001100010111001001100001000011
0001010111100011011011111001010000010101
1000101011000010011010011101110000001110
1100101100001011001101100101111111101001
1100000010101100100111011110011001101100
1000010100101110001110101010000110111010
0101111110011101001101111001101101110010
0111000110111011010110111001000111101000
0101000010110001110000100001001001110110
1001001000000001100110101000101100101100
0110100001110110100011111000111001001000
0101010001011111110110101101011001011011
0101011000011101001000100001000111001101
0100100000100000111001010011001000011111
1111111001100111111010011101100011100001
0010001000100000010001111011010100001101
1010001110010110011110111111111011101011
1000001110110011111000011000011110001101
0010101000110101110110101010000110000110
0000000001111011111010010010011011010010
0010110010000111000010001110110011010111
0000010100110101010111110001011111000011
1001001001100000001111110011100000110101
1100100011111000110110110001011100111101
1011000000110101100011010011010000110110
0000010101101100111111010111010110001001
0001101010100010101001100111110111001110
0001110011110001101011111011011100011001
0010000111000110011101111110110100001101
0001110011000010101011011101001111111010
0110000000001110001111111000110000000011
1101111101001001101111011001100110111101
0011110100000010100000100000001111110101
1101110011001111010001001000111001110111
1001101100011100100001001010111101011100
1001001100011101011100010011010001110011
1010101110010110001100010110010001011110
1111011001010011001000001100010100111101
0001011101110111100111100001000000001111
1001000100100110111010000100010011101010
1111110001100111010011101100011110111010
0111111110100001110000110010011000011110
0100011000010010001110110101100000000011
1100101011111110110000011101101000001101
1100111000100010110101011000000010000011
1111111010001100000000110110010101111101
1110111000001001100101010001110110011000
0110111010111111000011100010110011111001
1110100001110001110111101011101010101011
0100010110111110001101011101010111011000
1011100100111010010110010010101011111010
0011111101000000101000011100111111100010
0110111101101100010111101110100010011000
0001001010011010010100000111111101010101
1011101010010111010101011001001101100010
1100010011010011100000010110101100000011
1010110001110010010011101011110010101000
0110001100100011111000011010101110011100
1010111111101001001011111000011000001010
0011101000000011000111111011010011101111
0100100111101001010010010000011100100000
1001000100100100101010010110010011010101
0110001000100110100100110000011010101000
1100010111000001101101111100111010000111
1001100111101000001100011100001001010011
0011101001011010110111101111101110010110
1111001011011011001010101101001000010101
1000011110001010000001100001001011001000
0010101011110011011110101101100111011100
0110001111010111001000000111100011100001
1010111011001000110000011111011101110110
1000010000000101101001000001110111011110
0011010111001100110101100111100010101011
1001110110010110100111010111100010011110
0011111110100111010110101101000000010111
1001001011100110111001001101001110111011
1100100001001100011101001000101111101011
0100011111101010111111101110111110011101
1011110111111001101000001100011100110010
0100000100101101000001000011011011001010
0010110011000000100000010100110111110000
0011010010110110010010011000110110110001
1111100110101000000111010110011001000101
1110111001101010111101000001010111000010
0111010010111011101000011101001100011101
0110101001000010010111011110111110101100
0101011011110100000001001101110111100110
0000100011000001101110100000000000110000
0101100110001011010101011011101010000001
0111100111101000110101100001010011000001
0000111010010111011110110101100110101101
1001000110001011111110000001001100110010
1100000111011100011000011100001011101011
1100001011110101011101100100100111101100
0100110101110001010011010110100100111101
0011111001001001100110010010111100101000
1000101101010010101111101010110010001110
1100101101110101001111111110001100011100
0010111111110001111010111001100110110000
1101110011001110110110101110010011000100
0001111100001000111100100000110011100101
0011010001100101001000001001001000101101
1110100111010100111001010100110101110001
0001001110011011000011000011110001011011
1010100000011010011110110101111101101010
0001000011101111011011000111001100100011
0010010011010100011101010111011110001111
1111011111011011100101010100111011101011
0011001100001100100110111011001111000001
1100001100010101010011011001110001010111
0001111011100100000010111010011010010101
1100000100100000110101101110101110111001
1011001000110101011010110011000111101110
0000100110000100001100111000110110101010
0001000111110010110101001001000011110010
1011100011111100011001000101000000010001
0111011101100001011011100110110001000100
1001111000011000011001010100110110010111
1011110110101110100001100010000100110011
0110001101010000111110100011111010101001
0111011101000000111001100011010000001010
0101000011000100110110111101010010101101
0111010111100001010000000100111111101010
1000101101110000011111100000000101010111
1110100110110000110010101111011110001110
1011010110100110101000110000001000010111
0011001000100110000100101101010010010011
0010110100110010011110100101010010010111
1100001101010001110011111001010100000000
1110110001010110101110000000101010010000
0100001001011000100100000001110101001110
0000001011101111011010001010000100111111
0111101111111010011000110111110100010000
0011110001111011011010110100001000000111
1101001101000111011011010001100110101110
0011000000111010110111011010000101100001
0100101010010100001110000001011110111011
1101011110101110010001011110011011010001
0011001111011101100000001001110011100011
0101011000000101111011101111111001110110
0111101010100100110001110010111011101000
0101111001001100100011111001111011100011
0011010110111010101011100110001000000111
0110011110001100001101110011001101010111
0010100011100101001000101000100001011001
1001011000001111101000000011111111100101
0011110011110010110101100001011001010000
1000110000000010010001101111101001101101
1010000000110100000001110011001010101001
0101001101000110100101100110101100110011
0110001000010111110010111101010111011100
0011101111001101110100111001111001101101
0000011111111111001101001111010101100001
0001111111010011101001011001111000100000
0110011010010011111101001011100111101101
1110101001010000101011101110101110101001
0110111011010101101001000010000010110100
1110011010010011110110111001110111000101
0001010100110010010111000101000000100101
1001011100000001010111011000100011010010
1001111101011111011111100110000011011111
0001011011011010000111101111010001011000
1001111010000111000110011010100000001011
1010101110001110111001101001111010101010
0000100001111110101101100111100101100010
0111000110001111110101101111000000001001
1001100100111011100101100000011100111101
0001110011100011000101100101110111001100
1110000100100101010100001110111100011111
1101110001001011111011010010011110111111
1000001110011110011110001000110101000011
0011000111111100011101101100000100110010
0010010000101011100000001011011011110010
1011010110110100001001011100111110101001
1101011011100011011011000101101000100110
1010101000011000000010010110111001011101
0110010010010001000011111001010011101100
1010110001110000011001110010101110000001
0110110011110001110011111101100101010001
1101010011110100001011000000101111011100
1011101101101001110110010100101011000001
1010101011100110111111000100000110101000
0010101100111001111010101100110001101001
0000100110010110010110001000111110100001
1111100110111001111101001100010000110010
0111001100000100101100100111101000101111
1111001100000100100000011011111101011100
1010111001010110010011010010100111101011
0101100101111101000101011111101111010100
0101011001001110100001010000101110010111
1000010010110100000010001111001000110011
0001010111101100101110101001110000101110
0110011010101010110100011101101110001100
0101010011001001011100011001101010111000
1101011010110100000101111010011011010100
1001011011001110111001110010000001010100
0011110000000010000100110000011011010011
1101000011110101010001001000001101000110
1101101111111010001111111100111100111110
0000111011111011011110010001000011101101
0001011111101110000111000110011100010110
1101101000010001010010011100011000001111
0011000110010000100000001010000000110011
1001001111100001000100111010000110110000
1000001101000101100111111010101010111100
0000101100111110110101011111001110101100
0110001010000000000100000110101011000010
1111100010101100010100101101010001110001
1100110000111111011000010000101100011110
1111011000000111000011000100111110100000
0011111110011001011101000000001100010111
1000111110110101000110011111100101110111
1100000110001001010011001000010100100101
0101010010000101101010111110100000010000
1000111011001011110111111100111100010111
1111111100011001111110000001110101001010
1011010111100110011011110000001001010001
0001011000011011101100111001100010010011
1010100101011100111010000010100011010100
0101000010111101011011000101010001111111
1110011011011100010101010010110110101110
1111110000100110010111111011001001110011
0111001111011000010110100111001110001111
0011100100001000010111010011000100010000
0011111000010111111010101110111101111011
0101010001010100100001111011111011111110
0010110100100110010101100001100010010000
1001101111111101111111100110111000110101
1001100101001000000100100111111101101101
0010000011000110110011011111100100001011
0111001101101100110110101110001011100001
0101010010110011101011101101000000111010
1010001001011010010010111110000001011110
0101100001000000100011110101110011001110
1100010111110001000101110100100100111010
0000000101100010011001110011101101001011
0011000110010010000010001110011100101111
1001111101000101001101111101110100100010
0110010000001101011101111000101111111111
0000001110110011111101111010000000110100
0011110010110001001000011001000001010000
0010101001100001011101001111010101111011
1100101000011101100101010101101001001101
0100011111001100100100101001100000001101
0000011011001010101101101111111001011001
1110100010001001110101011010110011001110
0100010010100000011110111110100011101100
1010100111001011110010110010101000001001
0001110100100000110000001001011111100111
0000010011101001110100000000011010011001
0011001001010110111101001111001100001111
0000010100110110010111111001000000010100
1100001000011000011111110010010001100100
1001011110011111101000100000110110011011
