40 255
1101011001010011100010011100000100011010
1010110010000000001101110011000010100100
0111011110100011011010011001001110011101
0001010111100010100110100010101101111011
1001111101110101001000111011101001100110
1011101011110000010000000101011101001100
1010010001100100001110010101101101010010
1111001001010001011011101110000111001100
0000101100100001101001001010111110111100
0101100100101011000111000001011110111001
1101101011000001101101101111101110100011
1000101001011001011010001101111010001010
1001100000101111011011001011101011101011
1000000010010000010100010110111111011101
0011111110010001110101111001010000100101
0001110000000100010110111000111001110101
1110111111110001101011100111001100100000
1000000101001111000100011011001111111111
1011100111101010010100010011110111011010
1111110001010001011110010010111110010001
0000000001101100100001101110111101101011
1000111100000001100000000010101000111001
1100001101100100101000010001110111001010
0011010110100100011111011011000000011100
0001111001100100001000111010110010100110
0001001100100110110100101001010000011000
0011110101110111000101110110000111100110
0001101011100111000000010111001111111010
1100001001000100000100111011111111110011
0110000101111001000000110010001010101110
1000000001011100101100111100100010111010
1100001110110101001101000010101110011111
1101111010110000100110110111101100011111
0010110111111001001110001000100011111100
0000110000111000110111110111111110010010
0011010001101111110010110100101100110010
0000000111101010010101010011001111111001
0011011011001001100111101001000011000010
1100000111010111110111010010100110100010
0011010111011000000000110001001100010001
1010111111001001100011111000001001011011
0000010101011101000110001101010011100101
0111111011001101011011110111111000111000
0111100001001111111001001000110000010101
1000000010001100001110111100001000111110
1111000000011001011101001110001010001010
1011011111101101000101100001110101001110
0100101011111101010111101111100111010100
0101000111100101101011001100011110110100
0001000110011001110111111111011101111010
0110101010101000011110000001010100111011
0110000011001001110010110111100011111101
1000001001100111101011110100000010011100
0011010001101111111100001101001001000111
1011001001010111101100110001101001000010
1101110110001010100111001101010001000111
1010011010011100101010000111110110110000
1101011100011011001010000001110111010100
1011011000010110111100101010111001111010
0100110110010101011000101101001110111111
1111111001001001010001010000110110101000
1010001011111101110011101011000001010101
0000001111011111110000101000011111011001
0000110010111100000100010100100111100101
0101001010001100001000000101101001110111
0111111100011001000011001001110110100111
1011111101101101011100111001100000100011
0000101100111010010001110000000111011010
0111011100111100101100110011101000111101
1111101101101100101100001001000001110001
0010110001010000011100101000100000000111
0000101000100001100111001100000011111111
0100110100010101100011011111111100001001
0110011111111000011101011010011110000100
0010110110010010001011000101101011111100
0011110110000000100000100001110001101110
1101000100010000101000101001010100100111
1110000101011100001111011000111011110100
0111110111001010110000011000111100101001
1000111110000110110010111111111101011101
0011000000001100111001110011010000111001
1101110011010000111101001010101011111100
1000011001101100000101111001001100110011
1100111010001001101100000101011110000100
1100101010101100100110010001110011101110
1000010000110110101011000000110001011000
0100111111111110110001011110011010100111
0111111100000100111011111111010101101101
1110011001110100001001001111110010001011
1111000100111100011101000101000110001110
0011010000111000001011001100010010001110
0001011101111100111100000001100100000001
1010101100110101001111011101100000101100
0110011000100011001011101100001010001000
1100000011011101000111001011000111100000
0011110101100111110010110111011000100011
1001111111100100011011110111100100001100
0010110001000100101010100001001010101110
0111111101111001101101111011100101110100
1000001100101101011011011000111001100100
1100011001001010010000001010001101101010
0011101000110011100100010110101110101111
0100110001011001000111011100100011110011
0111100000110000101111001111101000011001
0100110001110101001101001110010011011100
0010010000010010001001111001111101100111
0111110011001110001100100010000111000000
1110100011010110111101011110101110110110
1110110011101010111011110110100110000100
1110001010001011110111011011011111010011
1111100000111001000010111010100110101011
0100100011111101001100001000111011010010
0010000001000001011110101110001011010010
1110001000111010110101011111101010001101
0000101001010100000111010101011001101110
0000011111011110000010000100100001000001
0101100110101011110001101000100110001101
1011001110010010001010010011100011001100
0000100000100101011001001111001111011110
1100010100010001101010010000010110101100
0100011011000110010100110110110011011110
1010000001000100101000111010011001111010
0110011101010110001110010110111101000100
0011110010000010010001001000000111101110
1111001100111100101110111110110101000100
0110000000100010101010000000000011010111
0101000011000110010110111110011010111111
1000100100001101111100111111111101110000
1101100100000100000000010101110011010101
1011000111100101100010001101010010101001
1010010010010000110000100100110011100101
1111001111001000001001101101011101101111
1101111101001010010101111111001011001000
0101011100111000110010001101101101001010
1101001001100110011100110000001100000000
1101110101100101101101111110110101100010
0101001101011010001101010000000101110010
0010101000001100111110100101111111101010
1010110111101000000101110001110001010010
1010101101110110110100011000010001100001
1111111100001001011110111011011110111001
0001011100010100111101100101010010001000
1111100011111100010001011011001101010010
0011000101000101010101010011110111000000
0111001110111001001110101111011100100100
0000011101001000110011111110001110111001
1101110101111111111001011100111010011001
0001011110100110101101011011000110010101
1011011011111101111111101100100001101000
0001001000010101010110101001001000001000
1001110100010001011110000001100100110110
0000111010110110100100011111100100010101
1100101010101100000100010110001100010011
1100110000100111100111110011101001111011
1000111100000101101010010000101100101110
0001111001001011011101111010100010011000
1011110000110111000000001011001101000000
0001101001110011011001011001011111001100
0110101000101001001111111110110011101111
1110111111000011001100100100000001001111
1100101001000111000101010011110000100101
0100111010001000010101011110110011010001
1001000100100110000011110110000011000001
0111000000100100001100011001010010101000
1010110101101000100000100011001011100101
1001110000101011010010111001000001100010
0010100100101010110010000111011000111000
0101001000111000000111010101001100010100
0010001011100011110111111001010011000011
0110101000111110001000001100011111101100
1100001110010100101101100111011011111111
0111001110001111000001010001010011100010
1001101000100001110101101111001001001110
1001101101110011100000000011101111011100
0011111110100011010111100100111001110101
1111110110100100011011000100100010100100
0000111100111001110010010101101101001100
0110001100111101001011000111010110101011
0101111100110111101110100000010010111110
1001001001101110011110101001101010110010
1111110011001001110011110110100101111110
1101100100000110100111101110000011001001
0100110101000111000000010000101010100001
1011110101011100100111110001001110011000
1010110010010100000010010110010100001100
1001100000010010110100110010101000011001
0100000100100010001000001101000100011100
1101010101110010000100101110010111000110
1101011101101100000111111000011110011011
1011101110111101111001111000101101001110
1011110001001000111011110001111000011000
1101110100000100101110110100010001000100
1101011110111011001000011100100001101110
1011101000011111111100000111100011100101
0111001100101100011101110001000101010010
0100001111000110101010110001011011000111
1110001100110001100010000010111011111001
0101000011100101100101101111101001001100
1010111010110100011101001010101101011010
0010110010010100100111111101100010001001
0011011001111110000010110001101001101100
0100010010110001011001110110101001111011
1010000110010110011100011101110100010010
1100001101001010110010100101101010000011
0101101111111100000001000000110111001111
1101001110001000010001000111111000010100
0111011001000000100000010111000110101011
0101101110111011000111001101111110010110
1110101111011000110111001000011010011100
1000001100010011010111100101101010110101
0010100001011110110101101001000101110100
1101110010001101000000111000101010000100
0100010110111111110111110100000100001100
0101110101110101101000100101000010010001
1010010111110110000011111111011001000100
0100111110110010101111100110111011111001
1100010010111010111101101001111011011000
1000100100101100011100001001101001110110
1010000011100100111110010010110110001000
1100001011100000010000011001101010110001
0000101011110000000111001010100110111010
1011010000100111011110011100110111111111
1110110111110001011111100111001110011010
1001101110010111010010010110011101110111
1111110111110101011011011011011001101010
1000101110101010010101111101110111110100
1010001010101111000010001101110010001101
0011101101011000001000110001100001001100
0110111001111100111111111000011111110100
0100110011111100001000010111100010100110
1010010010011010001100110000011101110011
0110011010000010101000010010111011100010
0110000101000001000001101110001011111010
1110100110011110110010100110011111011001
1010010101011001000000010111011100100110
0001100100010010100101101010011000101000
1110001110011110011101001001001101001110
1100000001000011011111101101010001110110
0001011001101100010010000001001100111010
1001111001000101011101100011010110110011
1110001101111101101110100011110100100101
0001100101010110101000000101101111001111
1111100011010010010001010010001011001010
0100001001000111010001001100100111101100
1110001101111110010100111111101010010110
0111011100000101001011001001110011010111
0011100000000100101111110110010111100110
1101111111001010111111011010011110100011
1001001101110011010011111100111000000110
0001110100101011010100000011001100000110
0011011010101111111101010111011100110001
0000111000110010101111001110011010100111
1111011100011100111000000111111000011001
0001001011111011000011101100100100101111
1011111111011101110010110010001011001111
