40 255
1011101001101111111011110001100001110110
0101010011001100011101101010111101000010
1000011101000011010001101010000110010101
1001011000010101110010101110110011111100
1100100000100001011110001110110100101100
1001100100111010110001000101001010100010
0010000001000010111110010111010110011011
0010101001000010110000100110111100110101
0001110110101110111111001010100001101000
0111011011010010010100000100010100001101
0110000000110101101000011111001101101000
0111100010000110011101110011111001110011
0101000010000000011010000100000001101010
1001111100101001110111110100110010001101
1000000011011111001101101001010101011101
0100010111100101001011000111011001011001
1111000011111101011000101110110011100111
0001000010011010100110110000101111110000
1011000100110001111001001111001010100010
1101000111100010100010111001010111010001
1001000011010000100000101011000011010011
0001011000110111110111001001001100001100
0101000111101101001000001100010010111000
1011100010101010110100101110011011000010
1010011011010101100101111111111011100111
1111101101001111000110010011101111001001
0000111101100100100010101101101011011111
1011101110001110101110000111101000010001
0100001100000100100111000001111010101100
0000011101001000110001101100010010101111
1110111001110100100111001001110001101100
0000110111101100001001100101011110100001
0001011011100100000111101111101000111101
0011110111000001001001011010011011010001
1110110001001111101000101000000101001100
1111000100000101101101110000000011100011
1000110011010001000011100011100100100011
0100010000010101110110010110110110111101
0101010000101101001110110001101111111110
1011100101111111100100011010110100100100
1000101110101011010110010010010100110000
1101101011011110100111111100101110101010
1101110100100010100011011000100011111000
1010101010110101110111000101000000000011
0010101100100010111001001001011110001000
1001110110110110100100101100101110111000
1000111000111001101000101101010110011001
1010110110011001100000110111011011100011
1100110110111011101010010000100011011011
1011000101010111011100111110110100001001
0101100100001101100100011100001011011001
1001110111010000111110110101101010110001
1011101101101010011111001010100000100110
0100100111100011101100011101111010111101
1011110100100111011111011001100001101101
0001101000111101111100100000010100000110
0110111100111010000011000011010000000001
1110001011010110110010101001011100011000
0011110101010001110001001111001000000011
1110101001001110001111010000001010110000
1111110100001110101010011010101000111110
0111110111101010110010111111100101101110
1110001000101100000001000011111000010000
0110110111111100011010001110001011001100
0101000011010001011100101101000011101011
0101000000100100111000100101011001100111
1110100111001000001101000110101011001111
1010011001011011101001111010010101000000
1010100011110101100011011001100011000011
0100001101010001011111111010101001011011
0100101101110100010111011110010010101110
1001100111010001110011101101000101110111
1001010100111010110000000111010000011010
0000010101001001101111010000110011100111
1110001010111010010111100101010010000001
0111110011100010111001100010010010111011
1011011111000010111110111011101110000011
1000111111000010110011100001011011010000
1100101111011010011111100000110111010101
0001111110010001101011100101110111111010
0010111010011001010111010100010011010110
0111011101111111010000000111111010001110
0110110011101101010110011111110001001010
0111000001000101110000101100001111010111
0110011001010010101001010011001101101111
0101000000101110111101111110110101011011
0101111010100101001011000011000110001101
1111011111101111001011000110011110100100
1000011011010111010111000011010100001110
0000110000100000110000111100001001001011
1000011000001111001011111011111001010010
1100010001010011100100111100110001100001
0110001101101001110011101110011100110010
1001000100110111010011101011100110100010
1001001001100010010110110111001110000000
0001000001100011000110000011100101111001
1100100110100010011101111101101110010000
0111101110000011101100111010100010101100
0101110101110100111010110010110001000010
1110000000101111001111100100111001011101
0011100001010110110100110101010010011001
0100111010100101111011110111010001100010
0101101000000001101000101010000000011111
1010011100100000010011111111000000001110
1001111101111010100110011010101110111110
0001011000111001100101101100111100100001
1101010011101001111111101111101010110101
0100101110000111111010010001000100111010
0010011100011100011110100011100000110100
0001101001001100010101001100000010010101
1100101111111001100100111110110110001101
0000111010110010001011000001001011001010
0110011010101001110110010100001110011000
1100100111010101101111010011010111011011
0001110010001110000101111001111000100001
0000000011110100110111111001011010000100
0010101010001111110011010011100010110101
1100101001011001011101001101011110100000
0010100010111111001100011011000000011010
1111111110010010010100000100111010101001
1100011001011110110010110010001011011111
0010001010000000000001101011100000101110
0010100100000111001110001000111110110010
1110001001010101100010101001111110010100
1001001011101110011001111111101111110010
1011100001110000110011110110010101011100
1101101001111101110011000001101010001110
0110011010000011110001100001111111101101
1000111101111111101010001110010100001010
0010101101001011101010100110000111001001
0100111110101101111001111011010111100010
1101010110011111110111100010010101100110
1100011011101100101011001010111101110110
1100111010110110100101111010011111000011
0110001111001101111111000000100110110011
1011000010100000000000001000101111001010
1101010011001101101000110111111011100100
0000110010010001100011011101111010001010
0001011111111100100010111110010000011000
1001010011000111010001101010110010011010
0110110100111100110000110000101010101010
1110110101010101101111011111111001010001
0100011001110101000111001001001100101110
0011101010110110110011010101101101101000
1101011000001010000111101000010111110110
1001010000010010111111010110111010001100
1110011010011111011011110110101100010000
1100101001011110110111001100100000110110
1011101111110010011101100010100101111010
0100111001001100000010001100100010001000
0100010101001100001000101110001001111000
0010100010100001110010111010100011011011
0110100001100101110011010010110010100111
0101101100001010000100111010110010000000
1101100110010010001011100001101110101001
0110011101001000011111111110010110000110
0110011101100111010000000110101001110110
0110101101110011101010111010101001011110
1110110100110111001101110101011101000000
1010100010111000001110110100100001101000
1001111111011100010001000100101101100100
1001110100111010101110011100000111001110
0000100010001011001010110000101100001000
0001100010010110010000111010001010101010
1100011101100001110000111011111100000000
0010110001101111001101011001011101010110
0001011110010100000110010100111001000011
1101111110011000101101100110111001010100
0111001110101000011100011010111110101011
0101010011001000111101010110000110001110
1000000111010101111010010101111111110001
0011101100010110010001001001100100100111
1100000000010000100100001000000110111000
1101000110011111000110100001110011000011
1101111100100101100110101010101100101101
1000010111011001110100010000111111000100
0010000011101000100000100000110000100101
0111111100001011011001101100101010110100
1001010010011010000110010101010001101101
0110000111001101100110100101100000111111
0101010101000001100010101111010010111101
1110011101010110000000111000101001110111
1100011000101100011000100011011011000010
1010101111100111000001100011000111110010
0100111010111000001110100010010010110110
1111011010010001111011101101110010110101
1010101111000000110000010000101111010101
0000011100001111011010100110111011011011
0010000000011110011110100100011110110110
0111000001000010011011010100000111101110
1010010011000011111011011110110001100010
1101101110111010001101000101100010001011
1111111110011000010010010011101101110000
0111010001110010010101011110100110001011
1001110111010011010111001110101011000111
1100100011111101011111101100010001011110
0101010001110110100000001110010100110011
1001010101011011111010000010001001001100
1100001010101011001011110001000001110010
0000101011100000111111010101001010100000
0100101000010100111001000010010111101100
0000110001010110011010000010000000011011
0000000110101001010011000100110010100001
0101010111011001111101100111101000100010
1001101100100000101111001101100010110110
0001001001011110011100000101110001110111
0010000011001010000100100001001001100000
1001011110110101011000111000100101101010
1100010000000110101001011011001001011011
0111010010100011000001101001011100110001
0001101100101010011110001011100000001110
1011011100101101101111110100000101110000
0101100100111011111100000000011111001110
0111011000100001111000001000010111100100
0010101101111001010110110011100001010010
0000010011000000000011111011001101111111
1101111110101110111111101001100001000001
1001000111111000011111001110001010110101
0010000110010100001101101001100000110000
0111100110010101100101000000010101100100
0001011111001001000011011000101100110100
1000101100011111111100101001110001001001
1100001100100111111010111110100011110010
1111000101110000010001001001001100100111
0011101111100110100110001001101011010011
1100110100100001101001111101101010010010
1100111010011010110001000110100010011111
0011001101000101011100111101100010111001
0111100100110001010000001111000000000111
1000100101011111100010000100010000010101
1011000010110000111001010100011001011111
0001100101001010110011110101000111011000
0000101111001001000110111111001011111000
0111100101011011011001010001111100000100
1011000100000010000111011110001101010101
1000100101011000111101110010000101100001
1001010011010100010110100000011010110011
1110000100101101011100011011010000111101
1110110000111011110100000010000100010010
0001100111010110101101111101000110111000
0010000011001110001000001101100111110110
1001110110101101010011001111010101000010
1101001011001000001011000100100001011110
0000111010101100101101011001001011110001
0101000110100110011001110101001001000011
1011011100111100110001101000010010100011
0011110111101000010001010000001101101000
1010110011000110010111000010011010110000
1111010100110001000000101000011010010110
1000100010110011000110100100110000111110
1000000011110100111111001001110100011010
1001111111110111011111000100000100111110
1011101001001000000000100101011101001010
1101010101111110111100001101000011010101
0010100001111010001001110101111111011011
