40 255
1010010000101111100000110101011011010111
0000000111100010111111110011000111110100
1110011000011101000100100010100000111101
0111011111111111011111101110000000000000
1001000111000011001100110000010011010011
0101010110100110101100101010000101111000
1000001111111111111100101101001110001001
1010010000000011110010100000111000111100
0000100100000001110001011110100010000001
0000101001100001101001100011001111111101
0111010111110100111000100111100001110010
1100011010110111010101010110111000011010
0011111110011110001011101101010101100001
1011000101001001101001101001100010111110
1111111011110111010011010010011111110111
1001000100101000101010111110010100011011
0111111100101010000010101101011010100110
1000110101001100000010100100100111010001
0101011011110101001010111001001100010010
0110000111010001110111110110101000101100
0011111100000100011000011000111001010111
1011001000110011000001110011100101001001
1010001101011100101110011111101101000000
1110000001110001100110101111001100010001
0100110001000011110001011101010100100010
0101011010011111100101111110101100111110
0010101101010110111010111111101011010000
1010111010010111110100100110000011110001
1000111101000010010000100111011011101111
1010011000001111110001000111101110110101
0101011000001111000001101110001101101101
0100110001101010001000010010001011100011
1011000100011001101111110011001110010111
1110101110010010111011011001000110111111
1111101111101111111000000010000110000001
1011001111111100100010010011110000001010
1011110011010011100000111110100001101000
0111000000111100100011011001110010100101
1010010100100001100000000101000011011010
0000011100000001111011111000111010111011
0011110010001111001000001010011110001011
0001111101000010001010110001000010101110
1010001110101000000110110100011100000110
0010101110110001011111101111111110010000
1100111001011001011001111010001011110101
1000000001011110110101000101011111110001
0101010011110000100111100100111110110011
0000011100010011100111011110010111010101
0111100001000010101101001001100011100010
0010010011001011111010011100000110101101
1011001111010110011000111010000110001111
1101010110101001111111000001110010101111
1000110001110111010101101001011010011100
1010000110111110000100011100000001001101
0100100101001100001000111101101101111000
1000110100011000110101001010010001010010
1000111110000101101000110000101011010100
0011111110000110001001000011001001100001
0111110111110101010110000011001011100001
0001001100101100111000000101010110101011
0000101010100100001110011001011010110110
0101000101110101001000001100111011001110
1111110100010000100101001010111010010000
0000001101001011101101100000001111111001
1111000000000000011001001011111100000010
0011011011111000100101010010001100010011
1110000111111101100110000000110001010110
0011001011110110101101001101001111100010
0100011101111011101011000100111011101011
1010110001110000010100111110000111100100
1011101100011100010110001010000010110110
0101100010011001011111111110001101001000
0001011001100100100101010100111001101000
0010000000000100000111101001000011101101
1001100100010111110000110111110101111001
0001100011100111110100100101010011010010
0111111000100010110000101110011111101000
1010010111010101100100101011111010110111
0110100101111000001001101011000110010010
1000010011011001000000101001101001100001
1010010111011100101011110010000010011100
1000101000010110101010001100101001010100
0001001110110101011001010011011011101101
0101011100010001010000101011010001101100
0000010010100100110010001001011101000101
1011101101011111110000100101000011110101
0110000100110010111010001011110111101011
1011111011110001011000010101100110101001
1111011101010100100101011011000011101010
0011100111111011000010011001100011111010
1001111101001001111000111111000011010100
1011100111001111000000000000100110100100
0011101010100001111110110010111101010010
0101110100111011011010010111110100100001
1111001101000010011101001011101011000100
1100110100000101110010111100010011011100
0001101101101001010011000101100011101001
0010100000001001000100011110110101001001
1111111110010110100000101010010011110100
1100111110001110101011000010001110001101
1011001011100100100111000111111011000000
1110010111100000010101100000000111010011
0010011001010001000111111111110110010011
0011000010111111001010110110111111000011
1011001110000001000011001001000101100000
1110001111011001110100000010110001001110
0111011110010101101010111000101100101011
1100010001100011101000111111001111000001
0100000001101111010110110101001100110010
0110111100001011100011111101101111110000
1000010111100000101010010001111000010100
0110100111010011010000010010100001000111
1110000010011010101000101110011110110010
0001100010001110010100010001001101010001
1000110011000100110100100010101101110101
0100111000110010101110011110010111000100
1101010000100000110001100010011100101000
0100110010001101011100110111100001111010
1001010100000110001001000110010001110011
1010011011100110110011000110101110010001
1110000011100101001010100101010010110100
1111000010111111011001010010001111001100
1000111010110111100111000101100111011110
0011101000001111011101001110000010011010
0011111110111001101101000100100101001011
0001110010101100000000110000011000000010
1001001011000101101100001000000011011011
1001110101010000001101000110101000000100
1110100010011010000001000100011100111110
1111110010001101000011011000101011011111
0001010111111001111000011110011101001011
1010010110011110110000111011110000000011
0001100100000011110110010101101001010011
0110011010001010100110100011101110111100
1100011011000011001010010111111110011000
1010001000000101100101011010001011011010
0011000100110011000110101010011110000011
0011110101101101000000110111101001000110
1110100110110110001111000111100111111001
1000011110010111100000111111111101101111
0001100100000011001111110100000001001010
1011001011101011100101011100111011001000
0010000111111110100001101100111011100100
1111100101000001000100000010011101001000
0011011110111111111110101011100000111011
0110010110101110100100111110011001011101
1000100011001111010001101110110101100110
0000100001010000100011101011010011001110
0110110101111001101011110101101000000110
1110101010001000001010011001011110011100
0011100010001111010010101110010111011110
0001011001101011100100110101110010000110
0110001100110011101101010011110001000011
0101110101110010110000111110001010000111
1100001011100111111001111111110011100001
1010001100001101000101010011101101001001
0110110001101111101001001011001011110000
0011100000111101000000001010000111011100
0100101110100011100010011010110010111111
1011100101010101000101100110010011100100
0010100000000000111110011100101001101110
0101101010000100001010010000110111100010
1011011101100001011010001001101001110010
0100000010100111100110001011001101000111
1011000111110011110000011010110110001111
1110000001101110110110100100111001010111
1101111000011110100001100100001110101001
0001011110101101011010100011110111000011
0010101011100001001010011111100101010000
0011000011100101111011100000011000111011
0011000000100000111011010000001010111011
0010001010111100100110011111011110110111
0001110001110011100101110010101110011011
0111100101111011000011011010100110000101
1100010010110001111001110011000100001010
1111111100000110001110110000111110001000
1001111110000001011110000011010011001011
1111100000101111000111101001100000101010
1101100011000100100011111010101110100100
0111110101110001110010010111110101110111
1011000100010000001001001000110000101011
0011010101000110010011010010111001111000
1011101101101110110101001100011010100111
0000100001100001011100001001111101011100
1011001101100000011001101000001100011101
0100000100111000010000011101110111100000
0111111100000011111100011101110100100110
1010110000011000011010101101001000110111
1101111111001100111110010011000010010001
0011111001100100011011010100001110000100
0010101100100001111000110001110000001011
1111100010101100111101100101100000110100
1010001010111011011010001010000000100101
1001001100101110101001101010011011000011
1010110101100000000111110101001000111110
1101100010101000000110001111110011100000
0001010010110111010000010100000110110010
0000110111100000111111001101101100010001
1010010001011000100011010101001101010100
0011101110001110100101101001011110010010
1111010010101011000011111001000110110011
1010000100101010110111000001010110111101
1010000110110001011100111010100010011101
1110111110110100011010101111000111101011
1110101011100111111111001110001000001001
0100101110010011111110000011100111110101
0111001111011100010101110010100100011110
1110001010110100011111000000111011101000
1100001110001010001011111010100100101110
1100011111110111100010010100001010110110
1110110000011111011100111101110010111111
0101011001110100101101011111100111110001
0000000110011111010101000111101010111001
1000100001100011001000001111110000001110
0000010000001011110100101100001001101111
0011001111000100011011011011010001010010
1010110111001100001001011101110010111011
1001111101100101111011011000010001001110
0111100101110011010000010101010001010111
0011100100101011101010110101001011000110
1100101001101111100100101011011000001100
0010100010001000101110110110110011111101
0101111000000011000001001011101011000010
1111110110111111000001001010000110110110
0011100101000011101001100111000111101100
0001111001010101101101100100101101011101
0111011101000100111110001010001110100101
0011101000111000001000110110101011110000
0111101100001100100000101110010001010010
1011101000001000111110000001000100101101
1101011111110111101101100000001111100110
1101000011000110011010111001100101010111
0000010000111101001000011101100000010000
0111011001110100000100110010101001101000
0001001110011100101100111101110111100011
1011100101001100010011100110000101101101
1111001001000010111011001001000010010101
0011100110010010111100010000001011000011
1000000111100101001101100111101101101100
1100000011001011001010010001110010000100
0001100000010111001101100100100010001110
0010010011011010110100100101011111010110
1111100111101111001010001101101001111010
0011101000110100000100001111011010001001
1111000010100100111100100110001001111001
0110000011010000001011001101101110000101
1111011101001000011100011101011000011001
0000001011001111101011100100111101100100
1100100011111010110101100111110111011111
0010101111111010100101000101100101010101
1110000001001100110101110001011011110010
0000111101101010000011111100101100101001
1110000110000101010000001111101011000111
0101110011001010000111111010110000111111
1011001100110000111101011010001110010011
