40 255
0100101010000001111010001110001100001101
0001110101011110110110010101001000000001
1111001100111100000010000111101111000000
0011101101100111010101111100000011001011
0100011011000001010110010010011100101111
0110101011011100111011111001100100000000
1011101110110100001101110100011000111111
0001111101011101111100010100110001000011
1100011111111100101010000010111001011001
1100011100110110000000110010111100101100
0101011111011001011111100101101101011110
1101100101000011111001110001000101100011
0111010111011111001000101101001101101101
1010001100000010001001011010011100010011
0110101011000110101100111111010001101011
0001110101010010011111110000010011101010
1001001011100100000111110001000011010010
1100100011001110100101010010110011110100
1110011000110010010000001101111110001011
1110011100000101001101010101111101110000
1100100111010111110010100001110110101001
0001101000010110110110111100100110100010
0101110100011110110100010011101011001110
1111101001101011101111011101110011111110
1010111111000001010100000111010111010010
0000000101111100010011101000000000001001
1101100110000010010010010101001111001011
1110000100011000101010001101111100011010
0011100110010110101000100111111111010000
0000011100010110010000000001010010111011
0011001010111001001100101100001111011101
1101101001011100101010010001010001110100
0110100001101011111011110100111101000100
1101011110110000100111010010110101011100
0001001111101100101011101001001010010110
0000111111100111100001011100001110001010
1100011110110011110010111001000110100001
1000010011001111010101110001111000101111
0101101000011110110011010110101101010100
0001000001011110111100110101101111111001
0001101010000110100101010000100010101011
0011001010101001000011011000110010011110
0011110010000101000110000100100100110111
1001001011111111001111000100110111111011
1000111001001101011000011011000010110101
1000110011011100010000001110001010000011
0010010110010011111000011111010111111000
1111110110101111110011011011100101100001
0101111111011010011010000000101111011110
0111000111000110010011000101111111101100
0100011011001000011000001001001011111010
0001100111111111001011101011000000010101
1100111100100001111000001101000111001111
1000000011111010010000011111001110110111
0010100111001110011010101100010110011011
0101111001100101000110110110111101000001
1100101110000001000001010010111100001110
1110000101110000110101011110111110010011
0000000000000000010100010010100100110010
0111100000011000111111111001110011111100
0101111110111111001100010011100010110110
1000011100101010011011010110100010011001
0111010001101011101111001111001111101000
1100101001111101000001110111100110100010
0010010111011100100101110110001001111011
0101010100111100011110011100100101101101
0001000001001101101000001110011111001111
0110100100000000101011000110010011010111
1010101001010001110000111111010111110101
1010111110101001011111001001101100100100
1101101100110010101101010011100010100010
1010111010010100111010010001110111111001
0010111100000100001000110000001011000110
1111011111000011011010000100000100111111
1101100010000110100010100010011010000101
1001000100111001011100001100001101011001
1101110010001100101010001000100000010010
1011100101011101101000111010010111001011
1111100111100010101100010101000011000110
1000100011110100111101001110111000111000
1010000110100010110001011111010111011100
1011000100001000110100011001100001100011
0101101000110001100011101111111001000100
0000010110000011101100001100101011000100
0000100101110111001011001111111001011000
0010011111100010100110001110001110101111
0000011101101101110111000110111100111011
0111110000101111111010111010101100101100
0101100110111110110110110110010010101100
1010000111100100011111111001111010011111
1011000010110111111101110001000011111110
1011010000100101001110101101100001110101
1100011111100101000011110111111101101000
1110110011101011001111001000011111011010
1101100100010001110000110110111001000101
1000100110011100001100111000001011101000
0100110000001110111111100111000110001110
1001111011100001011000101110111111100111
0111100101001000110001001111010101011001
1111010000101000110001001110111101101011
0000110110011110111000101100111000100101
0010000011000011111001100011110111010111
0111000100110110110101111100001001101000
1010010001111101000000110111110100000000
0010000011000100000001110000110011011010
0010001100111111000000010110000111101001
0101100110111110101101111001000001100110
0110111010111101010111001110001001101101
0001111110100010001110110101001111001010
1011011100100100001111111101010110100100
0000110011000000110000000100000001001111
1111101110011000111110101001111011111101
0000100001001100100000111111111000100101
1010100111110001101111111011100011110111
1010101011011000100110011001111011110001
0000110010010001000010100001001110010111
0100110100101001000111100100010000001111
1000010011010110101110100100001110110100
0011101001110100010010111001010110000000
0101110001011111001111111111100111100000
1001001110001101111010101111101101010111
1011000100011000011001100011100110000110
0001011101000100111001011110110010111101
0101010000011000100101101100000100111100
0110111110000101001111000101000011111101
1010100000110110000110010101001100011111
1111001101101111100011101101110010111010
0000100100111001101110010111110111011010
1110110011111101001111101010111110010111
1011010011110111011000000001110001111110
1110000000101110000101100000101001100101
1101000110010110101001101100000010000100
1101101110110101101011110110001111110100
0000100100101101010000110011001101101001
0100011100001001111101100101001001111001
1100110000001100010001010111111101001110
1100001110000101001111110011010000100001
0001000011001110110111111110101011101111
0110011111110110000110100101110011111001
0110000110111111001010101101100011101010
1000111010010001001111010100011110110010
0110011110111001111011111011010011111001
0110001110000101010111101101101010111001
0010010001101101101000111110000100111000
0001011100111111001011000001101111011000
1111100001110101111101100010111011001100
0111101011010101111110111001100011010101
1110110011111000000101101101111111011000
1000000000101001110011111101011000001101
0001001111101001011010000000101101100101
0010111010000101111001100111000001010110
1110111101110000001011110010011100000110
1110111101011110101111011000110010011010
0000110101011110101000000110011101100110
1110111100101000010111100001001110110001
0101111110110100101001100110111100100010
0111101001101011000101000100001110001100
0010111101110110011001010111110111010011
1101111111100000111101111110100110011111
1101000111111011111000100111100111101001
0100110011110001001110100100110100010000
0101000100010010101010010110011000011001
1011000101101111011001101101010100011001
0010101110101000010000110001100011100010
0100000011011110110111010011110110000001
1000111101110011110111000111110111010000
0000111100010111010111010110111110111110
0001101110100100111100100001000010010011
0110000010111111101001101001110011111010
1110010101000001101001101111101110010100
0011101000001101000101100100101011100111
0010101010110101001101101101001011100100
0111010100001011111011101111011000101111
1000000011111000001011001010001011100101
0010000101000010001101001001010001110010
1000100001100101111001101111010001010111
0011011011010010011110111111110101101101
0101001000101101101011001101111101110101
1001100001110100000101101110101111100000
0000101010001011001100011111001111111000
1100101101101111110110011010110011011100
0001111100110001100111000000011000100011
0101110101010001000100101001010101010001
1110001001001001011000000111001111011010
1100111001010001000101010001000001011000
1010001010001011101001111100100001110010
0000010010000010001100101001101110110000
1111100110010111111100000101110011010101
0000110111010100111010110111000010001001
0111000001010001010000110011110101001011
0101111101101110110101010010100000111011
1001110000010010001000001001100110110100
0111110100110100010001010011100100001000
1001110011010011100000111010001010111001
1001000110010111000001100011001110110011
1011111110101110011111110110010101010001
0010011100100001111000001011111100111001
1011101101011101111110100001010111111000
0110101110001010111101011011100010000110
1100000000111001100011000010110100011111
1111000001010100011100100010101100111110
1111100100101101111111010000010010110100
0101000010001011101100010001011100111001
1010000001100101100100010001011000101000
1000101110101000101000110010100001010001
1001011101001111110101001001101011101001
1111011000010110111110101111011100001001
0110101111110001011000011000000100101011
0111001101110011001101100000100110111011
1101001011110010110110111101101111001010
1101000110011010110111100000000100111000
1000000000101000010101110111100010100100
1011010010101110001100100101110010001011
1101000100011100100110001110010111000100
0010001100010001111101010011000000010110
1111000111110101000101010010111111011100
1101001100000111011000111010110110000111
0000010111011001011111100001110100010010
0011011011001111111110011011000101111101
0111100110010011010100100000000111111101
0001110101110001000011011001110000110011
1100000111010010111110100001010110010001
0011011011010000100010011000100111010100
0100001101100000001111101101011001001101
0101010111111011100011000100100000011011
0110011001011000101110100110100001000010
1000110011111001011010011111000001000001
0110100100011111011011010000000100011101
1101110110100101110110100101110101100100
0001111111001101010100001101111001100110
0001000101111011101110101000100101110100
1010011000011010010100011000010111011011
0000001000000001101100101001010001000011
1010111010100001010010100111000110000110
1011010101100010000110000010010110010101
1110011011100100111110000011111110011100
1010110100110101101000010000111000111000
0010001111111111101100100010101100001110
1110110001000111101010110000110000000111
0100010001000110100110010110101000100111
1111010011111010010111011000110111011110
0000010001110000101001101111010111000101
0001000110110000100000111101011110010101
0010000101110111110001001001101100101001
1000010111111111001010001010110101001101
1001010101000000011101001001001110111001
0011010010101000001111000110000101101101
1000000101010111101011000101000101111011
0110101001111001100010000001001010101010
1101111001101110001101010010010111011010
1011110101111010011000111110111011001000
0010110101010001011100110001010010000001
0010000001001110000101110001011011110100
1001100010001010111110000101011111001001
0010110001111100011111101010110011001110
