40 255
1001010101011001100101001001110001110111
0011110111111001110010101001111000010000
0111011110100001101000100100000110000010
0111000010000010101000110101111100110001
1101111001000001100000001111001000100011
1000100100110101110100001011111010000010
0100010111000100111110011001110100011010
0011101000100000110000111110101000101101
1001010010101011110110001001110000000111
1010101001100110111001000000100111011010
0000101000001101011110010111011100000110
1110010100011110101100100101011110010100
0101110010101001011001011011101101110110
1111001100000000010010000100100110001001
1100110000011011001011100110100001100111
0000111100000101000110100111111011110101
1000001000110110101100100000100111111000
1111100000010011110101000101001001110010
1110111111001000010001011000111110100100
0001100100101111111011110111111100011101
0111001101100000011110100000100110111010
0100101000001001000101001011001100001011
0001100001011101000000011111011001001000
0000001010100110001011000000010001011010
0011100011011111100001001101001000111000
1100000111000000011011010100111000101000
1010101001001101110111011011000110110001
0011101000110111010000000101101101101110
1100111010111101111011010110100000010000
0000101001110000111011000100011111010011
0100011101110010101001010010110011000110
0100111010010111000101000100000010101101
0010011100010111100011110111100010001001
0001000010000100101001100001010010010001
1011011101010111001011010000101001001011
1000110011111110000001010100000010001001
0011011010000010011100100110001001110000
0100001001101011000111101010010001101111
0001000110000100111110110011011011100001
0000101001101101100000100011110001001011
1101110111110100000010001101000011110111
0110111110000100111100001110011101011100
0000010100000011101010101111111011001000
1100110011110000011101011100100011010001
0111011100111000010110110100001101110110
1110100101100110001000110001010010111011
1011111110000111001101011001101101011010
0101001100001000110110011101111000000001
0110110110011000101111100100100000010011
1101011011000111110011101010100011000100
1100011100010101010010001111111101011110
1101011000101001011000001010010110110000
1001110101000100010011010001100000110100
1100001110111010111101010100100100000000
0011110011010101100000110100111011111110
1000111000011010101010000101111111001011
1101011000011001011100111110111011101110
0101100010101100101110011001010011110100
1101110010010101100000111010000111111100
0011111101110100111001011000010100001101
1101111101100000011001011101110111010101
1111000110010110110000100110000010000010
1000010001111000100010010001001000001111
0100000000110000110000100111110100010110
1000000110110001110011101010001111000011
0000011111101101011111000001100000101101
0111011100001011011111000010111110101010
0100001100111010101100011111110111000100
1000111110001010001010000101001111101000
0000001000011111110010010110001111000000
0010011100010100100000111011011001101100
1110101010011101101000111010010000010011
0010111010011110010011101101110001101000
1001001011110110010001000111110010001010
0101101101001100110110001010010011111001
1001001000001010110101100000000110100010
0010010011010110011000011100001111001011
1010000011001000010111110010000001110000
1110111011001001010000010101101001100100
1110110000011110101010000100010101000000
1001010000100001101111001101101011110111
0010100011010101010000110011011111011011
1010110100100000110110100000100101101100
0001000011001001111011111010011110111001
1100011101111110011011001100010111001111
0001101111011111010111000101011011001010
0011110101010101110101101100001101010000
0111110101101001000010110000001000100110
1111111111010110100010011010100100000011
0010101110100111101100011101100000010111
1101000111010110100001101011110111010100
1111100110011111111010011000100110101101
0110010010111110010111110110110110000101
1001111111101011000111110011111001000100
1100101111111111100111001001110101111010
1111001111101111101011010011000101101111
1010011101010110111111000111011001101010
0010011111111111110000111111000111001101
1011010010101111101101100101000101001000
1010110101000111111110111001110000110000
0010001110110101010101110100101111000001
0110100111101001110111010111011000100110
0001111011110110010001111001111000011111
0011010110100101100001000001101010101101
1000100111110011100101110110000110111110
1101110110111111110000100100011101101000
0110010010001001001010101100010001100010
0001100101111001000011110100100010011101
0011011011001100101000010100101111011011
1110100011111101011101011101010010011110
0011001100010011010100010011100110011001
1101001110011001111001110110111100011111
0111110110001110110001110011100010011011
1011100101011011010110010010011001001010
0011111101001100010001010011010011101000
0111111111110001000001100001010100011101
0011001010001101111100101100100010100100
1011111000101011001001101000110100111111
0110110000010100101000110101101100101011
0110101010000010011011101111101010110100
0101111011101100000100101110010011011001
1000000101111000110110100100011111101100
1111110110011000110000101111010010010101
0011110110011101000110101000001000010110
0010111000011010010101010101011011010101
0100111110011100101010011010010011001111
0101110110000010100011000011101111111001
1011110111010110100010101011000000010110
0011101111101111111100110111101111101001
1110110001010100100111010100110001000010
0111011011101111100111100011111011000010
1011001011000111101001111111100100101110
0001111100101011011100011110101111101100
1111100001000001011001100000101000010000
0100010100110100011000110111001011100001
0011001011010010110011010101110111001000
0000101111100110111100000010101110100001
1010011101010011111110000110101110011010
1101011100010111111111000000001010001010
1011010101011110000100011000010000100011
1011000110110001110000111100011110101111
1100100010111110100010001000101000111010
1000110111000100000000111011000100100100
1101100111000101111111000000111001111001
1100111111101110000011100000111111111100
0100111001111100101001100100011010100000
0110010001011000010011001101010010101010
0010111001011001111000000000001001011111
1111011111010000010000101011011111101011
1100111111110010110110100111010010011101
0100101000001100011001101111001100011110
1110010111101000000111001010101111010110
1001101001000111011101101111100000001010
1101100001111000111000011111011010110100
1101100001101111010010100000100110001100
1010110001101110110010111100110101100101
0100001001001101111011011101010111100111
1011100001010011111101111101011000010001
0010100011000001011010000001011100010101
0001011110011110001010100011011101110000
0001111001111101111110111111011001111010
0011011101100011010100010110010100001100
0101011101110111010010011001010101111001
1001100101101010111001010101001100101101
1000110110000011010011101111000100011111
0000100011000110001000101101111000111010
1010101100100101101001011101010010100000
0111010000001001010001100100000000011111
0011110000011010010010111110010110000010
0010111101101100111110110101010001010110
0000111001001011010000001001111101100100
0101101110101100111011010011011000010111
1101001100001101001100001111101001010010
1011000010110010000001010000111011100001
1010111100110101111110000110111011010101
1001010001101101001100101000110111010100
1011000011101111100110000001001010000011
0001011111110110001001001001010101111011
0010100101101001000011111001001101001100
0011101001000111110110011101100100111000
0010100101011100011000110010101110001001
1001011011111111001000101100011100001001
0010111010100110001111010011000001000001
0000000011011101001110000000001100110011
1111011010110100101000011010011110011111
1101100001101001010010000101110100001111
1001010001110111000101101010110101101111
0011110100011001010010011001100011101010
1011111010000010111001101100010011011001
1010001001110100001101100011010000000111
1010110101010001111011001011111110001001
1101010101001010001000011100011100110100
1000011110000100010111100011100100010111
1001001111110000101000000110000000000010
0100110010010101000110000101010001101111
1100001000111100011110110111001110000001
0001011000011010100000111000000111010110
1101100110110001010001010100010001100100
0011010101111001100100110100110110101101
1101100010101011101011111100000101011011
1101101111000111100000011100111101000110
0111011001000101010101110110010111101111
0111000100010000111011111011000111011110
1010011110101110001010011010101100011000
1110011110001001011011010000100011010011
0000000110001011000110111010101000001010
1001111110101111110010110100110000100011
0011100111110110001111000011110101011011
1111010000000100101111001100110110010111
0000111101100010000101100110000010011011
1011101100110001000010000010010011010011
0101010010000011000000000001110111110011
1000110111010010001011011110111010000010
1001110001101111001001010110110100100101
1101100101100100000101101011101110110001
0100110010100000101101100011001110110100
0111101010011110000111111010001101101101
0101100100011011110011010100111011011111
1110110000011010110100011011000100011000
1001100110110100001111100010110110011011
0011101111110011011100101000111000011101
0000101011111010111010100101101100011111
1111100100111001000011010100110110100011
0001111110001011011001000000111110100111
0101010001110101010011001001110000100011
1000100010011010011000111101100110110100
0111011011000101101100001110001001011111
0001000101101110011010111001010011000100
0010011000111111110011101000111000010010
0011001000000100100001001000010101111000
0101000000011110111010011000000001011101
0110010110110011101101011011000010111011
0011100001011001000101011110110111000110
0000010001010000011101110101110011010000
0001111010011000111011010001000111100101
1101111010110011000111010001101111001001
0010001001110010001111010000000101110011
0100101101111000010101101111101000001111
0101011001011010110011100011000111011001
0100010010010000111111000111000111010100
1100000111101010010000010010000110010010
0101011001111010010110001101111010110011
1000100100001000110010001011011000101000
1100011010100100011011110000111110100111
0011110011101010111111101010010011110011
0101000010110100000110000000100100111011
0011101110001100010001110001111111000111
0011101100100100011110011110110010011100
1001000110000001001100001011110111100100
0001000010100100101010111110100100000101
0000101010111000000111110001111110111110
0011101110001000010010011011011101010001
1011110000110000100110011000001100100110
1101001111011010000111111101011100110011
0101100110110000000101000010111000000010
