40 255
1001100111100100011001000111010011111101
0111000100111110100010000000101000101010
0011111100100000110110100011100011010100
0101010110001010101111101010100101101110
1110110111110001100011011000110010110000
1010001010101001100111010011001010000111
0000010010110111100001010110111001001001
1101011011100010010000110011011101011000
0100101011001111001000100011111000011000
1111001000010011100111001011011001011001
1010001011000000001110100110100101101110
1010011100001101010001100010001100111110
1011111101111001000000011100101100000101
1011110001011000100011111011010011110001
0100001111101000001101110010110110110011
1001101110111110010101111100001111000111
0010000111001111011110110101110101000100
0101100010011101011011010011000100000100
0110101111011000100000011111111100101001
0010000101010010111001110110101100100111
1010010000111100111100001001001110101111
1010111001110110110110111110011100100010
1000111001101001001010111011100011000010
0101010010001010001100101000010100111101
1101101000100101000001111000010100011001
1000010110010100001101010001111110010110
0111110010100000100010010100100101101010
0001111111000010011111100100011110111000
0110001010100001110010001011111111010101
0100111010111111000010100100111010100011
1000110011100011010011110000111100110110
0001010000000011011101000000111001100000
1011111000111110001100100100001111110010
0011011100011011110101110000011001111110
0101111010001011111010000011000110001100
1001011011011001111100101001110000011010
0110001011011010000010010000110010011010
0011001100111001100010101101011010101111
1001110000101100010100010010101110101001
0011100010011101100001101111010010111011
1101100000101111101111101010100000110100
1100100111101101111001001010111100101100
1010111001101101011100010011001011011010
0110001111100000101101011101111010011001
1110110110011011001101011101111011110010
1000010100000010011100000000001111001111
0110000100010011000101010111111111001011
0101111000001111100001110111111011010000
1101100010100010001010110110011000011111
0001101000110000111110011111101101100100
1010100010011011101000010000011110100010
1000111010101101011011110010001111101101
1110001011111100101100111010011101001101
0111101100000100010110011100011100001000
0000110110001000110111010110000010010110
1011000110000000000110001010010110000001
0000111111111010000111110100111111000001
0010100000100000111011100001000111111001
0110100100111111111010110101101100110011
1011010110001011101011010101000101101010
0010001001111010110011000011111000010010
1011011000010110101111000100111000011011
1001101010110110000001010110110011000111
1101001101110010111010100100111110100110
1100100010000011101100100000100010011001
1110001001000000110100001010111011001110
1110101010111010010110100011101010011100
0100110001100101110000001011011110001000
1101110110101011000111111001111010001000
1010100001000011100010101101010000101000
1010111010010000010010000001100100100000
0100100010111111100011001001000110000000
0000110000011101011100100101001001010001
0011011010000001001101111111010010001000
0010001001010011011101100001010101001110
1011010100000101000010100001001111100111
0011010110100110011111110011111100010100
0011110010010111010100110001000010000110
0101110000011110001000111001101011001011
1111000110000101110000101100101101001011
1000000110000110110011011011100111111011
1100011010011111001100001001011011110100
0101000100111010001111101011100100001110
0111110111010010001110011110110011010100
0100010110000001110001101100001000010010
0011111010110101111101101100100000000101
1010010001011111000001110000111001011001
1101110100101010001101101011101001010101
0100110011100110100110000000100001001010
1001101000001110011111111101110110000011
0111001010100000101101111000001001001111
1000101000010010110001010100001010100011
0110010000100000101111111001001111100101
1110010110010011001100100100010001111010
1011111101101100111011100000000111111110
1100110101101110111100111101111011001111
1111100011110100110010000011110100101111
0101000110001101101010100110111001101011
0100101101110111001001101101010000101110
0000000100100001001101111101111001100110
0011100111011111011011100001110110110001
0110100101000011110110101001110100010111
1010110011111010100000101001010011011110
0111001100111111011000000001100100010100
0101101000001101101011011100001110101011
1110111101110111101100000110111001000011
1000100011100101001010010111000110011001
0110010101010110100000011101100111110011
1000100100011000010100100101000011110110
1000110000010110001001011000101110111110
0100011001011100011111011011000011011000
1010111100100001011101110001100010101110
0101001011010011000111101010101001110111
1111010111001011000100101110010111111000
0111111100111101110001011110111110001001
0101110110101001011000100001010011001111
1100001111001001111010100110001011000101
1100011100011001101010101000101110010100
0111100100011000011000000101011111001001
0011100100111110111111000111001010011111
0001011011110001001110011011101010001111
0110000011110111011010000101110010000001
1110010001101110100000100111010111011010
0101001011100101001010101100110011001000
0010011000100010110100100011100000010011
1111010111001111001000001010000010111001
1001110111000100101001001100011000011110
0100001111011010010011011101111000111001
1011101001100000000101111100111000111111
0001001100010101110001100100110100110000
0100111011111001101111100111001001100101
1011011011110110011011101011011010111101
1010101111100010010100010011000111101011
0110000110110100110101100101000000010100
0011001010100110000000100000110000111000
0111101010001101110111000101001100010110
0000101100011110101000101101010010101110
1111011010110001001101111110101100011100
1101110011010011110101000110011111010001
1011110100110001000011111000001010101011
0010000111101101111011011000101001011111
1000011010101111110111010110111011011000
1100110001100000010001000111001011001000
0000011100100001001100110101000100111011
0011011101100000111001111010010101000101
1010011000111111100000100011100100100110
1000110001001101111010101000110011110111
1100000110001000010001011001011010001100
1000111100000000100000100100110010101011
1101000111000001001000110011010100101001
1101101011000001100001110010111001100001
1010101011001101110110111100111010010000
1100010000011000011110000000111001110010
1111000100110100000110010111111101011110
1000010110001010010000111000110001001110
1101100011001001011101101101111010001001
1100100110100000001010011010110001001011
1111000000000101000101010000110101111010
0111110000111011100111111011001111101010
1100100111010110010101000000010001101101
0111101011101101001011101000101001001111
1001011010001110100000101100110110001000
1111001111101100111100000000101101000101
1001110100000100001001111011001000011011
0001100100110110111100111001011111010100
0101010101011010101100101100100011000010
0111011000000111111010110101110011110100
0000111001001100110000011101001101110011
1001001001001111011001101110100011100000
1011110100010011100101001011000100011111
0011000010110010010001011101001111001111
1001101000110010000110000000111110101000
1111111110001011101110000101010010111110
0001100110111111111010101011011110001001
1000001100100100010011100000001100101001
1010110101101111110110100001001101001000
1101101111011111101010101001111110011101
0010011100101011011101100101010000111101
0111000000000101010101000010111001100000
0110000111011101110010001000111100100010
1000100000010110001110000111001011111110
1000100001111000000101011000101011000101
0101100100110111001100111011011101000001
0000010101101110010010100001110100000011
1101001110001111101110101100101110101011
0110011100000111101100101101010011010100
0000010100010001011110110101011100010001
0100110110001111001000101111110010010111
0001111110101100000111111110001110001011
0100111001111010010101101101101000001110
0100000110101110000111001001110001011100
1001001001100101011101100101011010100101
0011111100001101101110110010000101001011
1100010011010111110001110110111101001101
1010010000110111100000011000000100111110
0011010001111001111111000100101010011101
0110010111010100010000101000111101111000
1010100010001110011111100001111001111100
0000000111101011100100111101011111011010
1111111001011011110101110110111011100100
0100111000010101010010000110010101110100
1011111011001001011100011111011010000100
1000010101001110111101000000101101100111
0111001110011010101011010110111100110001
1011101111110110001000001011110111011100
0000111101111001000111111100011101100000
0000001001001010001010100101010101001101
0111011110011100100101001110111010010111
1101100010010100111011001110101100100000
1011111010001111101101101010000000111100
0110000100000100110010111100010110100111
1100111110000011010101000001111001110001
0101010110110111101000000101011000110110
0011010001110011101110101001111011000100
1011001001111101101010111011011011010110
1001011110011111000101010001101100110010
0001111101100010101100100000101010011011
1110000100000100000000101010111100110101
0110001001110111010001110001111100110001
1001011000000000000000100010000010111100
1110000010100110110001011111010010000011
0101110101111001110101100000101011001110
0010000000110101000011010011100000000011
1010111111111110011101111101010110111110
0111001100001011100011100001100110001101
0111001111110111101001010100001101010010
1000010101110111010000100100111010100101
0001010010011101111010000100111110010001
1111110011110000100011010001011100111011
1111100100000110010111000101111000111110
1000110100101000011011110011110100100001
0110110111000100011010110101001010110010
1000010011101011101000011010000111010111
1001001011010000000000000101000100001101
0110011010000001110101000101111111110011
1000001000001100011001010000111101000100
0111111011010001011111010110001000000000
1000111010011000101001001000010011100110
0001111011010111111010111001100101011111
1011011100011110011100001000010101000110
0001100000111100000000110010111110111001
0111011011000010100100001101001011111100
1110001011101111111001111001111111100100
0011101011001110110010000001100111011010
1011010000111100111100111000100001110010
0110010001111101110100000010100110010100
0111110010011101000000011011010001110011
1011000110000011000101010011000010010000
1001000011100011011111100011110110101001
1111011111110010000101100110010111111010
0110011110100101111001111101111111000001
0010001001111011100000001011000110110000
1110011101011101111001010111110100111001
1010110001111001110111001010000010100001
0101000111110101000011010010101100101101
