40 255
0001001110111000001100101001101110101111
0111001101100010000010110011000111111000
0011001110110100101000010101000011000110
1110100111101110111111010101011110110000
0000000110011001100101100011100000111001
0001001110110001001110101101100101010001
0000100110001011111000110011010100000001
0110001011010011011011100001110010110111
1010101000011000011101011110000101101110
0100101011000110011000001111010111001101
0000101001110010101110110000010001000001
0100101110001000000100000100111110110010
1011011101000000101100100001110111111001
1100100011011001001110001110100000100011
0011001001101100000001011000011010011111
1111110001111100100100011110101011111011
0101000011010011100101110101011111110001
0000010110001010000100000010001100000100
1111100111000010100101101100110000100001
0000000111100100001000000000001111101101
1010010011100101011000001011000111001000
0000000111111001101110110011010011001001
0010000000111111101100110100001100111001
0111001100111101110100111000010000110110
1011100100100101011001111010110011110010
1010010011000110101010110110011000001110
0000101101010100111100000010111101101101
0010110100011100110011110010111111010000
0100111011110100111100100110001110001101
0010100111101000010100001000000000001110
1001101110111000111110011100101001000010
1100110000000110000110001001100010111010
1010101001010001000001011111111101011001
1111001000110011010010110100010111101111
0111011011111010110100101000111111101010
0100001001001100101100110000110101000011
1000001110110111111110100110100000010111
0111100110101100100111101010110010110100
1110000101101111011000111100110100111110
0100000110010100010100101111000001100010
0100010110010000011101111000111100010101
0001101011111010010111000110100001001101
0010000000111000111111011111100111100010
0101111000010110000110100000100011101110
1111001111011100000001010001101000011100
1110111100111100001001000011100111100010
0111001101111010110001101001110010001011
1001000100100000100110110100111001011101
1110000010110100110100010011001001000010
0000011011011101100110100101010111010101
1001010110010001000001111101110111111011
1110100110100111000010010110011001010101
1110000110001101010011000100101111001111
0110010100100010101110100001100010000111
0100111011011011101001111010010001111110
1111100100111101110001100101110101101001
1011010001111001100100010010010111001010
1110101100000101110010111000110110110111
1100000111010110000011110001110100111011
1000110100010110101001110101110011100110
1110111010101111011011101100101010101100
0110100101001111110001101011100000101111
1001110001000100001100101001000000111111
1110011000011010000100100101111111101011
0111011011111111001001100010100001111110
1000100101111111100101010011001010111110
0011000101110000100001001110000100010101
1101110101000001011111101011000000101000
0001101110011101010000110110100100110111
0000111111101000010011011100111100100011
1101111110010100010101000110111101101110
1110000010001010000010010001001111011110
1100110000111101011110111111111001111100
1001001100001101010111011110100101001010
0010111110000100101110111111101010001010
0001001110111111100110011111101111100000
0100011101010101100111111000001011101010
0010100110101101110001010100100011111110
1110111110100100010110101111011100110100
0100111001011010101011110100011010110000
0000100001001011111111101001111110110011
1000101001010000111010100101101001010001
1101011000101010000001011101010111101111
0110110011101110001110101110000001001100
0110001011111101111011000010001100100000
1110010110111000111101010011100011010011
1010110101101110001010101011100110000111
1001101011000101101100001000000010110111
1110011011111001010001101010001100111000
0101011110111001011010101010001011111010
1100110101010011011011011111001111101111
0101100000000011110000111000010110001110
1001001010000101101100010111101100001110
0111011110001011001000100010101011000101
1010010010001011000111011001100101111000
0110000001110100011001011000010111101100
0110010101100101111100001111101011000100
1010111100110010111100100111000000100111
0010000010011000010010100000110011001110
1111100111100111010101110111110001011101
0011101111100100101011111001000101011010
0110010001111001101011100010110101011011
1101010010010111010010111000001011111100
1010000101001110110010111011011111100010
1001010101010111111111001111010111000111
1010110011111111000110011100010011001011
1111101100110110001011111100101110001101
0011010011000011101011001011111001011001
1010011101110000010110101001010100110110
0110001111100111010010111100100111101101
1010001010110001111100111010101110110101
1100111000001011100100101001011111001010
1101111000000110000010101100011111010111
1100010000000101000111100000010101011000
0011011000011100011011001111101100010001
0000100010000101010111010001101011011000
0100010000010101001001110011100101001110
0001100011001000110000001000010011110101
0010011001100011001110001010110001111111
0101011100100110101110111100101101101111
1110101100000000011011110100010101111111
1001010011100011011111110011110011001010
0100001000011100000100010100011011111000
0101101011100110101001100011010000110001
0101000010011010011010110101100101010111
0110000110011101110101111101001101110110
0001111001001101110101010010010111010100
0000011110110010100111110111010111011100
1011110010000111100101010000010001000111
1011100001101111101001000011011000000010
0011110110110010111100110011000110110001
1011000010101010011100010001100111010010
0011001000110111100100010000111111111100
0111101100001101100010011100001111100010
1111001010100100001101011111110100001010
0111110100111101001010100110100001111001
1101100000000111110111100010101010111110
1000100011011010111110100001111010101100
0011100111011001100101011110000100101101
1110010100101011001100101100000000100001
1001111110110110000000001001001000101110
1111000000011110110101110010101101000101
0000001100011110011111001100001100110001
1100110011011011010100110000011000110000
1000111001010011110101100000000000000000
0010100100001010011001010010001011011000
1011101001001000101100011101101011011000
0000110111100111011000011010010111010110
0001011010001001000111101010111110100001
0011000010011101111111101101110110101010
0010100000111000100111111100011010000111
0100100111000000100000111111111001110011
0000111001100100000001101000011100101101
0000000100111111011110000000110001000110
0100011011001100110100011111100010001110
1110101110000010110010100100101111010110
1001011011110000001110110100110001010010
0101110110010101011101110010001001110011
0101111001010111101001000000010100000000
1011101011011000111000010010101111000001
1101011111110010111010111100000000101011
1001111010111001011000111101100010010001
0010101001100111000100100100101011000010
1000010111001001101110110101000110111001
1101011010011100000101110110110011111011
0001010111110001000111111001110001101000
0010110110110110111110010100000101000100
1111100110001000011111101001010011010111
1101111010100111011101011111011110110111
0011001101101000100011011100011110010101
0101101010011001101011101001101101000010
1011010110001000101000111110010111000100
0011111101010111000110010101110101100010
1110111110010101101101011110001111001001
0010111110101000000011000000011100111011
1101000110011000100111100110100101100101
1111100111011101000010100100000000110110
1111100101010111110110011110010111101010
1110101001100011000110101101001011101111
0100101011000100101101011010100011111000
0101010110010011111000001101010000100010
1000111111001110001000011001100111001010
0000111111010010011011110111110101110110
0101010110011100110110011110001000000000
0101000110000010011100101100001111110101
1010111000010101111111000100010000001110
1011101100001111100011101101101111000000
0000110111010100011001011011110111111000
0100010011000001110010100100110000100011
1110001001000011101011000100001000010101
0001000110011011000010110011110100010001
1011101000010110001111100011001011011011
1011001111101011010111010110011010001000
0101010111000000101011011110100010011001
0101000011101001001111001110001011101001
1001000110101101100011001000111001111111
0001010011111110001100100110000011010110
0001101111010001001110010101000000100011
1000101100010101011011010011111001011011
0111010101100011000001011110010100100111
1110110110110010100001010001100010110111
0011110010111010100111001111101011010000
0011100011110110011011110100101110101011
0001010110011010110100010000100010000100
0010000011111001000011100100010110101011
0011010100100100111011000000011000011100
0011110110110011010011111101011110111001
1001101101110100011001011010010101111111
1101000110111001111011010111101010010001
0001100100111000000100000101100001000100
0011011001011100011111000111001011110111
0101111000100011110100010010010000111011
0000011101010010010101110000110111001110
1000111011011100111011101101110011111001
0011101100111010100111110100100010011001
1011010101100010111001000011011010110100
0100111101011110001111010000011011010110
1010111101101111110110000100000100001100
0001011011101101001100010010001100101101
1011000000100011111101111000111010111010
1000001111001100000011000101000100010001
1001000100001100101100010110000101011010
0000001000100101101000010010110110101000
0110100101011010111110100110111011001111
0100101011101000010100011011100010000101
0101000101100100000000001101010110101010
1110101100010100100110110001011100011001
1110111110101100010100001010101101111101
1011101100111110101110010110001010110101
0100011011010111000111101010000000011001
1010000101100000010001010101111100101010
1000010110001110101001011001100111001100
0110100010000100000001111111001100000100
0010000000101110101110010000000011001110
1010011100001000001101111001100001101101
0110110100110110001111101110001100110010
0111001000101001010111100011111111000011
0100100011000101111110010110111111011111
0111001010101110101100111001000110000010
0111111000011010010111101000000001011101
1011101110110010010100000101001111001101
0101001110100001010101110101101111110111
0101110101101011000111101111010100101101
0101101011100100111000001100011101000011
0000000110110110101110010111010001101001
0100100001011000111110000000100101010000
0100001100101101000111110111000010000010
0001111111011100010110101101011010110001
0011111110011001010001001011101110100101
0001001111100010111111110010010011011000
1101011010011000000011010000001101010110
0110000001101111001111000001110111101010
1101111000010101011001100010111100101010
1111100111111100100100000101100110000100
0110000000100111011111000010110011011100
