40 255
0101111000100010111100011110111101110101
0000010011110001011001111110110110010110
1110100000110001101000110100001110101100
0011010010000001111010111000000010011111
0001011010011111100100001101101111101010
0111010001111111011011010001001110000011
1001011111011001010011001101101001111001
0100110110010001100011101001111100011001
0101110000100101100010101110110000111111
0111111101101100001001001110011011111000
1011011110011111101101100001110010011110
1001110001111010011100100001100110000000
1110110011010101110100110100110111101101
1100111011000011000000101001110010101101
0110110011100111000101101111111001110010
1111011000100101011110111001000001000101
0100110111000101101000011110001100110100
0011100001001010100000000110010010111110
1101100101001100011111100010111110100001
0100100101010111111110001011011100111011
0010110001100000110100010011101011000001
1010010000000011110111110000000000100110
0001010101011001111011010000100110001111
1001010010101000010100110101001000100110
1010100100000111010101110001100110010011
0111001111011011111100110110010110010111
0011001001000000101111111010111001110011
0011100101100111101010100110111101000110
0001110000000101111011000010001001000011
0100100001110010110100000111010100001001
1110101100100101101011101010110011100111
0010111101111000001000111000010111110011
0001000101110010111001011111011010001100
0111001101111011001000000100001010110100
0000111101001111010111011101000011110100
0101000011101010100110101101001010010011
0000010110100011110101111000111100010101
0100010010100011101110111100111100001111
1100001001001110010101011000100100101010
0011010010110101111011000011111100001110
1000010100101011111101001100100000000100
1110101001001011000010000111111001100010
0101001110011001101101111011110010100000
1011010000111001100111000000000011010100
1100000001111110010101011011101101001110
1011001101111101110111011100111010101110
1000111111101011111100110110001111110001
0001011001000110011010110110101100110111
1111101000010000101001001110000110011101
1110011000110011011110111111111100001101
0010000000001111010011000100011011001011
1010101110001001000001111011000110100001
0000111100001000111100110100001010001011
1111000101001101110110001001101101001110
1110010010010000100100100010101010000001
0001010011011101000011000000100101011100
0000110101100110010010011101000100110011
1011011111110000011011001110100100011010
1111110001100001010011100010110111000010
0111010001111011001101100101110011000101
0110100001111111001101110000101011000011
1110011000010011011001100111110100101101
0010110110111100011111010000010110011010
0110010111010010101001000001100000000110
1110100010111100110110011010011000011100
0010001001101111100001010100111011101111
0001110111111001011000110001010100011000
1001110011100111011001010010111000100011
1011011101001100101000011100010001010111
1101110010001011101101001110001101001000
0110110111001001100100111101110110100100
0000011001001011100100101110000001011010
1110110110000000011001010000000110101101
0011111001111101111011101100111110010110
1001001111110101000011110011100000011011
1101101010101010011001001000111100000010
0111101110001001010100101010100011110010
1111111011000000011100010010010011110101
0111110100000010110110111110111011011111
1111100111011100001000110100010000110000
1101011000001001111111001010011111001100
0001100110110111101101110001000010011111
1100011100111010100111111000001111001110
0011110010100101000011110110110011000101
0001001011101110111010011111001111011101
1000010101000000100011000101111100001110
1011001000000100101111101111011011110110
1111111001101100011111101000011011001000
1110011110111101001011010111010000000110
1010110101000001111101010111100101100100
1101100011010111001000011000111011001110
0100111101101100001001111101000101110110
1101001001011111111100110000101000010000
1010110011100001001010110010011110111010
1100101000000111111110000101101110001101
0101011000010100110111110101110101001101
1000100111010010000110011110011101110010
0010001011011100110110101001000000000101
0100010111100110101111100011001001001001
1110011110101100010110111110001100101010
0010001101100000101110100000011001111101
1111010111101110010010010100111001010011
0100001100011011110111010111111101110110
0001101111000001001100110100001111011101
0010000011110110110101100011101111100101
1101011000001111010011010110110000100000
1111111000011001011000111111111100100110
1101010100010100010001100011010110101000
0011111100100001100111100010100000000111
0110111001100111000110011100001001010000
0111011011010000110101111011000001101011
0111110010101101011001110111101000011000
0110100101111100110100011101110100110111
0100000110010101111011000111111110111011
1110000010100111010101110100010100011001
0111001110001000110110011010001111000001
1101100000010001010011011001100010000110
1100010011000001010110010011110011100011
0100111000001000110101010001001000010101
0000100001101010000000110110010110001111
1111111001101010010000100101000111110000
0110111110001101100101001011000101000110
0100100010000100000000000001000010100001
1110100101010001101111111100101010111001
0001011010001110010100101100111111101110
0000110000011000101110101010111110111001
0010011110111010011111100101001111010001
0010001111100001101100110001000110100000
1111110111011101001101100011000001100111
0101011101010010101000011111001001010000
1011100000111000000101111000011000011001
0111001011011100101001000011100011110101
0010110010011100100100101010101100101100
0001101000000011110000010000001110011000
1101011110110111111010110110100011101010
0100100101001111111001111000000010000100
1000011001110100101111111110101101110101
0101001010100011001010110101010111111010
0011101100111110000111101110010100010110
1001001100011111111110011010011011110011
1000110000100001001100010000110111111001
1100101011111001010000010011111101110010
1100000101100101110001001000100110111100
1011011101111001101010100100111111110111
1000001011100011110111010101010111000001
1111011000101110001111000110101001101111
0100100001100100111011101010111100000010
1101111001010010110110101100101010111010
0010100101100101010101101011011100001011
0011011011000101101110111110000000111001
0101011010110100110011010101001000110101
1001101001010000001110110011010011100100
1110011110111111110001100000110010010100
0101101110011101111011110110101110101101
1011111100011110011011111011101111001000
0100101011110001011100101011000100100110
1001010010011001110000110100011111000000
1000110001001110011110010101001001001011
1011100111010001010001100101011111110011
1111011011101001000010110000000011111010
0110011011010011110100110100001011100000
0100100110110000110001001001011011100011
1110100110010110001011000101111010110011
0011100000111001000010111010001011010110
1101001111100100100000010100100011001110
0111100010100000111001110000001110111000
0001111010001100101001011000010000010011
0101111100000100001100111111110100000000
1001100010101100010001011111100110100100
1111111010101110000001111110011110110001
1101001010101000101000000011000000010111
1111011110010011101100111010010111011101
0101001011010001101101010000000100011001
1100101001111101101101010100111110001011
1101101011111101101110000011110001101110
1100101110111011111000110001111100111110
0010010001001001010011110001101010111101
1010111100000000100000000100000000100011
0100100011110000110010011110110011011010
0110111000001011010110100000010100111001
1100011100100000101111001010010001101000
0011011011111101111110000011100010010100
1011000011110010100111110110000100001110
0100001100110011100000010100101100000011
0000100111001010111110101101001111001101
1101110011111010100000110011001111000011
1101100100010110001100111011000001000111
0101011111011001011011010011100110001111
0010111111010100110000010111011100010100
1010101100111110001101000110010011100001
1100100011101000111111100111001010110010
1000111111110010101111101111111110001100
0101101100101010010101001110111011001101
1010011000111101111100010111110010110001
1100101011000011111000010100101011010101
0100000011011000110010110001110100000011
1100111110100001010110110101110010011011
0100100100001100110111111011001001000011
1111011010010000100011001111110100010100
1001111100100000011010000101100110101000
0001011010010110110000100101000011000000
1110010100110001100101010011000110001101
0110100000100000000001111101100011000110
1010100101001111010010001010100011010001
0010111110001101110010000101110101011000
0010110000110101000100000111011110011100
1010000111100111011000111001011100001010
0001010110001011110110011110001000100000
1001111000000110111101110001000100001111
0001100110110001101001111001110001001001
1100010101010101110001011110010111111111
0000000110001010001011011101111100001110
0100110101110011001001101011100111110001
0000110100000011101000101111001100001101
0111111001000100111111110000000110111000
1100111111000100011001110100101100011110
0100010110111011111101100101110110011110
1010010011001110010001010011100001001110
0111100110000000001101101101001110100111
1011111000110010110100011011011010011000
0101101001010100100011100111011110101100
1010100101101101100001010100000010111101
0110100111110111111010000001001100111101
1001001011110010100111101011111111111110
1001011100100111100110100001011010101000
1111101110111011000101100110111000110110
0100100000010011011101101010000011001001
1111001110100100000100101001010101011010
0101101100111001100100000010000110010011
0101001110000000101101111111011000100010
0011101010111110100110110011000111110110
0001110101101111001000000100101101111011
0001000010110000110100101011000101111101
1110101010010111101001110011010001101101
1100101001110100101110001101011010000101
1100010010101100110111110101101100010110
1101011101101000001000110101110100101001
0001110000110010110000110010111000010110
0101110100001001011011000011101100100101
1011111101000011101000111110100000100111
0100101110000111010110110100100010000010
1111111011101111000010101100100110100100
1111111001000100111011011101010100111111
0000001111111010010010011100111010111101
0010100101111101110111101110001000001100
0100110101001110101010110011011111001001
0011100101111000101011101000101110011101
0110100011101001101101101101100001011100
1100100000111101001010100010101100010100
1000000011000100011000111010011110010010
1110011010010011011100101111111111000101
1001001101010111001000101111010000001101
1011001011010111101010010110010100111111
0101011010100000111010101001011101011011
0100110101110010100011010101011010110011
