40 255
1100001110001000100110011111101100101010
1010011000011011010000001000111111100010
0100111111101111100101101001011111010010
1011110010100001000100011100000101111011
0101101111001111001001010000011000010001
0001010001100111111000011100101011011001
1100000010001011000101101010100000101001
1101110011111101011101001111100000110110
0000110000010000110101110100000010110110
1110110001110101001110011010101000101100
1100110001110110001111001100110100111000
0010001110001101111111100000000011100110
1100111000001001001001110110011001010011
1000000001110011101000011101100101001100
1000001011111011001101100100011111101110
0101111010110000100010001101010010110111
1001000111101011110101000111000110111100
0010010101000001101001001111000100011010
1101100011010001101110101010101011101001
1100110101000110101100000101001101000011
1101110010111011101010001110011001001000
0111010001111010011011010111000010000111
1001111010001011011001100011111011000101
0111100110111010100011010100111010100000
0001110110011010001010001011011010010000
1100011110001010010110101100110001001011
0000000001010010001000111101111000110110
1101111010101101110010010111001010011111
1010110011110111110011111111101111100010
1110110001001110101010101101110011010001
0110001110110000010101010001101011000000
0001110010010110111111110001011000100010
0101100110001011000110110000100001000010
1001101110010011010100100110011011100110
1011100111011111100100000011011000001100
1011010110100111011001001101110100000100
1011111010110010101011110011001001110111
1001010011101110010010101000101000111001
1010001101110100110101101111001010010100
0100100011110000111100110100110100001110
0011101110100001010100011001110011011010
1000111101110111111000011101011110000010
1010001100100110111111000100011100011111
1000111101101010010000111001011010100111
1111100000111000101111101100000100101000
0011010000001110000110101011010101010100
1111011000110101101010000101000100011000
0011111100010011010111000001010011111000
0011101111011111010110101110000000111000
0001001111100100101010101111101101000000
0001000001011010111101000101010101000010
0110001001010001101000010110000110000110
0000001011111000010000000100100111100001
1111111111111001110000111011010111010101
1011111100010101010000000010111010101010
0000111101100101100011100110110000010010
1110001100001100111010111000101011111011
1110110101100001101001000010010001111101
0110110101110110110111100011010101000100
1011100000011110101000100001010010100010
1001101100100111111100100101010100111101
1111111110001000101100110110011001111100
0100101000001000110110100111100111000110
1100010100100011110011111000110101011110
1010010010110101101010011000100011010110
1010101110101000011001010100001110001110
0001000101011001010010111011110100101010
1100010001100100011000110101010111010011
0110110010101010110110111111010101101011
1111010110001100000100001110010110001101
0111011000010000010111100101110000011001
0010111001110100001010111010101111100111
1001011011111101000100100101001101100001
0111000001101111100111001111101010010101
0010100010111111000001010011001011100111
1000100110010010110011010111111010101001
0100011111011101100001110100001011100000
0001010001101111100100000111111010101101
1001001001110100100100011010001100010010
0100111001000111111000000011001111111010
0110011101001000001101000000110001010101
1001101101100001100111101100100000011101
0110000100000101110111001100100111111000
0000001000001100100010001111100011101100
1001000111100110110110111110101100001000
0101111110100101011001000000111000011000
0000000100011011011100110000001100000010
1001000101101110000000110000000010011101
1001111101001111010011011001100011101101
1100011000010100100011100010111101001100
1011010011011101111011010110010110010110
0011000110010110000111110011000100001111
0010100011000000110101100000010100011111
0011001010111110100011110100011000001101
0111011111111110111010110011101101110111
1111101001000111001000011100101100111101
0001100101101000110000010001100101100000
0001110011100111001011101111111101001101
1110111010010101001110011010001111000111
1011100110100001011001101010110101000001
0100001011001000100010100101010111001001
0101011000110001000111101100011110011111
0110110100001110110100100010111010100010
0100000011010000101010010111011011000000
0111010100010101100001101000100000111011
0011101001000101011000000001001110111000
0000101011110110111011011111010111010110
1010001010011011101110100110111001110110
0111000111110111100000010001001111100101
0100100001101001111101001111000111000011
0110101010001111110010010010001101011001
1110000101011100010110000010000001111000
0001011011101101101110101001100100001110
1111111011000111011111011011111010000001
0111000100011101111011101011010110011110
0101111100111110101011111111011001110010
1101010001110011100101001111110111110000
0110111001100001111001100011100000000111
1011101101111110110001100111101110000101
0100101100000101110011011010100001111000
1001010100110100011100100110100100001001
0010101011011010000100111101111111001100
0111101100101101010100100101110001101010
0001000010000101001000011010110101000001
1011011110110110000110101101100001000011
1101011101111110001010110110001110001111
1110000010111100011111010101101001111110
0001110111100000011001100010000001001010
1100101011001010110000111011101100010000
1101011010010000011101110100010110010101
0100100000101100100101001101000011000101
0001111010110101111000110011011000110010
0110100100110011101010111110111000110011
0101001001110011100111100011101110010101
1011000100001011101010101011101100111010
0111111010001100010000011001101110111100
1100010110010101000010011101100110111001
0110100010001111111110011011100011000011
1010010110001011001101110110110001101000
1110000100000011000101110001100011100001
0000110001101100010101010101100100111101
0111010111110110000011110001110100011110
0011011111000010011000111110010111110100
1001110111100101101100010110110101110110
0001100010100000110000111011010010000110
1101101101010011100000010000010011001010
0110010101111001000110010001110000111100
0110011011110011101100111000111111110001
1001010010110110000110011001001001110000
0011111001110110110000111011001100001100
1101101111010111101010111111101000000001
0111001100111100011011010111011010010110
0101000111001101010011100011001001000001
0100010001110011101011001011100001110100
1011011011000100011110111100110110100111
0011011101000000000011101001010101000101
0011000100011100010000110101011011111110
1111111000000100010000000100011010011100
0010001111000100111000111110100100000111
1001001111100000001001111110000110011000
1110001100100100000100010000000101101100
0001011010001110110101111011110011010100
1100001011111111010100000001001101111100
0011001000001110011010000101011111011111
0011111001010111010111001100111111000100
1100101110000100010111000100110110011101
1011101001101010111100001011001101101001
1001101100101101111110010010011101000110
1000101011110011001010000000101110100110
1001110011001110100101110110001010110010
1100111000111100110011001101001011110001
1011010111001001100100011110010000010101
0000110110111111111100001110001100111111
0000011111100100010111110010001010100101
0111111110001101011011110100100000010010
1101110100010100110100010000011101110111
1111110110011000110111100001100000100011
1001011111011011010001100110101100011101
1110010000000001100111100010000111010101
1001010000010111010111001011101001101110
1010111000101011111110100100001011011110
0000001100001100000000000011010100001110
0110010101100100000011000101100011010100
1011111101000110100011011010010000011101
1100001011001101110101010000011101010110
1001101100001010101100011010011001100100
1101100111101100010111101000100000001011
0000111010111000101000000101111101011001
0101001111111001100111110111001111000110
1101011110001011000111100111010100000110
1100100111110001100110111111000101110111
1101101001100000001110111001011110100101
0101101110101101111111101110000100110011
1001010100011110101001100101001011111100
0001100100001001100111111101000011010010
1100010101011101111011101100011010101011
0011100111001110001010111111100001001101
0001000100101000000010000011000110010111
1101100101110110011010111110101101011100
1101100111011000110010110110001101111110
1000101111000011001101110000000110001010
1111001111001111010101101001001110101010
1001000010010100110010001011011111101100
0101101011110100010101111101110010100100
0011101100010001000000000111010100000111
1001000110010010110001010100011101100100
1101111011001010000110001100010001100000
0100011100000011101110010000101001001100
1000101100100111100101100001000010101110
1101011111001000011011100101111111101011
0100100110110110001101010111011111101100
0110010011001101100110011011110100000111
0100011110110100000110100001110111100100
0111101000111111100111100011001001100101
1011100110101001101010100101100010011000
0111101010000101100010110001111110110110
1000001010000010110110011011110001100011
0011110001001000001100000001011101010111
0001101000110000100111000100110110111010
0011000100110111010111011110101100110100
0001101100000010001001100000010000000101
1010101100010001011100011010100010001010
1010010000101001001001010111010111001101
1110000100010011111101011111100111010100
1000100101011000010010101101000101101010
0001011010110110101100000000000100011101
0111000100110010011000011111100111001101
0001111010001111101101100011000110111011
0010100101100101000101111001110010100000
1011111010001011000110111110011010101110
1000111111110011101101011100010000011100
1110111010000000111010100111001011000100
1000101101000000100110100000001101110000
1000011001101100011010000010111001101000
0001100100010011100001010111001110011000
1011011001001010000110011101110001111010
1100101010000000111100011000110101100100
0010011000100110101101001111000110100111
0000000011000001110010001111100000111101
0000001001110001000010001111011001011110
0011011111111111100011010011110011010100
1011011100100110111010101101111000100010
1100101000100110110011000110010011011101
0011011111101110111000100001101110000000
0010101100010111000101101001011101010110
0110111000010111111000100101010000011000
1001110010101101000010101011011010111110
1001000100101011111110010001000111111011
1110101010111001101100100011011000001110
0011000001100001001100010110000010100011
1010010000010001110101010000110110010101
0001111110010101101011011010111010111101
1110100000011110100010011010001100010001
0100010000100110011101111000110011001100
0100011101110001001101110101000100101110
