40 255
0101010010110111011111100110010111001000
1000111010101110110010000001111000100110
1010011010000001101000101101000100000011
0111011001111101011000000011011100000111
1000110111111101010110010111110001110101
0010100010110001011101000100111100010010
1101000100010111010000100100111111010100
0101101100010000100100011110110000101100
0001100101110111000100000000001101000111
0101100001001111010000001000100111000101
1010000101010101101000010100001100010010
1011011010101010111011010110011100111111
1111011000111100110011011000100101111101
0111010100010011100000100101011100011010
1000000110011011010100010111000011111100
1110000000101111111100010000010101011111
1010111100111110011111010100010111010010
0100001101100011010010101111111101101110
1001011100011011111011011100000110000000
0111000100100101000011111010111000111101
0010001000010001101001000001100111010110
1011100111001010101000001000001111000001
0100011110010010110000111010000001001001
0011100010010010110000101100110101000101
1010000111111001111011000011001001110000
0011111111011000001011000110001011100010
1011101111110101101010101101001010110000
1001001000111110011000011100100100111011
1011000001110101001000101111100100010001
1100110110011011010011000100100101101100
1100111000100110000000100101000110111100
0001010110111010010111111110100001110001
1001000110000101001110001100110110110011
0101011110111011111001110101000100100110
0110110001011010010111110101000111111010
1010000101011101010110110101110001010011
1011001110010011100010100000111111110000
0100111010100110000010111101110001110100
0110110100111101110000011100110001010001
0100110001001101101100010010001111000010
0011100100000001111100001100111111000001
1001110111110101001101101111100111011110
0100000001011110101010001010010000110001
0001111111010000010010100110010101010101
0101011011110000010101010000110011101101
1101000100011000011011000100011010011001
1110111110010001100110011101000001011101
0111001110111000101101011011110100111110
0110100011001111011010111000101010011010
0101111111011100011000111100001011000110
1111110011010010001011001111001001001101
1100110111000110010000010101001010110010
1111110100101000110110010001101110101010
1111000100001111110010111001011011010010
0010011111010001010110001001101101001110
1011000111000100110100111110111000111010
0110010010100011100010001000110011001111
1001100011010001001100111101000111100001
1001101101101101100100011111110101010111
1000111100000100110100010111001111000101
0010110110010100101100011111000111011011
1101000000000001000100011101111110111001
0100011110110011010011100000110010001001
0100100101110101110000011110000111111101
0011010110011100000101001100000000111000
1100010111001010100101000100010110111000
1101111110001101100011101110011110010000
0111101110110000101101101111101100010001
1010001011010100111110100001111010101100
0011010001000010001010000111001101110000
1111010110101111110010101111110110111110
1100000011001100110100000011011111111110
0001011000000110100001001110001010110011
1101001001000011000000111111001000100101
0010101011111111111000001011010000011000
0111000111011101011011110000001110011100
1101100101101000010111011111000001110010
1001001001000111010110001101000101110100
0000010010111000110011011001001000110100
0010000011000111111101100001010000111110
0000100110100111001011101110101010101101
1010111001000010000111101101011010001000
0110011101110011111101010111010001101011
1110110000101010010000100100010111101100
1100100110010110011110001001000010001110
1010001001000010111101110010111111100001
1011110010111010101001100100110001110000
1011111110101110101001101000110001110000
0110011010111111100010110100000001100011
1001111100111011000000110111000011000110
1111011100010011001001100000000110101111
0010101000010110101111111100111011110101
1000000101001000111010101010001101010001
0111110010000000001000011100010001000011
0000100011011110010010111001100100100111
0010001000101000010000010011111000101010
0010001001111000111101000101010101010110
0001111011111010000001010000101100000101
1000111101100011011100000011111100101110
1011011000010010010111001010001110011110
0100011100001110101000100000001000100100
1111000111111011001111110100111000110101
0110110101000100101000000000111110010000
1111111000111010011100010011101101000011
0110100011111011000101111101010100111000
1101111101010111010101111110011100011110
1010010001110110001111111111001111100100
0100110001100111111101101111001101000010
0110101000100101000011001000110110111010
0101101101101101100011110101000111111001
1100110100111110001100100110101111100111
1111010111101000011000000111011111000000
1110100010110100111110110001010111110010
1100110010100010011011100110011011110111
1011000010010000110010001110110101100010
1100000101100110001001010011111111100111
1011101011010001100001111110110001001101
0010011101001100110101101110101110101111
0001001110010101000010110111011011101011
1001111001000010111111011000000111101001
0000010000100111000111010100010010100001
0101111111100001000000010110110101001111
1101110100111010010000100110110110101110
0100101100001001011011101111111011001010
0111010000000000010011111010110010010010
1111111000100111101001001010110111100011
1010110001111100100100100101010011111101
1101001110110010001111000101101000011111
0111111110001100110011111010000101000001
0001100000010110000101011101100111011001
0001011100100111110101100010010001011111
0000110110100100001010110111101011010011
0010100111011111111111110011111111101110
1001001010111000100001010010011001000011
1111000101111101101111111101110011110100
1000100011010011001100001010000110001001
1111100011100001010100011001001101011111
0110001111010000001111101100001111010010
1000000010000110110110000001001111101111
0101001000000110101011010101111000011110
1110100111100011011010111011111011001000
1000111111111100001010001010111010111110
1101001010011001100111110011001001100010
1110010001110010000111000100101001010111
1101110100100100111100010000011000001010
0100110100011101110101000110100101111101
1101011110011010110101010111000111010010
1001011010111100110100101001010000110000
1010100000010001000000011011011100110111
1110101010000011001111001110101110010101
1011100001110010100100101110110001010010
0100110001100010101001010100011011101110
0100011110110110011101110100011001000010
1010101101011111111111100100001000001010
1100111010101011001111011110000011101100
0001001101111100100001110100011001100011
1001011011111000010001010100000001100110
1101011000101101101100110101000101000101
0011000011001001111100000010000010100000
1000110011110001111110101100000100010011
0001001101111010010001010001010110000000
1100101111100001000011110100010101100011
1010101010010001101101001111101111001010
1101110110011111011110110011101110011110
0111010001110110110011110110111101011010
0100011011011101101001011000001110100011
0101110100111100100111101010010011111111
0011111011010010100010110100101100110100
0111110010100001010010000101000110011111
1101001010010101011100111111110101011111
0101001011010111000100100011110011001101
1110010011001010011010101111100100101110
1100001010010001000101100011001110010111
1011000110000000110001010110100000010001
0110110011101111110001101110001110101110
0101100101010110100100100101010001000010
1110111110111010000001011000001001010110
1111000001100101100110100000111000010001
1001101001000011101010100101110010001110
1101011001111001001100010010000101010001
1101001011011101000100101101010111101100
0100000000111001010100101011110001010111
1000101011100010111011100100101110011111
1011101101010101110110111100110110010001
1011000000001110110111110100000001000000
1101111011101000011010000000111011101010
0111000011010010010001110101011011101111
1101101110011111000011101110010010111111
0111010111110111111111001100110011001101
1101100110011100001111100010111011011000
1101100111101001100011111101101001000001
1010100100101010100010011111011101100111
1111001001100110011001010010000010110001
1111000100001000111110101100110110101001
0111111111000111011101100001110111011011
0111011101001010001100110111000011111000
1110001000001111110111010101001100011010
0011011110011011010001010011100000110111
0111111010000010100011011010000011011011
0100011110001010001000111111001011111101
0110110110011111101010010110010010010010
1010011111011101110101100000010110101011
0011000010100110010111110011110010010000
1100001100111100000101000110000100110001
1111100111111001100101101100001100100001
0110111111001111000111101100101001000111
0000000000100100010000111111010010001000
1111110100100001111010101101100011110101
0011110011010001111010111100100101001001
0110010111001000110100000001001011000111
0010000001010001011100110011000110001110
0111111001011110111001011101001001010110
0011011010100001100101000111010000110001
1101110000101110110000101011111100110111
1000101011010000100110010101111111011010
0101000001101010111011110010010100110110
1111000110001001001001110000101111101110
1111000000010000000010111011111000110100
1011001100010101000011100110101110000011
0111001001110010111110111101010001111100
1101001001111010100000100011110001110101
0101111001111000010101010111011110110111
0101000010010000011000101101011010101011
0010001100100101100010010100000111111100
1100001100001001111110011110000100101010
1000111111100011111000111111110101101010
1011000100011011110101001100000011100001
0010110110110010000101011111000111001010
1010010110001011000001011010100100001010
0101011111001000011001000001110011010111
0001100000111111010011100011000010101001
0001001101001011000001110010110010111001
1100001111101100100111011000011100100110
0111010011110110101011110100011110101001
1100001110001011010111001110000001110101
0011111000000001101101111000101111111110
0000001010000001010111011100111110101011
1110010101001101011101100110010011110101
1001011111111101010110101110110100110111
1100101001101011100101110101000001101110
1000011011010010001110111110000100101001
1100011000011001101001100001100001100100
1011100000011111111000010101011100011110
0100100110100101101101101100010001110111
0111101110111111001011101000011111111000
0101101100100001111110110110110011011100
1100100011000010010100010100101100001111
0110101000000011010011000000111101110101
0100111101000000111101000000101111000110
0110001001001010111000011010000101011110
0110001010000110010111110110110010011110
0100010000010011101000011001111110000000
1011111111000101100001110110011100101101
0100110010100100101110000010011000101000
1011111111100011000011000001100011011000
