40 255
0111111010000111111001010100000000111010
1000101010110010101110100111111001011011
0101111000000001101011111000000011100011
1111111001101101111111110101011101111110
0001110000011010011101111000000011011111
0110010101000010010001000110100111001000
0010111100001010101111100010011010000110
0010010010000010010010001001011011000000
0110100001101110110011111110110000101101
1000100110001001000001111101110001011010
1100010011010110000101001010111100101100
1100010001011111011100011100000111111100
1000111100010100001111101100010000011111
0111011100100001101010001010111001100011
0001101010100110110110101001100101001110
0001101010000101101101011000010101111110
1011101101011011100011010101010000111011
1101001001001011000010100000000111111100
1001011100000111001111011100001011011101
1111101001110111000001100100111011001111
1101110100110001010010000011110100011011
1001011011010111100100000101001111110001
0001001111101111000111011100110100011111
0100110110111011101101010001100111001101
0111110011000110000001010100100101010111
0001110011010101010001000011111011010011
1100011110100111000111100101101010001011
0100010000110000001001111001110101010101
0100100010011000000101101100111101101011
0001100011111100001100010001110101110000
1010100110110001100000010001001001001011
1100110100011101111100010011111010001111
1100011101010100000011110100011011010001
1000001001010100100001011010010111011101
0110001110001101110010001011001011011001
0000100101100111101011010101010011001011
1110111001111101010111011100010110010001
0011000001101100111011100000101101111100
0001101111000011000111001010110001100011
0000111110001100000111011011000000000110
1111110111000111100000111011001100010110
1001011000101001101010111011000101110110
1011110111011111110111011000001110111101
0101100001011100000100101011011011010100
1000010110110000011100100010100010110011
0111001110100110101000011011101101010011
0100101010001000001101111011011010110000
0100111101011111111010110000110110111110
0110110100010010000100100110010111111100
0111100111111001101011000110100011011110
1111101000111011010011011000111011011011
0011011100010100101110101001000100011111
0010000011010010100100001101111110101111
0001010111111110111101001100011010010111
0011011011010101001011000010101100111100
0111110001011101000101011011011100101001
0000000101001100111010011111101101010010
1100011000011010110100110001110110010011
1000000000010111000010010001000100101111
1101000000100001100000010111100001000011
1111011101110111110100010010100110100000
1000100101110011000110100010111111010100
1100100011001000000110000110110001010101
0110111011001001100110100101111100010100
0111100111001100001100100011100100010100
0111101100101010111101100010000110001010
0011000011111110110111111011011100000000
0001100100010010100000010011101001011110
0000001111100110100001111100010010000000
0000100100000001111101100100010010001011
1111100001100111101101111100100011001011
0111101111011011001110101011000101011111
0011011000111101011011111111010011001110
1011001011000000011101111011001100010110
1101000000001101111000111011001010110001
0010011011101111001111100101100000101101
0100111001100100010010000101001011110001
1001011110011011001101110000111100001101
0110100010001010001011111010110110011000
0101000001110100001110001010010100111111
0110011100001110100101011010010101000011
1100101000011111010100001011100110000001
1110101011000101010011011001100100110001
1101010001000110100010111000110001101110
1011110001111100001110011110001001110110
1011001010101001101100001100100101101010
0110001011100110100101010001001111111011
1001000001010101010100010001111000110101
0100110010010110011001101101010010001111
1010111101101010101111001100100110111110
1110011011010011000011010101000001110110
1011010010001011001100010000010110010100
0000011100101111110110110000010001000100
1000011000100001110001000000100100000100
1000111110001000001001111100001100011010
0101101001010101011001110010110101000101
0001110011101000000100000011111000001110
0111100000000011011110110111000001011011
0111100101001101110100110010011111110101
0101101010111001011010010001100010110011
1110001111011110111001110001000011011010
1100101011010010001000100000010111000110
0101111011100011010010110111011011001011
0001011100100101101101010001000001011110
1101101111011001010110111010000000000010
0010111011011100010010001000000111010000
0001000000000110011001101110111000111100
1110011100110110110101001101100011001100
1110101001110011010001111011001101101110
1010100001000011111010101000010100011000
1101010010000000111011111110101010001101
1000111000110111111011011001110111101100
0110101111001000011000011111111001001011
0110001100100011010111011010101110011001
0100100001010110000001101101111011011011
1000101000001001010111101001101101101100
1001110111100101010000010011000110101010
1100110110101110111011001100101110100111
1001011010010000111010110101111000011110
1101110010111111001110000110110010001011
0000111101011010101001010101110101111010
1011010000011001001000010011001010100101
1001111001010110011111111011101101111111
0010000111110011100110100101111010101001
1101000110100100110110000110101101101000
0001101100110001011111101001010011010011
1010100001000000010000100011000111101000
0111011001100110001100111001001001101010
0011001100111001100110000011110110101011
1111001100111000110010010000110000101100
0010011001110001100101111111100101010001
0100010000001101110011001001111010110010
1010101110010111110010011010010001001000
1101110001100001000111111010111011000011
0101011110110000010100001001001011110001
1001110011001111000010110001000101110001
0110100000000110011000011100010010111000
1111010101000001011011111100011101101100
0011011010111001011111010010110101110110
1110110110000000011100001111011110111110
0110001010111101000111101000100110000111
0001100011000111011101000001101110010110
1010110110010011000110000110001111011111
1101100001100110101101000111011110111111
0001010011111001100001000101000110001011
1010010010100100010100001110000100100001
1111000001010010010101011101001000110000
0001001000000000000000111000011001011000
1011010101001111100011001100110110000100
0000100000011001101111101111011001010001
0010110001100100010111010100001100001011
1000010111000100100110110111111111110011
0110101110011010000111011001000001000111
0010101110100101111000000000100101001000
1110000000000001111010100110110100100100
0110101110111100010110001100011010101000
0010010111101101101111010101101001000111
0010101111001001010100110001010010101111
0010010111101001110101000110010101110000
0100001100011101010111101011101110000000
1000111001101010001001001100001001001000
1011101100011101111100110010101001111011
1000101110011000010100110101100101011110
0000111111010100001001001011001101010111
0001000100111011101011010001010010000100
0110001000011110001000010110101111111011
0010000011011111001001111110010111110100
0100010010011110000100000101111001100111
1101010000000101111100110011100011001000
0010101001100101100010001010101011010011
1010111011101011100011001000110000000010
1101110110011011101100011101001111010001
0011111111110010111100010010111001000001
1101111110001011010000101000110111010001
0001010101000011111000001011001010010110
1100100110001100101110010001011110011101
0001111100100101000110100000101001011100
1100100010000000111100110101010010001011
1110010101010011100100101100110101110100
1011101011101110100011001101110001111110
1100001111010011110000000011011100100010
1101100100101000111011110100101010111011
1101011011010001110001111001010011001100
1010000101010000110001110101010101010000
1100001000110110001101001110011110000111
0101010100001111100001111011100010001100
1100111111111100010111010110001110110110
1000100101000100100011000000000110100001
0101000111001010010001011100000001110001
0011000100011110100000011101000001000101
0110000001001001011000111100111010100100
0000101111001101101011000111001000011011
1111001011011011001111010100100010111000
0010111001010001110010001000011010010101
1000100001101011101110111010101000101000
1110001101000111010001100100011110110011
0011111110111101011010111000001100101101
1101010100100000000101101001100011101010
1011101111110011101111100111101100101010
1001000001100011010001101001000111011101
1111011111000011010101100010001111110011
1101111110010101000100001101011001001100
0111001110110101110111111110110101101101
0101001110101110001101110111110011010111
1111010010110110010010101100100111101100
1100101000010110111100010101011101111010
0000101111011110001110000111011000111101
1110111110111110101011111011011110111000
1010101101100010010011110111001010000101
1010111101111101110011111100010001111110
1000001101101010011010100111000111000010
1101001001010000010010001101100011011101
1011111000010110111111001101010010011110
0101111100110001110011010010111011011110
1110100011000010101100011110111000001101
1001110110101001101010111010101100110010
0100000101110110100110110010011101011001
0010110000111000010010001001100100001010
0110111011101101111111010110111010000001
0001001010101010000010011000010101110101
0111100100010001000110000110111100111010
1000000101101011111010110100101000000101
0000100101011111100100110010000101100100
1010010100101111110011001010000100100010
0001010100110101101111101011001010111010
0111111011000110000100000100110010000000
1101010000101011000101011100010100111001
1001111110001101000011111010010101111100
0000001010101011100011011111010111101101
0001111101010100001011010011001011111011
1101010111111001010100110001111111110100
1001000101110101100100000000011110100100
1001000111011101001111101000011001000001
0111010001111100000101101001010111100111
1001110110110100010011011101111111000111
1111011011011100001110111010001101000111
1110100111010111001101100110101000100101
0111010001010001001010000100100111100111
0011111000101100111100100011111111101101
1011001111100000100000010100000010101110
1100010110010111111011110111010110010011
1001101100011010100100111000111100001010
0110001001101110000010001011100100010010
0111110100001101010001001111111110010101
1001010001100001110110111110100111110111
0000101100111010000100100010100111100001
0000111110000001000010000101010000001001
0011101111000010110001101001001011010011
1100000001101011000011011011010011011000
0100011101000001001111100110000010110111
1110011000101001001010111000001010110101
0000000010110100011111010000110101101110
0111101100101000000100000000111000010000
0010001000011010001101011001001001010100
0010110110100000011100110101001011000111
