20 1023
11000110101111011111
00010110100101011011
10010110101101001100
01111111000010001001
00001011101001111111
10110011101000101010
00101111001110011101
10101101110000100111
01011011001111100001
00111100111110010001
10011101010110110000
10110010100110100111
10011000111110011101
00101111000000001100
10010000011010001110
10100111011111000101
11100010011000001110
10001000110101000101
00110011000010101100
11110000011111011100
10001111000001100110
11100011011100000010
00110101000101000100
01001011110100100001
10101011101010100101
00010101000001011011
10000001111101100001
01010101100011100110
10001110111010111101
11110101010000000101
10001100110010111100
11011001000010001011
00001000111000010110
11011010001010111111
01010101010010100001
00110110011101110001
01101111111011010110
01110101111001011100
00111101011111010011
01110100111000010011
00001001001010000110
11000101111010010110
01001000111101011001
10111010011011110110
11111101101110111110
00001100111001101110
01100011101001111000
11000110001100001010
11111111001010110100
01101001000001000111
11011001010010000001
01110110000000100101
11111011101110000101
10001001101110011010
00000000101100010111
01111100101000000011
11010011111100101100
10101100100101011101
11100110101111001011
11001001100001110110
01011110100111101100
00011110111101011100
10000010010100110110
01001010010110100010
11010011000110101011
00011101101110111100
11100011101011010010
00101011001111101101
00100100110011111100
10101110000111001101
00111111100111011010
11010101001111110001
01111011100001111000
00000111011101110110
11110001001000111011
01000000010010011000
11101010111101000101
00001101110011110100
10100011110101111110
01110010100000101110
01100000111101010011
00000111111011010010
11110000101000010100
11100100100010110011
10011001100001011100
00001001011101000011
00000010101111111010
10101001011101101011
10110011110110101101
00111111101110001001
10110101011000000110
11100001111101101011
01001111100100101101
01000000000010011110
11111110000010010000
01000001001110001010
01001000110001111011
01111011010111110010
00001101000011101100
10010101101111100111
10011001011001011101
11010101111011011011
01110011111000111100
00111111001100100010
11010010010011111000
10111011110001101110
00001100001111001000
10001011100110100011
00111101101010111011
01011011011010111110
10100011011000000101
00000010001011111101
11111101011000111000
01001101111001110010
11110101100111110000
11100001100011111011
01100010001010100100
10011110100000110011
01101000101110101111
10101001110101000001
10000100101101001100
01000100011001110011
10110100101111101100
00100101010000011001
10100000110101100111
10101111010110111110
11110010110000000101
11001010101111000011
01001001111011101001
11100000010101100010
01000111110000001100
11001001011111100000
10101101011100010010
11010110000001110001
00110000011010000111
01100111000110001010
01110001011111111011
00010011010100100000
01001110001010001010
01101101100001001111
01001000101000001101
00101111100101010000
01000010000100001000
01100000100000111011
00001010100101011000
01000101110101001110
11011111001111111110
00000110100101000100
10101100100011011001
11010010011100100011
00101111100010011001
11001110101011011011
01000010101001010001
00110100100101101100
10110101011100001110
00100101001000101000
01011001001010010000
00010100101010110100
00101010111101000100
01001110011110001101
11111101110110001000
10001110000111001111
10100001010011011011
00111001000101100100
10100001010111100000
00100000010101001110
10000001101011100011
00111100111100000000
00100001101000101011
11000000100010111011
00111101111000110011
11110101011011111111
11100101111111011100
10010011011110010000
00011100010001001100
00100100111110000000
01011110100100010001
01100011011000111110
11110110111101101111
11011000010101010000
11010001101101001110
10101000110010001111
01101010000110100101
00101111001001110101
01110101110000001100
11000001011011110011
01101011111101111011
00101000100101001111
10110110110010011110
11000001101011011001
11101000000001110111
01010000111101100100
10100000000101100100
10001100011111110011
01111001000011001010
01111110100100000011
11001101110111011011
00011011001111010001
10001110001010101101
11101001010100101101
10010010111000101100
01010001001010110111
10010000011100010100
10101111010100010011
00111010111001111000
11100011011100101111
00010001101110101010
11111011110110111101
10011010111001101100
01111001100011101100
11011000101111110111
01011100100001101001
00110010001101010010
01000101110110010100
11101001110101010010
01100111101100111100
00111000011001010111
00110001011001010111
00011110010111011101
01100100011001111001
01110111110111010001
10101000111010110000
10011111011001100110
01101111001101011101
10011000010110010000
11000011101100100011
10100111000011111010
11110011100011111111
10010010111111001000
11001011000111010010
01000001010000100111
00011100110100101010
00100011000001011101
10010011010101110000
01111111001010100010
01011010111011011101
10010010010110000010
00011010010011010110
10001110011110011000
10111110101001100111
11111100110101111110
01011000101110101110
11110011011100011001
11111111011000010101
00110110011000110010
01001100010011110111
11110001001100010101
10001110110101011010
10101111001100110111
10001101011101010010
00101010001001101010
10010101110100100100
00011111100101101001
11011001100111000111
01110111111010110001
11101001010100000010
10100011000011111011
00111110100011000101
00111010011000101010
00110000010011011010
11110110000110100110
10100101001111110010
10001011100100110010
10011001000111000000
00001001111001101110
11101000111001100101
01001001010000101111
00100000110110111001
00010110111001110000
10101010101011110010
00011010011101100001
01000011000001000101
10100101010011110001
01000010100000111100
10101001111101101101
10100100010101110110
11101001011100110101
00000011100000110011
10111010110100010010
01111000101010101100
01101011111100011010
01100100001100011101
10001000110011000000
00110110010110010000
11111100101111001111
10111000000101010001
10111001001110100011
11010001011111111001
01101000001110100010
11111101000111101000
01110000000110010011
10000011011010110101
11010000100110011111
10101100011010100010
11110001100010010000
10100100011000101111
00110101111100100010
00001111011010001111
10001101011111011111
01100011001110110100
10010101100010011000
00100111100100001010
00010010001111100011
10011101101010001011
10111100000101110001
00100111111011111100
01100010111010011101
01100101001101111010
01100001001011101111
10101110110001001000
10100011001100101001
11010011101101100111
01001011010010010110
10000100001011111010
00111110100100000101
11011100111011101011
10011011000100101100
00110110001111010110
11000010011111110110
10000110000101011000
10101100101101000001
10010000100011101010
11101100100111111011
10010101010001100110
10100001001001010011
01000101101101010101
01100110110101011010
10101010100000011101
11010101111100101011
10110001011010011011
01100010101101101100
00111001000011011000
11111011111101000100
10100110001111000011
11101111111000101000
10110100111001011001
11000001101100011001
00111100010011111101
11001101001101010111
01001101111110101110
11000100100110001001
01101010100000100111
01111111100011111010
10010111000101000110
00100010011001001011
00111100110111100101
01101100110000000011
01100100101100110010
01100100111101110101
00110110001011100111
11101101011010110000
00110000001010011011
01011001010100100100
11001100000010110011
10001001010111100100
10101001000011000101
00101011001100011101
00001001000001100011
10100010111100011101
11111011010110100000
11010010100011110111
00110111111101110000
00101010101111100100
00011000111011101101
11111111001110001110
01101111111110001011
10001110101010110101
11110110011010000110
11111000010001010110
10100111001101111000
00000010011001011100
01010001011100111100
00100011010100011101
10110101001100101101
11110000011101011010
01010101000000001000
10101011001101000000
11011011010101011010
10001110010110100010
00111011000111110000
01100000011110110100
11011101110101111110
11010010110000111011
01101011110111001000
01001111111111110011
01000011111000111101
01100100111111010101
00101110010000001110
00011111111011101010
01100111110100000011
10011000101100111100
10111110000010011110
10001111001010101011
11001101000000100110
11101101100001101101
10111010101011011110
00110000000000010111
11000011111010011100
11111100000011110001
10100100010111111010
11110001111101101100
11000000001010000100
10101000010100000001
11011110010101110110
00010000010011011110
11010000001100011001
01110100011001101001
00100101000111011011
11111010001000111011
00101001010000111000
11100110000100111100
11011001010101110000
00100101101001010111
00001110111000010000
01001011110111110001
01110100110101101001
01011000110101000001
00101111110000101111
10000101100100100100
10100000010111010110
00111101101010000100
00001001010011000100
11101110100000111101
11111111111001110000
00001010011011010011
01100010001110100100
01101100100010100011
01001101100100010111
11101110111010100000
01001111111101101001
00111100011011010010
00010101000101111011
01001101001111011111
01111110000110011000
00011101001000100100
00000000010000100110
00100010001101111101
00100101100001110111
00110000111101000101
10010011110000000100
10001000001001101000
10000100110110100001
10110000101100000001
10011110010001110000
10101011000110111111
10000000111001111101
11011100111110010011
00110100011001010001
11011100100010010100
10100011101010010110
11010100001011101111
01010010101111111100
01011111000011110000
01110100111010110111
01010011111001010011
00101111011001110010
10010111101110001101
01100101001001010011
11010101001110110101
01110111100111111101
10011001110111010011
10111011110001111110
00100011010100010101
01111011110011010100
10001101110001001100
01010111011011001110
00001000000001001100
01000000110110000110
11101001101101011110
01011100100101101000
00001000110001111101
10101001100010101101
11011001011110100001
00011011110001011001
11100110000111110111
01000100011010111001
01011101100100011110
01000011001000110110
10100110100110111110
01001011110100000101
01100011111001010001
00000011110111100011
00000000001100011001
11000101011000101101
01101110111001000010
00000001001000000111
00010011110110000110
11110110001011010010
10011000010000010111
00010001110110001011
01011101001010000010
01011111000001101111
00011011101010010001
00111101011011001000
10101110001001011110
11010001001100011001
11100001111100100000
00110110101000111001
11110110100110010011
10110110011101011011
11100110001010010110
00001000011000001100
00100111000110111110
11011100110000101011
11001101111111100111
00010000111110110000
01000011010111110011
00011011110101101001
00100000100011011111
00000001110100010011
00000001001100011111
01001000110010000000
01110001011000101101
01100110100111010000
01101100011000101011
01110110100000100000
00110010001011001111
11110000111011001100
10011001110001111001
00000010000011100011
10000011001100100101
01010101111110001010
01110000110000001000
01000000100010111111
10111111011010000111
01010101010111001001
01101100100111101010
11100100000001001101
01101100100110100100
00110100000011101110
10000110110111010001
01001000011001010011
10110100101001111000
10011100001111100000
01001001000001101111
10100000000011000001
11111011011101011001
10110010111000101011
10111111000000111111
00100010011000011101
10111001011100000110
00010011111011010011
00011000111101010000
01010001111011100010
01011111001010100010
00110101011101000001
10111000100110100100
00111001101000101111
00111110100101011000
11110001000011000010
01110110100010101111
10101010001100110100
01111100110000011110
01101001101011000010
00010110010011100100
11011100111001000110
11000110011000111011
01010110011010111110
10111011010100111011
01100101111000010011
00011100010111100011
10011111111000001000
01010000111010111011
00100001000011011000
11110000011000000101
10010011001101111110
00011101110100100011
10000101011110100000
11111110101011101000
11010111011110101000
11101011001101000101
01000110000110010111
01010001101010010001
11001111110111101111
01011011010001011110
10111110010000001010
01100001000111100110
01011010011011101001
00110101111101110001
10100010000010101101
01010110010101011001
10100111000110011010
00000101100000101100
01111001000100010010
10101010111100000011
10111101111111000011
11111000010101110010
00110000011001010010
00011111001000100011
11101110111011101000
11110100011011100000
10111010110101001100
11111100110100001111
00101110111111011101
01110010010001000100
00101001111001001011
00101101111000101111
11110110110110010110
00110100010011011101
01100010101011110111
11100100101101000101
01010100001110001001
01011001011011110110
10001111110101111000
01110110100101100001
00111101000001010001
11111110010010111011
10100000010100110011
10000001011110111010
10110101010011100111
10011110010011100011
01101000110100110000
10011011000101111000
00101100111101100011
11010011100010100110
00100101110100100111
11001100111111100011
10100110010010000011
01110101111010111111
01000100100100110111
11100010011011011110
01010000011111100100
01001011001111100110
11011100100000000101
10101101001111010010
10011010111101101100
01001110101011110010
10100001011010110010
10110011111000111101
10010111100001001010
11011101110101010001
11000111000110101110
11100101011010101001
01001000000001101000
01010011011001010111
10001000111011100010
00110010110100101111
00011111011000010111
10101010111011110000
01001001110110001111
11011010011010001110
00010010100110010110
11101100011110011111
11100111000000011111
11110011101100010101
11100011000011100011
01010010011101011110
00000100110001001111
01111110101101011110
00111100101111011010
11010001100010110111
01110111100101100010
10001110100100100001
00100000000100001100
00000010011011001000
00010011011101100001
00100000100010001101
10111110100001010011
00000111110100011111
10001111101110001111
11110010110000010111
10111110101110010010
01110010110100101011
11010011101110001011
00001001100011001010
01011001101001100111
00100000100100010111
00100100101111010110
11000100101100000000
10111001101011001101
01011111000001000111
10010010101100011010
11011011000110110110
01010110010100010000
10000100101110101100
01000001100100110100
00100001101101000000
11000010011110010110
00011011100011001011
00100110010111111011
01100010000001101100
01010111111011011000
10111000001001010010
10111011111111101011
01110111110110101110
01110000101101111011
10110111000111001010
00110100011111110011
01111100011111111011
00110111010111001011
01010111111100101111
11100101110011111101
01011011000111100001
10100000101111111100
00101101100100011100
00001110001111101010
11011100011001011100
01000101001001100110
00111100010100101001
01011101010011010001
01000011010000010010
01010110101010011000
11001100001101010100
00000001110101101100
11010110111000001111
10101110000101101011
10101010100010010000
00001110011101011001
10101110001010110110
01110100110010101000
10010101001101110111
10100100011010111011
00110001110101001000
10110110100100011101
10110111111000101011
00001001010100100100
01100100001100110010
10101111110010101011
11011100011110110010
11000110111010111100
11000100010100100101
10110110001100110110
11100000000010010110
10110000100010000001
01001101101011100000
11010111110101011111
10010010100011111011
00100111010011100000
00100111001100111000
00010000010001100011
10101111101100001111
00001101111101001001
10000100111111001101
11000101101101001001
10100000011010010110
10001011111010101101
00100001011111100101
00000001110100110101
10110101100010111111
10110011100000010000
00110100111001011100
01110000100001001001
10011110111111011011
11111001101010000010
10001110101111100100
00111110011101001111
11111101000000010100
00011110001110011100
11110101000111011001
11111111011101101100
01010100010000101001
11101001111001100100
01111101001010100111
00101011100100110101
01101100110111101111
10000011000000101011
10101000101011111101
10001100000101100101
11000000001111101100
10101111011100000010
10001001001101100011
00001001000011101110
11100110001011010000
10000011011011111110
01100011000010110110
00000111000011001111
11000101011111100001
11010100001111000100
00100000111001111100
11010111111001100100
00111100011100111111
01011100111011001110
01001011110101000011
00110111010010110000
10000111001001111110
00001001011010001000
10101100001010101000
10011000111100110011
01110110010001111101
10000111010010001011
11000010000001010111
00111000110000111100
10010101011010110011
10011111001001111000
11110100011010101011
10000111001100111101
00000110011100010010
00101000011001100001
11111100111100000000
00000110000001111010
11000110101101110010
00000010000101010011
10100111110111101010
00001000010010000111
00001010000111111001
10101011011100110011
11111001010001100100
01101100110101011100
10111011000011011110
01110011100101000011
10111111011100000000
10111011001110010010
11100110100010011110
11000001101111001111
11111010001001110101
11010111010010101100
01011011001111000000
10011001001101011011
01000111001000011010
01111001001010001011
01100001001101010000
00010110010000001110
01100110100001001000
11111001001110110001
01010110110100111011
11010110000011011111
01100011101010100110
01100101000011010100
11000001111101100000
01111110101011111001
11010011111011011000
11010010011011100000
10011110011101100100
10101111001010110010
10111010111110001110
01001101100010011100
11110101010101111111
11101001101101010011
01101110011000100001
01011110000100001100
10000000011001110010
10111101111110111100
11010111001111110001
10000111111010111101
11000000111110101111
11100000010001010100
00101001011010101111
11110011010011000010
01000001011110110100
11111011110110000001
00011011111111000001
00010010110000011001
00000111010110000001
10110000000110111101
10000001111010101010
01001111111011010101
01101101110001000011
00000010001000110100
01111100011111010011
00101110010110111101
10111010100100001000
10100100110111011011
11111011011010000001
01110101111100100100
01100000111010101110
01110111010111100011
00000111011101111001
00011011001000011101
01100000101101000010
00011111101111011111
00001000010101101011
01101011110101101001
01001000010010001101
11100001011110000101
10111101111011000011
01011001100000011101
00101111001110011111
11100000111001101010
10111011011110110011
11100101000101010001
10100000011010000110
10010001011111001000
00110010011000110111
00001010110100100100
11110100001001001011
00101001011001111000
10111000010001000100
11100101000001010001
01100110011010011011
11001101000010111001
10101101010011001000
00110101010110101011
11100011101101000010
01111100101111011110
01001011110110000110
10100111001100111111
01001010101010000110
11101101110010100001
10001010100000010011
01111001000100010111
00110111001011011001
10101110000110001010
00000011010101000110
11111010101011111011
10011101111000110001
00001101111101100110
11110010110000100001
10100010001101001001
10010000101111000101
01101001101111100111
11010011001001010100
11011111010001010000
01111101110010001100
11001101000100001000
00101111111001011001
00010001110101001111
01001100100011000101
00011111101011010110
01100010000001111111
00110010011011110100
10011000100101110101
10101110011000100001
10011110100111101100
00100100101010101010
00111010101111101110
10000000111111101011
01100110011010110110
00000011011010000010
11011001010101010111
00100001011010110100
10001001110000111110
11000000100110011010
01010100111101001110
11100101111100000100
11001101100001100110
10000100001100000111
11010001000001001010
11111010111000111111
00010000101100101011
10110000000111011000
10010100110111100000
00111110011011001001
10110010101000101010
10100100001000101011
11111011010101010000
00110000101111110000
00110001011101101110
11011111111111101001
10100001001001011000
11100100011111110101
01111001111000100001
01001101000110011101
00001010001010010101
01111110100110100010
01101100001010010101
00001101110010101110
01110101100001110011
00000111100010101110
01010000011001101100
10111010111101000000
01101001110010101111
10001100100100101010
10010111010111000111
11000101100101111101
11110100101110101011
11001010100101000100
11000101000011110111
01000101001010110100
10000001110111110100
01011101101100010111
11000010110001110111
01111001100100010101
10101010011011111111
00001110011010101101
00110111101111000111
11001110110011001011
10000000111011000000
00011100010101010011
11011101100001100001
11000111011110010101
10000101011100100110
00011100110100101111
00111100001100101000
10101100010010000011
10000110001101000101
00011111001001000111
11011001100011011110
10010011110011000101
01000000110111110110
00000011100101001101
01110000000010010111
11011001000111000101
01110101011001101000
10010111001010011010
11011101000101011110
01110011111000000111
10011100001000011100
01111011101010000001
11000000001110001000
10111001011101010011
01100001011100010110
00100010001101001001
10111110100011111011
00101100101010111100
00000100100000000100
00001101111110111101
01101111001101110011
01110010100011010000
01001110011101001011
11110010011010001110
10111000111111001000
00001001000011010010
10001011101001000010
11011010010101011111
00101100001010100000
10111010001001010000
01010101101100000001
10100010101010000010
01000011111101001111
10101110000010110010
11010101101011111110
00001110011011010110
11011011010111011011
11100011010100010111
11010100111010101000
00111110100111000011
10110011010001011010
10010110010010110010
00011011110100100010
00100111001101111101
11110011110011011000
10100010001011110101
00010110100011011001
