20 1023
10011001111001000110
01000111010011111101
01110001001111101000
10000000101000101010
00111111001000001101
10100011100011010100
01010101100010101011
11101010100101101110
11101101111100011000
11011000110010110000
10100010101010011001
11010011001010000111
00000100101101111000
01010110111001001001
11010110111000100100
00110011011101011000
01001010110011110010
00100011111000011000
11110010000100111001
11001011011001011001
10100010110000000011
10100110100101101110
10100111000011010100
01100010001100111110
10111111011110010000
00011100101100000101
10111100010110001000
11111011010011110001
01000011111010000011
01110010110110110011
10011011101111100101
01111100001111000111
00100001110011110111
10110101110101000100
01011000100111010110
11010011000100000100
01101011110110001000
00011111111100101001
00100001010100101110
01110110101100100111
10100100001111001111
00001001001110101111
10101110011101101101
10111110011100100010
10001110011010010010
10111011100011000010
01010100100010100011
00101000010100111101
11011010001001010000
01111000010100011001
10000101100101000011
01010001111110010110
01111100101000001000
10010100100101101010
00011111110000100111
11100100011110111000
01100010101000011100
10001011111111010101
01001110101111110000
10100100111010100011
10001100111000110100
11110000111100110110
00010100000000110111
01000000111001100000
10111110001111100011
00100100001111110010
00110111000110111101
01110000011001111110
01011110100010111110
10000011000110001100
10010110110110011111
00101001110000011010
01100010110110100000
10010000110010011010
00110011001110011000
10101101011010101111
10011100001011000101
00010010101110101001
00111000100111011000
01101111010010111011
11011000001011111011
11101010100000110100
11001001111011011110
01001010111100101100
10101110011011010111
00010011001011011010
01100011111000001011
01011101111010011001
11101101100110110011
01011101111011110010
10000101000000100111
00000000001111001111
01100001000100110001
01010111111111001011
01011110000011111000
01110111111011010000
11011000101000100010
10110110011000011111
00011010001100001111
10011111101101100100
10101000100110111010
00010000011110100010
10001110101011010110
11110010001111101101
11100010111111001011
00111010011101001101
01111011000001000101
10011100011100001000
00001101100010001101
11010110000010010110
10110001100000000001
10001010010110000001
00001111111110100001
11110100111111000001
00101000001000001110
11100001000111111001
01101001001111111110
10110101101100110011
10110101100010111010
11010101000101101010
00100010011110101100
11000011111000010010
10110110000101101011
11000100111000011011
10011010101101100000
01010110110011000111
11010011011100101110
10100100111110100110
11001000100000111011
00100000100010011001
11100010010000001101
00001010111011001110
11101010101110100101
10100011101010011100
01001100011001011100
00001011011110001000
11011101101010110001
11111001111010001000
10101000010000111000
10101101010000101000
10101110100100000100
10000001100100100000
01001000101111111000
11001001000110000000
00001100000111010111
00100101001001010001
00110110100000010011
01111111010010001000
00100010010100110111
01100001010101001110
10110101000001010000
10100001001111100111
00110101101001100111
11110011111100010100
00111100100101110101
00110001000010000110
01011100000111100010
00111001101011001011
11110001100001011100
00101100101101001011
10000001100001101100
11011011100111111011
11000110100111110011
00001001011011110100
01010001001110100011
11101011100100001110
01111101110100100011
10011110110011010100
01000101100000011100
01101100001000010010
00111110101101011111
01101100100000000101
10100100010111110000
01110000111001011001
11011101001010100011
01101011101001010101
01001100111001101001
10000000100001001010
10011010000011100111
11111101110110000011
01110010101000001011
01111000001001001111
10001010000100101100
01010100001010100011
01100100001000001011
11111001001111100101
11100101100100110011
00100100010001111010
10111111011011001110
11100000000111111110
11001101011011101111
00111101111011001111
11111000111101001100
10000011110100101111
01010001100011011010
10100110111001101011
01001011011101110010
01101101010000101110
00000001001000010011
01111101111001100110
00111001110111110110
11100001110110110001
01101001010000111101
10101001110100010111
10101100111110101000
00101001010011011110
01110011001111110110
00000001100100010100
01011010000011011010
11011100001110101011
11101111011101111011
00000110111001000011
10001000111001010010
10010111000110011001
01100101010101101000
00011101100111110011
10001001000110000101
00100101000011110110
10001100000101100010
01011000101110111110
01000110010111000111
11011011000011011000
10101111001000010111
01110001100010101110
01010010110100110001
11101010101001110111
11110101110010110001
00101110010111111000
01111111001111011100
01011110111110001001
01011101101010010110
00100001010011001111
11000011110010011110
10100110001011000101
11000111000110011010
10101000101110010100
01111001000110000110
00000101011111001001
00111001001111101111
11000111001010011111
00010110111100010011
10011011101010001111
01100000111101110110
10000101110010000001
11100100011011101000
00100111010111011010
01010010111001010010
10101100110011001000
00100110001000101101
00100011100000010011
11110101110011110010
00001010000010111001
10011101110001001010
01001100011000011110
01000011110110100100
11011101111000111001
10111010011000000001
01111100111000111111
00010011000101011100
01100100110100110000
01001110111110011011
11100111001001100101
10110110111101100110
11101011011010111101
10101011111000100101
00010011000111101011
01100001101101001101
01100101000000010100
00110010101001100000
00100000110000111000
01111010100011011101
11000101001100010110
00001011000111101010
00101101010010101110
11110110101100010011
01111110101100011100
11011100110100111101
01000110011111010001
10111101001100010000
11111000001010101011
00100001111011011110
11011000101001011111
10000110101011111101
11010110111011011000
11001100011000000100
01000111001011001000
00000111001000010011
00110101000100111011
00110111011000001110
01111010010101000101
10100110001111111000
00100011100100100110
10001100010011011110
10101000110011110111
11000001100010000100
01011001011010001100
10001111000000001000
00100100110010101011
11010001110000010010
00110011010100101001
11011010110000011000
01110010111001100001
10101010110011011101
10111100111010010000
11000100000110000111
10000000111001110010
11110001001101000001
10010111111101011110
10000101100010100100
00111000110001001110
11011000110010010111
01101101111010001001
11001001101000000010
10011010110001001011
11110000000001010001
01010000110101111010
01111100001110111001
11111011001111101010
11001001110101100101
01000000010001101101
01111010111011010010
11101000101001001111
10010110100011101000
00101100110110001000
11110011111011001111
00000000101101000101
10011101000001000010
01111011001000011011
00011001001101101111
00111001011111010100
01010101010110101011
00101100100011000010
01110110000001111110
10110101110011110100
00001110010011001100
00011101001101110011
10010010010011110110
01101110100011100000
10111101000100111001
01001011000100011111
00110000101100100100
01011101001111001111
10011010001100100001
10000000111110101000
11111111100010111011
10000101010010111110
00011001101111111110
10101011011110001001
10000011001001000100
11100000001100101001
10101101011011111101
10100001001101001000
11011011110111111010
10101001111110011101
00100111001010110111
01100101010000111101
01110000000001010101
01000010111001100000
01100001110111011100
10001000111100100010
10001000000101100011
10000111001011111110
10001000011110000001
01011000101011000101
01011001001101110011
00111011011101000001
00000101011011100100
10100001110100000011
11010011100011111011
10101100101110101011
01100111000001111011
00101101010011010100
00000101000100010111
10110101011100010001
01001101100011110010
00101111110010010111
00011111101011000001
11111110001110001011
01001110011110100101
01101101101000001110
01000001101011100001
11001001110001011100
10010010011001010111
01100101011010100101
00111111000011011011
10110010000101001011
11000100110101111100
01110110111101001101
10100100001101111000
00011000000100111110
00110100011110011111
11000100101010011101
01100101110101000100
00101000111101111000
10101000100011100111
11100001111001111100
00000001111010111001
00111101011111011010
11111110010110111101
01110110111011100100
01001110000101010100
10000110010101110100
10111110110010010111
00011111011010000100
10000101010011101111
01000000101101100111
01110011100110101010
11010110111100110001
10111011111101100010
00001011110111011100
00001111011110010001
11111100011101100000
00000010010010100010
10100101010101001101
01110111100111001001
01001110111010010111
11011000100101001110
11001110101100100000
10111110100011111011
01101010000000111100
01100001000001001100
10111100010110100111
11001111100000110101
01000001111001110001
01010101101101111010
00000101011000110110
00110100011100111011
10101001111011000100
10110010011111011010
10111011011011010110
10010111100111110001
01010001101100110010
00011111011000101011
00100000101010011011
11100001000001000000
00101010111100110101
01100010011101110100
01110001111100110001
10010110000000000000
00100010000010111100
11100000101001101100
01011111010010000011
01011101011110011101
01100000101011001110
00100000001101010000
11010011100000000011
10101111111111100111
01111101010110111110
01110011000010111000
11100001100110001101
01110011111101111010
01010100001101010010
10000101011101110100
00100100111010100101
00010100100111011110
10000100111110010001
11111100111100001000
11010001011100111011
11111001000001100101
11000101111000111110
10001101001010000110
11110011110100100001
01101101110001000110
10110101001010110010
10000100111010111010
00011010000111010111
10010010110100000000
00000101000100001101
01100110100000011101
01000101111111110011
10000010000011000110
01010000111101000100
01111110110100010111
11010110001000000000
10001110100110001010
01001000010011100110
00011110110101111110
10111001100101011111
10110111000111100111
00001000010101000110
00011000001111000000
00110010111110111001
01110110110000101001
00001101001011111100
11100010111011111110
01111001111111100100
00111010110011101100
10000001100111011010
10110100001111001111
00111000100001110010
01100100011111011101
00000010100110010100
01111100100111010000
00011011010001110011
10110001100000110001
01010011000010010000
10010000111000110111
11100011110110101001
11110111111100100001
01100110010111111010
01100111101001011110
01111101111111000001
00100010011110111000
00001011000110110000
11100111010111011110
01010111110100111001
10101100011110011101
11001010000010100001
01010001111101010000
11010010101100101101
00101101100101110000
10010010111000110110
11111100010100000101
10000111000001011100
00101100110011001100
00001100010101100000
00101101000110111011
00000011000001101000
00010000011100100011
01100010110010111111
10000110011100011010
10010000101000100100
00110011111101101111
11001101111110000100
00010110110000001100
11000000000101011011
10110000111010001110
10001001111011101100
11010100011101001011
00110101111100011111
00110101000111010101
11110111101010010010
00010110001000110001
10011010100011000000
11011001010110010111
00100110001000101110
01111000001111000000
11011101001111010111
01100000111101100101
11101101011101001101
00010100111001011110
11011110011001111010
01010111000011101111
01010100111111110100
11000000011101011110
10001101101001110100
01100100110100011111
10111101111010001100
10111001101100000011
11111100010010110010
11010011000010110001
01001011010010111001
11000111000001100010
10111010010110010111
01110111010000000000
10101000000011001000
10001100101111100110
10101110010101011110
01110101111110111101
11101100001111111100
00101110010110110011
01010100111111000010
10010011000111000000
00100101100101101111
01110010001110101010
00001111101001011110
01010000111100101010
00101101110011111100
10000101011011111001
10110000011101110111
00000010011100011011
00000011010111101001
10110010011101101111
11100101010111100111
00101011101110000001
11111001011010110001
01000111010011010000
10000010100000100001
00011101100011100110
11011110110110100011
10000011110011111110
10010011110110101010
11111001111110101110
10000110001100101101
10110011010000100001
10101011110000110110
11101100010110101001
01110000111010110111
01001011000011010010
11100100110011111110
00001011111100000100
01110001101100010010
01101101100001001100
10110000110010000111
01100001111111010111
00010101110101000000
00010000101101001000
10011001001111111000
01010101101000100100
00011011100001101111
11000110111111100010
00111100111011010111
01101110100000010101
00100001010101001100
10000011111110111001
01111010010110100110
01010011010101110000
11100100010101110100
01111100111001110001
11011101010001101000
01001100101011001101
10010111011010110100
10001001001100100010
01010101011110000010
10110100111110011001
10111001011000110101
10101010110010001110
01011101011111011101
01110110000110011111
11000100110000001000
01101010111010100110
01111011101001011110
00000011110101100101
01010011011111001100
00000111001101110110
10001000011110011010
00010010101011110011
10001100001110110111
11000000010010100111
00111000110101000101
11110010101110010111
10000001111000110010
10011000111010010010
01100000000110100011
00111110100110001110
00001100110000101011
11100111111011010110
11011000111011001100
00110110011011010000
01101001111011000001
11010110110110001000
00110000100010001000
10000001000000001100
01011011011101100101
00111000110010010010
01110010011101011001
00010100010000001110
10010011100000001101
01100011111100111011
10100000100011011101
10111110001111101000
10010001000001101000
10001101111101100000
11010100101110110001
01011001101100101100
11001101110001100001
10101010110101010100
00011001100101101101
00010100011111000110
10011000111101100111
11001000111001111110
01100011110000100101
11011000100100001101
00011000111111100001
00101011001110110101
01110011101000100100
11011100001000010011
10111101110000100001
10000101110101101001
01101111001101011000
01011010010000101001
10100100000111100101
11001011011100000000
00000010010000010111
01101111110010001000
10111110011111110111
00110011000111000111
11100001110110101011
10110000101110010001
00010010100011010011
11010010001011110011
10110111000011110110
10110001001100110101
11000010111100001110
11100010010010010101
11010001000010100011
10100011101010111101
00110100110100000010
11111001000010100000
01001110011101011100
00011000000110001101
01100100011010101111
00111010110100011110
01101110010100011100
11101111010000011011
11000101010100100100
01100001111010101010
10001110010000101100
10011110101110011111
10011111100111000000
10000100000100010100
10100101110101100100
10000110011000111101
10100101101000010110
11010010110100000000
10010001011110000010
10110011010001011010
01110100000011111010
00000010100111000100
01001110110011101010
10111101101011110010
10100101111111011100
01010110110101010000
10110010001110000010
00100000001111101101
11100011100000110101
00111000110010100010
11000010100110011010
01111110001001110111
11100010001100010100
01100111100101101000
10000000110001001010
10000010100111100100
10010111110100101110
00101011111110101011
00100101101001100000
11111110011110011000
00101011000011010101
01100110001110010100
11000110000100001110
00000000001011100001
11101011110101110011
01110111110111110000
00110101001110010010
11110000101011010100
01001000110000110100
11110111111010011000
10100101011011101011
10111101000111010101
01000101010101111110
01001110010101100111
11000100100000011011
01111011001100000101
11000110100101001110
00110110100110111010
01100101110001101001
10111010010110000110
00001110011010000100
10111110001010100010
00011011101000100100
01100010010001001001
11000110101010001010
11010000111001000111
00101100111111001011
01110000010101101101
11010000101011011101
00110000010001110010
11111101100010100101
11111100110011111011
00100100101100001111
00111110100111101010
00100101010110001100
11111001011000100100
00110011010101010101
01010001010000010101
10010101100001011000
11110110100010010010
11111001001000111001
00000100011000100000
00000000111111110110
00101000001011111011
10010100101111111000
00011111001100100000
10101111010001101010
01010010110010010111
11110011101111101001
00111000100000001101
11001100011100011011
01101000010001100110
10011000011100101011
00101000011110110010
00110000001010101011
00001110011000010111
10010100110110010010
00111001100001000001
10000000001010000101
10000000111001010000
01111011010110011110
01011001001010101101
01011110000101001111
11010011111101101101
10100110100100100101
01001011100101011011
00000010111100001001
11000101101011010001
00100110111100111011
10100001110110001010
10100001001000000101
00011010100101000111
10000100010111010100
00100010000111100110
01010101101010100101
10100100100100000011
00111110110001011110
01100100110010101001
01110111110000010000
11101111011001011011
00010101100000101011
01101100111110001101
00010111011010100110
01101001000111011101
00010101110000111111
00011111101001011011
11011100011111001101
00100000000110110011
00101010111001111110
10101011000110000001
10111011110101110111
00101000000110001011
01111000111101001100
01110001000000011000
10110101001111010110
10011010101011111101
00011010011011100011
11001011110010011111
01100110011101110111
00011101110110010111
11100011011011010001
10010101100000011000
10000000100011001001
11110010001110010100
10000000000111011111
11100111010110011101
10110110101100110000
00100010110010011101
10011101011101101010
00000110001101001110
00101010000011111110
01011000000100000100
01001011110011100010
11011100000010100001
11001100111110100001
10111000100011111101
11100101111011010101
01011000000010111010
00010010000100000100
00111011100111101101
11101010000000101111
11011111000100010111
11101011100000101101
11011000000000111111
00111010000110010010
00101101011010101101
00001111001100000110
01111111010101100010
01110000001000010001
01101001111010011101
00001110100110011000
10001010000101011011
01011010010111110001
11111000011010010000
00011111111110110111
01011000000001111010
00000011011100011111
11110101001000100101
10101000001110001011
00000000111000000111
01001111100110000110
01001001011100010101
00111101101011010001
01111000101100101100
10011100011000100001
01010110111101101010
00001000101011111000
01011101000000011000
01100111101000001011
11100100111000000101
11010110110100110001
00001010001110101010
11100011011110101001
00010010001110000001
11111100011101000110
01101000101100111001
11110000111001000100
00010110011111111011
00000100110110011110
00111011000111011000
01110101101100110100
11111100101101110101
01001111000011100111
00001111001001000110
11000111000001110111
11100010100110011010
10001111110101000011
01010101000100000000
10001100001001111001
00101111001001100101
11011100001101000100
00010000010000010010
01001111100011000111
10110101010010111111
10111000111110100001
10001101101000000100
10001011011010110010
11001110110101001100
11111101111100100111
00011001111000011010
11001110000110010101
01000110010011111010
11111010011111001001
01001000000011011100
11111101111101001000
01000101111100101110
10100000011000110110
00110111100001001110
10111110111111111111
01111111111100011010
00000010110011011001
10100010111011100110
00011111101011111011
11111111100110111110
10101000010101101010
10011001101011100001
00000110110110001011
11101010001010011011
00010110010111001111
01101000101001000111
11100110101000110001
00010011001000010010
11001110010110111110
01010110010101010110
11011001011001001101
11011011110101010101
00111010111001011100
01100010011110110010
10001110001111111000
00101110001101111000
10101100101101011100
00110110110101010001
10000110110101111000
00011000110100111111
01010010111010010100
11100000101011101001
00000100110011010100
10000101111101101100
10000110010100011111
01011001110011011011
00011011110110001101
00100101111000100111
10000001101101000101
00000110011100110110
11011000110110111100
10100110111000111011
10110110111011010111
10000111111110000101
01011010011100111000
01111001001011111011
01110100011110011111
01111000010010111010
10101101111000111101
01010000100001100100
10101001000100101000
10010010001111111001
01100011010110011011
01100010111010000110
01101001010000000011
01010101101100000010
11110010101100001000
00110001111101000000
01101100001010011110
10111111001001001101
01011100000000001101
10100110010010010101
00001111110011100101
01010011011100111010
01000001101101010011
01011001010101011000
01100110111011100011
01110010100110100010
01101101101011010000
11001111011001100101
10111110001101001011
01000010100011011100
11010001100111001101
11001000000000001010
10111000101100100001
01001110111011101100
10000000110011110010
00101101010111110001
01111101000110111100
11100010101001111000
01111100100111111100
01000011010110011111
11011110011100001110
00110011110010101010
10110011100100100011
01110111010011110010
00100100010111011000
00000110011000011100
10100010101110010000
00110011000101000010
00000010001001001110
11110011000100110000
00000010011011000110
10001100000010011001
10111011000000101001
00100011110000100101
01011100101001000010
01000110110100100111
01011100111001001110
00011001011010100000
10010010011000100101
01110100110000110110
01001111011111010101
10101001011111011001
00010101100100100101
10110101000110111110
01010110011010000111
00110111101101010100
11101100001100101111
01011011101110001110
00000000101010000011
10101101100011100010
