20 1023
10100100001011111000
00110101011011010111
00000001111000101111
11110011000111110100
11100110000111010001
00100010100000111101
01110111111111110111
11101110000000000000
10010001110000110011
00110000010011010011
01010101101001101011
00101010000101111000
10000011111111111111
00101101001110001001
10100100000000111100
10100000111000111100
00001001000000011100
01011110100010000001
00001010011000011010
01100011001111111101
01110101111101001110
00100111100001110010
11000110101101110101
01010110111000011010
00111111100111100010
11101101010101100001
10110001010010011010
01101001100010111110
11111110111101110100
11010010011111110111
10010001001010001010
10111110010100011011
01111111001010100000
10101101011010100110
10001101010011000000
10100100100111010001
01010110111101010010
10111001001100010010
01100001110100011101
11110110101000101100
00111111000001000110
00011000111001010111
10110010001100110000
01110011100101001001
10100011010111001011
10011111101101000000
11100000011100011001
10101111001100010001
01001100010000111100
01011101010100100010
01010110100111111001
01111110101100111110
00101011010101101110
10111111101011010000
10101110100101111101
00100110000011110001
10001111010000100100
00100111011011101111
10100110000011111100
01000111101110110101
01010110000011110000
01101110001101101101
01001100011010100010
00010010001011100011
10110001000110011011
11110011001110010111
11101011100100101110
11011001000110111111
11111011111011111110
00000010000110000001
10110011111111001000
10010011110000001010
10111100110100111000
00111110100001101000
01110000001111001000
11011001110010100101
10100101001000011000
00000101000011011010
00000111000000011110
11111000111010111011
00111100100011110010
00001010011110001011
00011111010000100010
10110001000010101110
10100011101010000001
10110100011100000110
00101011101100010111
11101111111110010000
11001110010110010110
01111010001011110101
10000000010111101101
01000101011111110001
01010100111100001001
11100100111110110011
00000111000100111001
11011110010111010101
01111000010000101011
01001001100011100010
00100100110010111110
10011100000110101101
10110011110101100110
00111010000110001111
11010101101010011111
11000001110010101111
10001100011101110101
01101001011010011100
10100001101111100001
00011100000001001101
01001001010011000010
00111101101101111000
10001101000110001101
01001010010001010010
10001111100001011010
00110000101011010100
00111111100001100010
01000011001001100001
01111101111101010101
10000011001011100001
00010011001011001110
00000101010110101011
00001010101001000011
10011001011010110110
01010001011101010010
00001100111011001110
11111101000100001001
01001010111010010000
00000011010010111011
01100000001111111001
11110000000000000110
01001011111100000010
00110110111110001001
01010010001100010011
11100001111111011001
10000000110001010110
00110010111101101011
01001101001111100010
01000111011110111010
11000100111011101011
10101100011100000101
00111110000111100100
10111011000111000101
10001010000010110110
01011000100110010111
11111110001101001000
00010110011001001001
01010100111001101000
00100000000001000001
11101001000011101101
10011001000101111100
00110111110101111001
00011000111001111101
00100101010011010010
01111110001000101100
00101110011111101000
10100101110101011001
00101011111010110111
01101001011110000010
01101011000110010010
10000100110110010000
00101001101001100001
10100101110111001010
11110010000010011100
10001010000101101010
10001100101001010100
00010011101101010110
01010011011011101101
01010111000100010100
00101011010001101100
00000100101001001100
10001001011101000101
10111011010111111100
00100101000011110101
01100001001100101110
10001011110111101011
10111110111100010110
00010101100110101001
11110111010101001001
01011011000011101010
00111001111110110000
10011001100011111010
10011111010010011110
00111111000011010100
10111001110011110000
00000000100110100100
00111010101000011111
10110010111101010010
01011101001110110110
10010111110100100001
11110011010000100111
01001011101011000100
11001101000001011100
10111100010011011100
00011011011010010100
11000101100011101001
00101000000010010001
00011110110101001001
11111111100101101000
00101010010011110100
11001111100011101010
11000010001110001101
10110010111001001001
11000111111011000000
11100101111000000101
01100000000111010011
00100110010100010001
11111111110110010011
00110000101111110010
10110110111111000011
10110011100000010000
11001001000101100000
11100011110110011101
00000010110001001110
01110111100101011010
10111000101100101011
11000100011000111010
00111111001111000001
01000000011011110101
10110101001100110010
01101111000010111000
11111101101111110000
10000101111000001010
10010001111000010100
01101001110100110100
00010010100001000111
11100000100110101010
00101110011110110010
00011000100011100101
00010001001101010001
10001100110001001101
00100010101101110101
01001110001100101011
10011110010111000100
11010100001000001100
01100010011100101000
01001100100011010111
00110111100001111010
10010101000001100010
01000110010001110011
10100110111001101100
11000110101110010001
11100000111001010010
10100101010010110100
11110000101111110110
01010010001111001100
10001110101101111001
11000101100111011110
00111010000011110111
01001110000010011010
00111111101110011011
01000100100101001011
00011100101011000000
00110000011000000010
10010010110001011011
00001000000011011011
10011101010100000011
01000110101000000100
11101000100110100000
01000100011100111110
11111100100011010000
11011000101011011111
00010101111110011110
00011110011101001011
10100101100111101100
00111011110000000011
00011001000000111101
10010101101001010011
01100110100010101001
10100011101110111100
11000110110000110010
10010111111110011000
10100010000001011001
01011010001011011010
00110001001100110001
10101010011110000011
00111101011011010000
00110111101001000110
11101001101101100011
11000111100111111001
10000111100101111000
00111111111101101111
00011001000000110011
11110100000001001010
10110010111010111001
01011100111011001000
00100001111111101000
01101100111011100100
11111001010000010001
00000010011101001000
00110111101111111111
10101011100000111011
01100101101011101001
00111110011001011101
10001000110011110100
01101110110101100110
00001000010100001000
11101011010011001110
01101101011110011010
11110101101000000110
11101010100010000010
10011001011110011100
00111000100011110100
10101110010111011110
00010110011010111001
00110101110010000110
01100011001100111011
01010011110001000011
01011101011100101100
00111110001010000111
11000010111001111110
01111111110011100001
10100011000011010001
01010011101101001001
01101100011011111010
01001011001011110000
00111000001111010000
00001010000111011100
01001011101000111000
10011010110010111111
10111001010101010001
01100110010011100100
00101000000000001111
10011100101001101110
01011010100001000010
10010000110111100010
10110111011000010110
10001001101001110010
01000000101001111001
10001011001101000111
10110001111100111100
00011010110110001111
11100000011011101101
10100100111001010111
11011110000111101000
01100100001110101001
00010111101011010110
10100011110111000011
00101010111000010010
10011111100101010000
00110000111001011110
11100000011000111011
00110000001000001110
11010000001010111011
00100010101111001001
10011111011110110111
00011100011100111001
01110010101110011011
01111001011110110000
11011010100110000101
11000100101100011110
01110011000100001010
11111111000001100011
10110000111110001000
10011111100000010111
10000011010011001011
11111000001011110001
11101001100000101010
11011000110001001000
11111010101110100100
01111101011100011100
10010111110101110111
10110001000100000010
01001000110000101011
00110101010001100100
11010010111001111000
10111011011011101101
01001100011010100111
00001000011000010111
00001001111101011100
10110011011000000110
01101000001100011101
01000001001110000100
00011101110111100000
01111111000000111111
00011101110100100110
10101100000110000110
10101101001000110111
11011111110011001111
10010011000010010001
00111110011001000110
11010100001110000100
00101011001000011110
00110001110000001011
11111000101011001111
01100101100000110100
10100010101110110110
10001010000000100101
10010011001011101010
01101010011011000011
10101101011000000001
11110101001000111110
11011000101010000001
10001111110011100000
00010100101101110100
00010100000110110010
00001101111000001111
11001101101100010001
10100100010110001000
11010101001101010100
00111011100011101001
01101001011110010010
11110100101010110000
11111001000110110011
10100001001010101101
11000001010110111101
10100001101100010111
00111010100010011101
11101111101101000110
10101111000111101011
11101010111001111111
11001110001000001001
01001011100100111111
10000011100111110101
01110011110111000101
01110010100100011110
11100010101101000111
11000000111011101000
11000011100010100010
11111010100100101110
11000111111101111000
10010100001010110110
11101100000111110111
00111101110010111111
01010110011101001011
01011111100111110001
00000001100111110101
01000111101010111001
10001000011000110010
00001111110000001110
00000100000010111101
00101100001001101111
00110011110001000110
11011011010001010010
10101101110011000010
01011101110010111011
10011111011001011110
11011000010001001110
01111001011100110100
00010101010001010111
00111001001010111010
10110101001011000110
11001010011011111001
00101011011000001100
00101000100010001011
10110110110011111101
01011110000000110000
01001011101011000010
01001010000110110110
00111001010000111010
01100111000111101100
00011110010101011011
01100100101101011101
01110111010001001111
10001010001110100101
00111010001110000010
00110110101011110000
01111011000011001000
00101110010001010010
10111010000010001111
10000001000100101101
11010111111101111011
01100000001111100110
11010000110001100110
10111001100101010111
00000100001111010010
00011101100000010000
01110110011101000001
00110010101001101000
00010011100111001011
00111101110111100011
10111001010011000100
11100110000101101101
11110010010000101110
11001001000010010101
00111001100100101111
00010000001011000011
10000001111001010011
01100111101101101100
11000000110010110010
10010001110010000100
00011000000101110011
01100100100010001110
00100100110110101101
00100101011111010110
11111001111011110010
10001101101001111010
00111010001101000001
00001111011010001001
11110000101001001111
00100110001001111001
01100000110100000010
11001101101110000101
11110111010010000111
00011101011000011001
00000010110011111010
11100100111101100100
11001000111110101101
01100111110111011111
00101011111110101001
01000101100101010101
11100000010011001101
01110001011011110010
00001111011010100000
11111100101100101001
11100001100001010100
00001111101011000111
01011100110010100001
11111010110000111111
10110011001100001111
01011010001110010011
00011011011101101100
00101111010110111101
00111101100101010110
01101011110011001111
01110010011011100011
00100100010010001101
11100110011111100010
01100000101100001010
00101100001001110101
01101010110101111001
00000100111001100010
10101101111111001001
11101000000111000010
10111100001110010000
10111001001001110001
10001101111011000100
00010100110010110111
01010010011001000011
10100111000101101000
00110010000001111010
01101011111101010110
01010110010100011111
00110111100010001111
01010100110100010100
01010000111001110011
10001000000100111110
10100001110011000101
10100000101111110010
00010110000111001101
10011111110001111111
11101100110000111000
11101111110000000101
10001001111010100010
01101011000100101110
00000101100101010111
11001000101001010100
11100011101001000001
00010101001101001111
10101000101111110100
00110100111010111111
11011000000110110111
01000101011000101001
01000111011001100100
01101010010001111001
01110111000010101000
01101000100101011111
11111100010000010010
00101000111101010000
10110001000000101101
10110010110011101100
00111101001111000111
00110111110100101111
10110000001110010101
01110111001100011011
01001010110101011000
10010000010111110010
01101110111001010010
00111000101111000010
11000101001000100011
10111000010010001011
10001010110111110000
10000011100101101010
10100101110000110110
10010110101110111101
01111010011001001110
11011010111001101100
10010101010101001010
11001000010101010011
10011001010000001100
10001011001101101111
10110011101011000110
00101010011010110110
00011000100110010110
10010010110100000011
01100111001100100110
00011001010000001111
00010001000100001000
10000000110000101100
10000010110110100100
11010100000000100101
01000010011111011110
10000110011000011000
00110100101001100010
00000111001110010110
01000111001101010010
01000110110100010111
00100001100011000000
00001011101101101010
01110111011010101010
11011100110111000101
11101111101000001101
10011100100100001000
11010011000010100110
00011100100010111111
01001111011010111001
00001110110000000011
00110111000011100100
10000000100111111001
00111011010101101110
01101100001011001100
00101001110010001100
10101111011011001011
01000111000010000101
00010001111101111010
01011101110111100001
00101011010000111101
00100010100010000100
10111010000111101001
10101110101101011010
00110111000010110101
11111001001111011111
11010111100101100110
00010111101010000111
00000001101001010100
01110101000111011010
10010111011100111110
10110000110001111111
01011100000100101010
01001001110000000001
11011001111011000010
10110110000110101110
01001111111111011100
00001011001111010100
00010101110101110101
11110100101001111011
10010110110001001100
11111001100000111111
00111101110101001111
01001111111000100101
10111001001110100110
00111111101111010111
11001100111101110000
01010111100110110011
01111011001101001011
00000001011100011111
00010000001010011000
00101100100110011011
01001010011001010111
10101100111011100011
00000100000000101011
01110101101111000010
01011001111110001010
10100100101101110101
11011101000111101011
11000110101010111101
10001010011011010010
01001110010001111001
01100011111001110111
01101010101111010101
01001011100111101000
00101101010110010011
01000110000111010100
01100000101001000011
01001111010100110001
01101001000001100110
11011100111011011011
10011100010110001011
01110110110110010010
11110111011100110011
00101011100001001100
11010111001100000100
11111011001001111010
00011110100010010110
10001010011011011100
10111111001011111101
10010101100111111010
00011001011011110011
00111110001111010111
00010000111000111101
10100001000100110100
11101011010010011010
00110101101011100101
10000100111010100000
01001011111001000111
10011000001010001101
01000011000100101001
01000100001100111010
10010010111010001101
01001110110010001100
11101000000101100100
11000100100000101100
00001101101001100101
01000001101000000000
11100100001100100101
10101110101111110011
01000111010101001111
10100010110001110001
10000110111101000111
01101011101111011100
10111000010110010100
10110001101010101101
01010001001000011011
11000000010110011010
11100101101100011110
00011101010011001101
10001011010010100011
11010111010111110101
10001001001001111000
01000000101010100010
11001010100110010011
00000001100110100100
00001001000110000100
11011000010010010011
11010100011111010100
00010011010111001111
00111000000000101111
00110011000100010100
10101001010100000010
00011010111111100011
10110111000000010010
01111010010001110101
01010000111100000111
11110000011000110101
10100101100110000111
01111111001010010010
10101111100101001110
10100111011110000100
01001101111100000111
11100110110111000100
10111011110000000010
00100001000000100001
10110110100100100010
10111000011000000100
01100101001111100011
11100111001011001111
10111001110011101111
11000001011011010101
11011010111001100010
00000110010010000111
01100011000101000110
10111011110100011110
01001011101001100101
00011010011001110001
00101000111000110011
11001010001011010101
11011100100111110111
01111011001001001001
00100000110100100000
00100110000001001011
11001000001010000001
10111110011000111001
00000110110011001111
10110000110100101111
10101001100100100101
00110011000100100000
10101110100010111111
10011111110000000110
10011011110100110111
11001111010000111010
01100111011111101001
01011110011110010001
01111110110000111011
10010110101000001111
01101001111100001011
01010101111111000101
01111011010011110101
01110011111110101011
10000100010010111011
10101100010001111100
11010000101010010001
11010001010111000011
11001001010101011010
00101001001001111001
11011010011001010101
00001011000110101100
11100111011111001001
10110110100110110011
11001101000101101111
01010010110110001111
01001011101101110110
01101111000011000010
11110101110110101101
10010011001100110110
11000111110101101001
01001010110010000111
01010011100101010110
10001101010010100011
00001101000111111111
00110011101100001001
01100000001000001000
00100000001001000000
10111000100111010110
00001110001110111001
11010011000000001001
00101110111010111011
01010111100100101000
00000010011001101100
11100011111010010100
11010111010101100101
11111111010111001001
00101011000110100101
10000000000010011101
11111001101010000111
10111100010011000111
00110000010111111001
01011011011110000010
10010011100010101000
10011110011000000110
01000000110011000010
11001000001010101011
00000111100100101001
11111011101000010101
01110000101010000010
01010011010101110011
01011001101101100100
11010100011000010100
01110100101111001111
01000010101100001010
11001010100001011010
11001101100011010010
00000100110010010001
00101001100110011011
01010110001110000101
10011001001100000101
01000001011011000100
00001001101011000111
01100001110110001001
00101011000110011001
11010100110011011001
01011010110101011100
01101001100111101101
11111111000101001101
00100100101101101000
00000000001100100111
01011000100001001100
10000001010100101110
01011101110110110100
10000010100001101010
10010000100001110000
10001011001010000011
01100101110110000110
10000101001111111100
10000111110011010100
11011100111110010000
10010001011001110111
01000110000101110010
10111011000101101011
10011000110010000000
10011011000111001101
10010100101011100111
11001011010001011100
00100000111000001011
00011101110101011111
11111001000001100101
11101110101001101001
11100011011011001110
01000000010101110011
10000011101001000110
00111110100010111000
01100011100011100111
01111110101111000111
00110111011101010100
10010110110100110100
01100111011110100000
01011101101110101110
00110110011001010101
01100110110110000001
00010101100011001000
00000010100010100001
01110000111000101010
10000100101010011101
10000110110011111001
01011100011000111101
11011111000111111110
11110101001001000111
01100000100110101111
01101111010101000011
10111110100011010010
10011111101001000111
00011101001111010110
10010111110110100010
00011011010110110111
00101101111000101111
01010001011110011110
10101011010011000101
01110010101001111000
01100010110100001110
00100011110010110110
01101001111010101111
00010100000001100000
01010001101001111110
10100000011000010100
10010010000111000111
00010111000001001100
00110011001001100001
00100111010000010000
11101010100010011110
00101000011111010011
00010011110010101111
01111100010111110100
01000110111001111111
11010111010011101100
00010011110111101000
00000001010110010101
00000100010100001000
00010010000101110110
01111010001101001010
00101101101011100111
01101100001000001000
11010101100011011001
00000010011001111101
01000111111000110010
01011110111010010101
10110101101100000001
00011001001101100101
00010110100101110010
00011000111000011000
01100010101010000100
00111011011000111011
01100101101010110011
00100101011001011100
01101111010001001001
11011001011100010100
10011101100011010010
11000110101010000011
10010101110011110101
11011101101001111011
01101010101011010000
00101100010011111011
10110010000101100110
01100110101110011000
11100100111110100101
00011010101000110111
10110100100001001111
00100000100111101011
01010000010110001001
01001100110000001001
01001000100001110100
11000011000111001110
11101110000001000010
00001011111100111010
10111010111001011101
11101010000010001000
11111100011101000101
11100111010101000110
11101000100010111001
01100001100110111010
00111101000111000101
11111101000001101011
11011010100111100101
00101101110111111111
10100100011000101000
01011111110001101101
11110011110001110000
11100111100110011101
11110001011010011111
01111010110100000111
10000111010001111110
01110100000100010010
10111011111111100010
00010101000111111010
10111111001100001101
11000001011011101011
10110111100100111110
10111111111110111110
10011010110000011101
01001000010000111001
10111101110000001101
00111011010000011101
00001001010100000011
01000110010100111000
10011110011101010000
00011111111101000011
00010011011010101100
10010100100010010100
10010010110110100001
01011111010011101010
00011110111010000101
10000101001001101110
01110101000001001100
10111010000110100011
10000011100111000101
10011110100101111110
11000011100110011100
11010011110011100110
10110001101110100001
11011011011101011110
10011000101011111100
01011101011010111010
00010101011100001111
11110010100111101101
10111110010111000100
01010100000000001100
10010101011101101010
01100110100010100101
00010010110111111011
10111011000101111001
11001110011101001001
11101110000111001000
00010100101110000010
01110010010110011101
11111110110011101010
11111010110001100011
10000101111111111000
11101000000001100110
10001100100010110100
00011100111101011110
01010001111111010010
01111111111000010011
01111000010010101010
10100000110011101001
00100001010111011010
11111001100000010010
01000000110010001101
11000011001010101100
00110001101010000110
01101000000110011001
00000100111111101111
11001011001010000110
11001010001101010000
10001101010011100000
01011011001000001010
10010100110001110000
00011011111100001010
