20 1023
00010011101110000011
00101001101110101111
01110011011000100000
10110011000111111000
00110011101101001010
00010101000011000110
11101001111011101111
11010101011110110000
00000001100110011001
01100011100000111001
00010011101100010011
10101101100101010001
00001001100010111110
00110011010100000001
01100010110100110110
11100001110010110111
10101010000110000111
01011110000101101110
01001010110001100110
00001111010111001101
00001010011100101011
10110000010001000001
01001011100010000001
00000100111110110010
10110111010000001011
00100001110111111001
11001000110110010011
10001110100000100011
00110010011011000000
01011000011010011111
11111100011111001001
00011110101011111011
01010000110100111001
01110101011111110001
00000101100010100001
00000010001100000100
11111001110000101001
01101100110000100001
00000001111001000010
00000000001111101101
10100100111001010110
00001011000111001000
00000001111110011011
10110011010011001001
00100000001111111011
00110100001100111001
01110011001111011101
00111000010000110110
10111001001001010110
01111010110011110010
10100100110001101010
10110110011000001110
00001011010101001111
00000010111101101101
00101101000111001100
11110010111111010000
01001110111101001111
00100110001110001101
00101001111010000101
00001000000000001110
10011011101110001111
10011100101001000010
11001100000001100001
10001001100010111010
10101010010100010000
01011111111101011001
11110010001100110100
10110100010111101111
01110110111110101101
00101000111111101010
01000010010011001011
00110000110101000011
10000011101101111111
10100110100000010111
01111001101011001001
11101010110010110100
11100001011011110110
00111100110100111110
01000001100101000101
00101111000001100010
01000101100100000111
01111000111100010101
00011010111110100101
11000110100001001101
00100000001110001111
11011111100111100010
01011110000101100001
10100000100011101110
11110011110111000000
01010001101000011100
11101111001111000010
01000011100111100010
01110011011110101100
01101001110010001011
10010001001000001001
10110100111001011101
11100000101101001101
00010011001001000010
00000110110111011001
10100101010111010101
10010101100100010000
01111101110111111011
11101001101001110000
10010110011001010101
11100001100011010100
11000100101111001111
01100101001000101011
10100001100010000111
01001110110110111010
01111010010001111110
11111001001111011100
01100101110101101001
10110100011110011001
00010010010111001010
11101011000001011100
10111000110110110111
11000001110101100000
11110001110100111011
10001101000101101010
01110101110011100110
11101110101011110110
11101100101010101100
01101001010011111100
01101011100000101111
10011100010001000011
00101001000000111111
11100110000110100001
00100101111111101011
01110110111111110010
01100010100001111110
10001001011111111001
01010011001010111110
00110001011100001000
01001110000100010101
11011101010000010111
11101011000000101000
00011011100111010100
00110110100100110111
00001111111010000100
11011100111100100011
11011111100101000101
01000110111101101110
11100000100010100000
10010001001111011110
11001100001111010111
10111111111001111100
10010011000011010101
11011110100101001010
00101111100001001011
10111111101010001010
00010011101111111001
10011111101111100000
01000111010101011001
11111000001011101010
00101001101011011100
01010100100011111110
11101111101001000101
10101111011100110100
01001110010110101010
11110100011010110000
00001000010010111111
11101001111110110011
10001010010100001110
10100101101001010001
11010110001010100000
01011101010111101111
01101100111011100011
10101110000001001100
01100010111111011110
11000010001100100000
11100101101110001111
01010011100011010011
10101101011011100010
10101011100110000111
10011010110001011011
00001000000010110111
11100110111110010100
01101010001100111000
01010111101110010110
10101010001011111010
11001101010100110110
11011111001111101111
01011000000000111100
00111000010110001110
10010010100001011011
00010111101100001110
01110111100010110010
00100010101011000101
10100100100010110001
11011001100101111000
01100000011101000110
01011000010111101100
01100101011001011111
00001111101011000100
10101111001100101111
00100111000000100111
00100000100110000100
10100000110011001110
11111001111001110101
01110111110001011101
00111011111001001010
11111001000101011010
01100100011110011010
11100010110101011011
11010100100101110100
10111000001011111100
10100001010011101100
10111011011111100010
10010101010101111111
11001111010111000111
10101100111111110001
10011100010011001011
11111011001101100010
11111100101110001101
00110100110000111010
11001011111001011001
10100111011100000101
10101001010100110110
01100011111001110100
10111100100111101101
10100010101100011111
00111010101110110101
11001110000010111001
00101001011111001010
11011110000001100000
10101100011111010111
11000100000001010001
11100000010101011000
00110110000111000110
11001111101100010001
00001000100001010101
11010001101011011000
01000100000101010010
01110011100101001110
00011000110010001100
00001000010011110101
00100110011000110011
10001010110001111111
01010111001001101011
10111100101101101111
11101011000000000110
11110100010101111111
10010100111000110111
11110011110011001010
01000010000111000001
00010100011011111000
01011010111001101010
01100011010000110001
01010000100110100110
10110101100101010111
01100001100111011101
01111101001101110110
00011110010011011101
01010010010111010100
00000111101100101001
11110111010111011100
10111100100001111001
01010000010001000111
10111000011011111010
01000011011000000010
00111101101100101111
00110011000110110001
10110000101010100111
00010001100111010010
00110010001101111001
00010000111111111100
01111011000011011000
10011100001111100010
11110010101001000011
01011111110100001010
01111101001111010010
10100110100001111001
11011000000001111101
11100010101010111110
10001000110110101111
10100001111010101100
00111001110110011001
01011110000100101101
11100101001010110011
00101100000000100001
10011111101101100000
00001001001000101110
11110000000111101101
01110010101101000101
00000011000111100111
11001100001100110001
11001100110110110101
00110000011000110000
10001110010100111101
01100000000000000000
00101001000010100110
01010010001011011000
10111010010010001011
00011101101011011000
00001101111001110110
00011010010111010110
00010110100010010001
11101010111110100001
00110000100111011111
11101101110110101010
00101000001110001001
11111100011010000111
01001001110000001000
00111111111001110011
00001110011001000000
01101000011100101101
00000001001111110111
10000000110001000110
01000110110011001101
00011111100010001110
11101011100000101100
10100100101111010110
10010110111100000011
10110100110001010010
01011101100101010111
01110010001001110011
01011110010101111010
01000000010100000000
10111010110110001110
00010010101111000001
11010111111100101110
10111100000000101011
10011110101110010110
00111101100010010001
00101010011001110001
00100100101011000010
10000101110010011011
10110101000110111001
11010110100111000001
01110110110011111011
00010101111100010001
11111001110001101000
00101101101101101111
10010100000101000100
11111001100010000111
11101001010011010111
11011110101001110111
01011111011110110111
00110011011010001000
11011100011110010101
01011010100110011010
11101001101101000010
10110101100010001010
00111110010111000100
00111111010101110001
10010101110101100010
11101111100101011011
01011110001111001001
00101111101010000000
11000000011100111011
11010001100110001001
11100110100101100101
11111001110111010000
10100100000000110110
11111001010101111101
10011110010111101010
11101010011000110001
10101101001011101111
01001010110001001011
01011010100011111000
01010101100100111110
00001101010000100010
10001111110011100010
00011001100111001010
00001111110100100110
11110111110101110110
01010101100111001101
10011110001000000000
01010001100000100111
00101100001111110101
10101110000101011111
11000100010000001110
10111011000011111000
11101101101111000000
00001101110101000110
01011011110111111000
01000100110000011100
10100100110000100011
11100010010000111010
11000100001000010101
00010001100110110000
10110011110100010001
10111010000101100011
11100011001011011011
10110011111010110101
11010110011010001000
01010101110000001010
11011110100010011001
01010000111010010011
11001110001011101001
10010001101011011000
11001000111001111111
00010100111111100011
00100110000011010110
00011011110100010011
10010101000000100011
10001011000101010110
11010011111001011011
01110101011000110000
01011110010100100111
11101101101100101000
01010001100010110111
00111100101110101001
11001111101011010000
00111000111101100110
11110100101110101011
00010101100110101101
00010000100010000100
00100000111110010000
11100100010110101011
00110101001001001110
11000000011000011100
00111101101100110100
11111101011110111001
10011011011101000110
01011010010101111111
11010001101110011110
11010111101010010001
00011001001110000001
00000101100001000100
00110110010111000111
11000111001011110111
01011110001000111101
00010010010000111011
00000111010100100101
01110000110111001110
10001110110111001110
11101101110011111001
00111011001110101001
11110100100010011001
10110101011000101110
01000011011010110100
01001111010111100011
11010000011011010110
10101111011011111101
10000100000100001100
00010110111011010011
00010010001100101101
10110000001000111111
01111000111010111010
10000011110011000000
11000101000100010001
10010001000011001011
00010110000101011010
00000010001001011010
00010010110110101000
01101001010110101111
10100110111011001111
01001010111010000101
00011011100010000101
01010001011001000000
00001101010110101010
11101011000101001001
10110001011100011001
11101111101011000101
00001010101101111101
10111011001111101011
10010110001010110101
01000110110101110001
11101010000000011001
10100001011000000100
01010101111100101010
10000101100011101010
01011001100111001100
01101000100001000000
01111111001100000100
00100000001011101011
10010000000011001110
10100111000010000011
01111001100001101101
01101101001101100011
11101110001100110010
01110010001010010101
11100011111111000011
01001000110001011111
10010110111111011111
01110010101011101011
00111001000110000010
01111110000110100101
11101000000001011101
10111011101100100101
00000101001111001101
01010011101000010101
01110101101111110111
01011101011010110001
11101111010100101101
01011010111001001110
00001100011101000011
00000001101101101011
10010111010001101001
01001000010110001111
10000000100101010000
01000011001011010001
11110111000010000010
00011111110111000101
10101101011010110001
00111111100110010100
01001011101110100101
00010011111000101111
11110010010011011000
11010110100110000000
11010000001101010110
01100000011011110011
11000001110111101010
11011110000101010110
01100010111100101010
11111001111111001001
00000101100110000100
01100000001001110111
11000010110011011100
01101001010110000011
10001111100001010001
11101101001011101000
01000011001111010111
10100101111110011010
10010001000010011111
00011000000111111101
01101110001010101101
10111001111010111010
11111111011111101111
10111011011011010100
11010111001010001000
11100010110111000010
10000001110100101100
10001010011110010010
10110000101011010010
11110100110000111110
00011111011001100011
00111011101001101111
01000100011101111011
11111010000000011000
11111100010111001110
00011001011111011011
11111101011011110110
10101000100011011100
10011000001101010100
00010111001100001011
11110000000010011110
10100100010000100000
11101100100110011100
10100010110011001010
11100010000110111100
11000001110011111001
01000010011000011110
11010000110010100110
01011110110000000100
11110001101110001011
10001101001110110010
10100000010110001101
00110010110001111000
00100001111010100101
01000011110111111100
00010010110011010100
00001000100001011101
11100111110011101110
11111110010010100101
11101110101010000110
00100001000100100110
01001011110010011000
11101011001111011101
10111010101000111100
01101111011011001101
00110010110110101101
11101101001001000001
11010111110010110001
10010011100111001000
01101111100010100100
01101101010000110000
10100111001001001000
01010000001110001100
01011000101010001010
00111010011001110001
11011101111000100011
11111001010110001100
11101111111000101100
00111101110001001111
01010100101100101110
01111110000011100111
00001101110010101101
11110010100001101111
00100010111010011000
01011110100100101111
01000010010000111111
01110100100111111101
10001011010101101010
11000010000101110000
00011010001100110100
11000110000111001011
00100010100010101110
11010010110111100011
11001110110111111001
01101100011011100111
11011001000111101010
11010000001000100101
00100001000001010110
00010100110000011101
11101100100010110111
10111000010000010110
11111010100010001011
10011101011011001111
11011001101111111010
01001011110101000101
00010101010001001100
00101001010111011001
11000111010000000100
11001100001000111000
01000100110111011111
00110001011000111010
01111000110101011001
11110101010000100110
01110001011001100001
00011110101011000111
11110000100101101110
00111100000111010110
01111110110101101100
10101010111111011110
01111000100001110111
01101000100010100110
00111100011001101010
01001001000110111011
10001001100111101110
00000110100110001101
11101101111000000110
00101010101110111001
10110011010000110111
01010111101011111000
00101000101100110011
01011000100101100001
01101001000101001111
11111000010001001000
00100010101100011011
10101000011001011001
11001111101001010010
10101100010010111111
10000001000101111111
00101001100100110000
11001110010001111011
01000001011111001000
00110111001010111001
00010101010100010011
10101011000101000101
01110010001100101111
00110110111000100011
00100101010100111110
11001110010100011011
01011100000110001101
11010001111010101110
11110011010100100010
00100001001011011001
00110011101101001101
01100111111001011101
11010001110001100011
10100011000111110111
10100101111000000111
10000000100011010110
01010100100111010110
01011001000011000110
01101010011111010010
01110111000110011111
11110010010010011001
01110001101011001100
01111010111100000101
11110000011011101011
01000110101101000111
11111110110000111010
11000100011001110011
11101101100101001100
01110100011011001000
10101001011010101110
01000111001000010001
11100010110100001001
11000110101010111000
11110011111011100100
00000011101101001000
01001101101001111100
00011001011111101000
00110101000111000010
01011101111110001111
00010011100110101100
01011110001011100010
01010001111101001111
01000011011110001100
00101011110001101111
01001111011101110101
00010000000101011001
11111001110000001010
01111011000000110100
00011010100111010110
00010010111001101001
00010000010001011011
10011111100001010010
01010101000101111111
10101101001010000011
00010001111011100101
11111100100001110001
11101000101010110011
10011001110111101101
10010010011111111100
11011111001001110001
11000001101011011110
00000001010111100001
00101100101101100100
11001000001101101001
10111000000111010010
11011100001001101111
01110100100001000101
01011010101111000011
01111101010101100010
11001000010111101000
11010110111010111011
00000000110101100000
00000000101000010100
10100011101111101001
01011011010000011010
11011010001100100101
11101101100100110000
11010110100101101110
11010110011010001101
00111011011110011001
10011011110000011000
01001010000000101011
10000110111111011110
00111010010011110111
01010001101101011010
11011111101111101010
00000010111111100000
01010011011010111010
00000110001010110011
00001000010011001111
10000001000011011001
11000011000000001111
10100111000011001011
00111100011110110010
01000001100011100010
01011001001000100100
10011110100001101001
11110010010010000000
11101001100000111100
11000100110001001101
11100111000011111100
01110111111110110110
01100000000101110001
01100010100000100000
10100101011000010111
00110101011111000110
01011100111010100101
11011010110101011011
11011101101010011100
01111010000010010011
11011011011001010100
10101011111000000110
00001010010100011011
01101111101110010001
00011101101001101010
11111000110101100101
10100010111000010001
11111011110001000010
10110011011010111101
10011011000100010110
01100101011110100101
00100000010100111011
10010101111010000111
11010101000101100001
01010100010011011111
00001111001000010111
00110011001001011010
11101011111001101011
01010101011100110011
11110010001010111111
00110111111100111111
10110101100010101101
10000101110000101010
10100010001111111011
10000010011010101000
01101011011011111100
10100110000111011011
11101011110111110010
11110110100011000011
10110010010101100111
00010101010011011011
11110011100101001001
01001111001111000111
00110111001111101111
11010110100100101011
01101110010001011101
01001110100110101011
01100010111100010000
10100000010011111001
11011011111010100100
10100011101101101011
00011001101100000001
11110101110101011010
10111000000010101111
00011011001000010100
10101111111100010101
01101111010111011000
00010001000100110001
01000011110100011001
00110111010101010110
01100111010101000011
01110011011111010111
00101100101001011101
10110101011010100010
10001101010000100100
11101101100111000100
01110011011101000101
11000010010010101000
01100101100111011000
11010010010111011101
00100000001011011011
00001101110000111101
10011110111111000100
01110100001100111000
01110011011100111000
11110010110100011100
10101111110011101011
00111111001001101101
11000011010101001001
00100110111000011101
01010110011001011100
01011101000101111010
00101010001101101101
01000100011111010100
00101110010101011011
10110110100011110000
10001000001010110011
00111010001001000000
11101110100011101101
11101001001101010000
11100110101001011110
01101001011010001010
01100000000110110110
11101111000000010011
11001111011110010011
10111001111101111110
10011100010110011111
00111110100001101110
10010010111100011110
00011011100100110100
00111111001111110100
00110111000010001100
00010111111011111011
01101111100111000101
00101101111001111000
01110010111000000100
11010110100011111010
11111001001011000010
01010011000001010100
01011011011101110001
10101111000010100100
11110000101100100110
10010101101101110011
01110100110100010100
11000010010010010011
00100100001111110010
10011011001000110000
10000010011101011101
11111000010101000000
00101111011110010001
10010110010001000000
11111010001001000111
01111011100000101101
10010001101000011101
10010101111001011101
10011111010111111110
10010111101100010011
10000111100110011010
01100100010010101011
11010111010111111010
11111100111010111011
11111011101011010101
00010011101111011011
10010111000101011110
10101100001001010000
11110110010010000001
11000110101001011110
01111000010100011100
00001011101000100001
00000011100000100101
10010001010100010010
01010111000000011000
01001100001101111101
10110010111110010110
00100001010111111101
00010100110010011011
01010110011101001110
00011010100101100111
01100111010110111011
10111101101100000000
01101001100100010010
01100001111100001101
01010000000000101100
00001011111100101100
00100111001010101100
11011111000101011001
00001101011000000000
10101001111011000111
10111100101000111000
00000111100010110101
11011110010000111111
11111110110101110001
00011100000111110101
00011100111111001011
01011111110101100001
10100100010000111011
00100100101010010100
01000100010101000000
00111111110001101100
11110101111110000000
10101010110101101111
00100010001010101001
10001011001110000100
11110101000001100001
01111011111110000100
10001101011001000110
11100011100010000100
10010010010110011100
01011001101110111101
00001100111110111001
10101111001011001011
01100001010000110110
00101110000001011110
10010111010000011011
10010101100110110101
01100011011100000010
01101111011110110100
11000000001111001000
11001000101101011011
01000000001001101001
01000101101110111001
10001000011101100111
01000110111101111110
01011100100010101011
10101100101101010101
10000010010110011110
10010011011000100011
00100100010101110100
11100101011101010111
01011111101100010000
11011101100011101101
11101100110110011011
01010000100111011111
01111101000110111001
11101111101001001100
11000110111110111101
00111011000100110100
11010010010000100010
00011000000111001100
00010010011100000000
10111101100001100100
10110111110011000010
00011101101011000011
01101000110000100000
00101011111110011010
00110110110111111100
01001110011010010100
01010100010001000011
11111011111010100111
10000010011001111001
11010111100001111010
11111011111110110110
00100100010011101110
11001111111011101010
11001010101011011100
01010010111010011010
01000101001100101100
10001011011110010110
01010101001000110101
00111001111001000001
00110101011110100000
00000101000110000001
11011001010011011010
01011101010011011011
01110111111001010000
10010110100110110000
00010010001000010000
10000011101100001000
10111001011110100001
00010101111101100001
10011100010010001101
10111000111011001100
11110001111101100100
01001011010100111100
11111001010100101011
10011111001100000011
00011100001011100011
11010001110101101010
10101110111110110101
01011010011110000101
01000010010101001110
10101000110000101010
11000100001101011111
01110101010010111010
01000000100000101110
11111010011000001111
00100001100111110100
00011000001100000100
01010000111101000011
11010010001000100110
01111011110010001110
00000001000010111001
11111001110010001111
00100111011111011001
11011100000001011111
00111111001001011101
01011100111110011110
01001011111111011100
10111010101011001001
01011111000000010101
00001111111110010110
00111000000100110100
10001111111011101010
01101001010111100001
10000010110111111001
01001010100001100000
01101000000101000010
11011101110100101001
11001110100110111110
11010001100010011101
11001001101000100011
00010001110101111010
01111010000000110001
10001111011001010100
