20 1023
11110110010101001111
01101101001010001111
00111111000100010111
01001111000100010001
00101011111000010110
00011010110111111000
00011011011010011000
00011110000010001100
10011100101001010011
00011100011100001111
01010111100001101000
10001011010111101011
11010001011100110110
10001000011111101110
10010011111110000010
01100010000010010110
00100010100111101010
00000001010111100100
01110011101110100101
10000010101110001001
00101100110001010011
01011110110010001100
00011100111000000110
11010101101011001001
10000001110100111110
11001000010101110111
01100000000000000101
00001000100000111111
11000100001110111001
01000011010110011001
11011010000111010110
10110000100101010000
01010000110100100001
10000100111101000111
10001011000110000111
11011100000101101000
11111010111100001111
11001111101101100000
01001001011000001011
10111000110010111011
11011011111111010001
00110001000001100101
00111000011010010000
01111101101111111011
11010100111011001001
01001110000011011000
10110000100111010100
10101000101100111110
01111000000101110010
00001110010110001000
10110000000010111010
00100111011111001001
11111100101100011011
01110000111101011110
01111000101001110000
01010110111100011001
10001101100010110010
11010011001000000100
00010001000100111101
11101011110011010000
11011101000001101010
00011001011110001110
00010010011001111110
01011001001000000000
01100101000000111110
11000011001001000000
00101000011000100101
11100011010000110000
11111101111100010110
11011101101100001010
01100001100111101011
10101100011010100110
10110001011110010010
01111101000000011100
01010010000101111001
00111101100010001000
10011100110010100101
01110101001110000100
11010110110010101111
10111100100111100110
01001100110001110110
10110010010010001100
00111100000111111101
00100011110001001011
10000101011001001001
11101000110001100010
01010101000100000011
00100010010001110000
11001101100000110100
00010010000111011000
10010010100010111110
11010100111111001110
01100100010000111101
11101111001010101011
01010010111010111110
01000000110010110100
11111100000110110100
01110100110011010111
11001101010011001100
00010101100000100010
00101011001010111101
10100011000011110100
11010011000111011011
10111110011010001001
10011101111101111010
10001011100111110011
11101100001010001010
10000111011001000010
01011100000010000101
00110110000010100001
11010001010000000100
10101000110011011010
10001100101000011000
11010001010000011011
11100100110001010101
00011000110100110010
00000010101101010001
00100110010101110000
01110011000000110100
11000010101001111000
00110011101000000011
10001001110000101000
11000010110101111000
11101010111011111101
00110101011011111111
00001000101101001010
11000111010110111001
01101010000010001011
00100111001111011001
10000011001100100100
00111010110001111100
10101011101110110000
11100110100010001101
10000100001001011101
10101110110001011111
01000110111110101111
11001101011100100000
01101100001111001010
11110101100000110001
01011011000100111001
00001011001100001110
00011010110110000000
00011101000101100100
11100010001100101011
10101000001100001101
10100111110100110000
01100000000100010100
00001000100100001101
01000010110001111001
10001100010110110001
01101100110101101100
00100101001001000100
00101011001101100111
01101011010010011010
01110011111001110110
00111110111011011101
10001100001101111100
00010011100101100001
01101011010100100010
10110100010110011011
10111100100010101011
00100010101111000110
11100011010111001101
11001101110010101011
01101110111000001000
01001111011000100000
00101011111101001010
10011111011111000110
10110001011011111011
00111001001001100000
11111101111101111111
01101011010001011011
11100011110011111011
11110110101000010010
10100001011101100001
10110010111011101010
10000010111001110011
01000111111001110101
10100011100010001010
00011101010000001011
11000110100001001100
01001010101101101100
00110111011111001111
00010000000000111111
01110000110011110011
11010100000000011000
01111011100010110000
10001100001100010001
01100010111110100101
00000110111111010010
00101001010010011111
00110001000000010011
00011101000101011011
01010010100101001101
00001110110011010000
00011000000100111110
11110010001011111111
11101100010001101100
11110000000001110011
01011101000101001100
00100001101101100100
00111001110000010100
00001011001010101010
10000100001101010011
10001000101011111000
11110011011100100010
01000111001011001001
01010110010001010100
01010110010101010010
00000010000000100111
01100000110101001101
10101111010011101000
00110101110100111100
00110111101000110000
01011111011011110000
01000001010100100011
01000010011000100111
00011100111000011111
01000010011111001111
10110101110111100001
01010011010101010111
00110000110001100001
01010111111010001001
00011000010100100110
10101000111110010001
10000110001011100101
10111001001110100110
01011011110010011110
11000001001111001100
01010110010111000101
10011101110011100101
11000111111011110010
10011010000010100101
11011001011101110001
10100110001011001110
11010001100111011111
01000010101000101110
11001110010001110100
10101000101010011100
10110111111000100110
01010111101101010011
01110011010100011101
01101010110000110011
01010110001110100010
00010011110110110010
11110011000011011000
10111110010111010000
11011000011010001101
01000010101110110111
11000110000101000101
01111100110111110001
00111000111011001111
11110011001010100001
10111100010100001110
01011010010000100101
01100000000110101111
01100111100000010111
10100001110011110010
10010100101100001101
11000010100110011101
00001011011111001001
10001000000110110111
01000011101111110010
11011110110001011101
10010111010000101011
11010001010011010110
10110101010101100000
10001010000000111011
01010000110111111001
01101100010000010100
00101110010000110110
11000001100000000010
10110111110101100001
10110011111010111001
00101010110100010001
01001101111011111010
00001000001001010000
01010110111010011010
01010001010010111000
01111011010011011000
10011111011111110001
00000110010000110011
10011000000110110100
10010101000011111011
00000100001110010011
10110001110010011011
10101111100000110100
11011001111010001001
00011110001001011100
00000010000110000000
10000011110100001001
10110000011110110000
00000111100010011010
10000010000011011110
00100000101011001000
00000111011100111111
01100011100011101111
01101011101001101001
11100000111011001010
10111010101110101011
00010010111110011110
11000001101001100001
11111110110111000110
11111100001101011100
01011010001100110010
00010010100001001000
01110110010110110110
11100110000111110111
00111111011110110001
00111000100001110010
01100001010101010010
10110011000101101101
01100111001001011010
10010111010100111111
10001101110101101101
11011101010011110110
10010111111110000000
01100100001100011011
01001011100111110011
00111001010100100110
11110100101011110110
11010111110111110001
11010100010000001100
01001001011100011110
01111101100101101110
11101111101100011111
01101110010010010101
11011100001111000001
00111010110100010010
10010000000111100001
10001111011011010001
10110101100010111001
00000111100001000000
01000100011001111011
11011011010111010100
11000110111011110111
11100100010101001011
11101111001010000011
01001000000101101001
10010001101011011000
00001001011110001000
00000010101010110011
10110001110111011001
10011011101010100001
01110000100010100001
10110110111111000010
00100110011101110100
11101001110000110010
11011111011001001110
01100111100100101101
10100111101101111110
11011110100111100110
11111110001011111101
11000111111011100111
00100110110111100111
00011100101000001110
10100100100000011001
00101010010101011101
01010010010000100111
11010001111010111010
01111110010010000110
00001001010101011011
01101000110011100001
00110011111011011101
00100010101010010111
01001010100011010101
01001111101010011011
00110100000010101111
10001111100101010001
00101000010010101110
10101010000001001001
01010100000001110101
01111100100101011110
10100100111111111000
01111111101010100011
10100101011110010100
11011110111110100011
10000100111000010110
00111001011010001111
00100100100001010111
10100011001100001111
01110100100010101110
11101111010011101100
01110011011011111000
00011100101110100011
10011101111000010000
11111100101000101100
01100100110100110110
01110110010100011001
10001100101001010000
00100001101110101000
11101111000001101101
01101000000001010000
10101110011010110011
01100001110111111111
01011100000100011011
10011111111010110011
00101111001101101110
10010000110011101111
00111010000001111111
00010110101001001111
10101100011111010010
00011011011001100000
11100111011110110000
11100010000011000011
00111001101101011010
00001111000110010001
11110100110000010011
11110010110011101101
10100101011111110101
11101010000110110010
01010000100110101001
00010010111010000011
11011101100011000010
00111110101011100011
11011011000101101000
00101101110001111010
10111011011111011110
01100101000111011011
11011001101101001111
01101000101000100010
00001111000111101001
01010000111101010001
00000111011000001011
01000100011110111111
00110111010110011111
01100010011101111000
11011110101011001111
01010111001011110001
11011010001111010010
00111100000110000110
00110111111101001110
11001100101001011101
00000010111110101111
10010000110101001010
01100101001010111000
11111011101010011011
00100111010110101101
00001101111110000001
10111100001010101001
01011000001111010110
10110100110101000110
01000111011111000001
01000100110111011101
11011111010110011100
10001111000100111011
00110110101011110100
00010000000110001111
10000110101001100101
01000011110010010110
11100000110010110111
10101111110010011011
01011101100110010010
01010010010100011101
01100000100001101010
10110000101000111010
00100010100101010101
00010101010010111010
01010010110111001101
01000000011111100001
10101101011100010111
01010010010010100111
00011010000101010101
11110100111010001110
10100010011010010101
01110110110011011000
11100111010001111111
11110110001100101100
01100110110100111001
00001100100110101010
10001010111011000110
11101011010101010011
01011000101000101011
00101001011111110000
10001010111110000101
01001100010100001011
01101011001110110100
01011101101111101000
00000011001111110010
11100100010111000011
00010101101111001111
00100111000011101110
00001110001011001111
01000011000101110100
11000001110111001100
11111100000010011111
10011010101100100001
11010011011001100101
11001101011010100100
01000010000001001100
10001101011110111110
11011010100110111011
10110110101011011111
10011010000100100111
01011110000100000011
01111100100110001010
11010100010101111011
01100110101000111110
11111000000101111000
01010010100101010011
11000011110001100101
00000010111010101110
10111101010110000100
01000101101111011011
01100101000110111111
01011101010011011011
01010100010101110100
00011100011111011001
11010001110110111000
10101111010111010111
11111011000000010011
01100111111100110110
00000000001100111001
00100100111110111001
11011110110001000111
01101100100101111100
00110001111101110010
00110100001100111111
10000011011001111101
11011110110001111110
00000001000010111101
10110101000000001011
00001001110111011001
10010001101000110001
01111010100010011100
00011001100010010000
10101100100011001111
01001011111001100100
00001100100000110001
00110010111110110100
11100100101000000101
01101111010000111001
11111001001111110110
00111101011101100010
00110011111010000011
01000100101000101011
10000000000000100010
10011000000001101101
11111000110011011001
00011111010001010010
01010111100011000101
01010001110101000110
10101000000101100100
00101001101000111001
01110100011101110101
10100000101010010001
11000010000110001111
10010101001000000010
01010100110110000111
10010011110101011011
00001000110110010010
01110010111000101100
01110010101100011000
10110100011100101110
00110100101010101100
10101110010010010011
01000010110010010010
10100100111010010110
00000001000001100100
10011111100010111001
01100110111111101001
10110000011110100101
11011001011001010001
10010001111011011110
10001011010000101110
00111010110100011001
10111010011001001101
00001110110111100001
10111010100010000011
01000010010010100011
10000110111000000001
10111101100100110010
01010101100010010110
11111100011110101111
01000100000100101000
10001001110011101000
01000101001010001010
11100110011000111001
11110011100001000101
10100010011000000010
00010001100010010001
11101011101010111000
00001001100110011010
01100000010111110100
01101110111110010101
11001011101110000100
11000111010000011100
00001001001011100111
11010110111001101111
00000110000010000011
11101001010110110111
11110110011101111100
00111011100101111010
00000010000010101001
01011001111111110111
11011010001011110101
11000000011010011010
01000011011001011100
11001100111000111000
01000111100100010110
10100011101000010101
01111000010010010010
10011000111000010101
11000001001101101111
00111001110100000010
11100001110000111001
00001100011011101011
01101100100110000111
10000010000111000111
00111001011110011011
01010111111011010010
01110011010101110101
00011000111010010111
11111100000010001110
10101010000000010010
01101100101111010100
10010001000101010001
01010110101001011101
00110011111001110110
11010101101100110100
00010011101110000110
00001011001101010000
10111100010010111101
00101010111010100010
00110111110101101101
11111101011111010101
01001110110010100011
11110100111011100110
10100101000111011110
01111011001100001100
10010101011000001100
10110101001010110101
11000111110100101011
11010001001000101011
10111001111110010011
11110110100001010010
01011101011010110111
01011011110100110100
01010001110011110011
10111001000010011111
00101010001000011111
00101111111001010001
10010001100110001110
10001111100010110101
11010111101001110011
10100010101100100110
10000100010101011111
10010110010001101111
10111110111010011100
01011000011011000010
11000001000010010000
00000101011100000001
01111100110001010000
11110110100011000011
00101011111000011001
00111100011011101000
10111100010101010001
01010111000101101111
11101000101100111000
01000011000010000010
10111010111101110110
11100000001110111110
11100001111001111100
00111101011111101101
01001110111000111011
10010100010010000011
11010000101000101010
11110101000010000001
00111011011000100010
10111111010111101010
01000011100000011000
10011011010010000000
01000110010010010111
00011100001010111001
01111011010101100111
01100111001100111001
00000011010001000001
10000111110110100011
11011100101011110000
10010111001101100111
11100000101000001111
11100000000010101010
00000110101110000010
00011001110111100111
11000100100010111110
01101101010100101110
10011011000101111001
01011011000001111001
01011010001011111110
01000111000001000000
10010010011010101110
10111101000110101010
10001000011101100100
11010111001001110110
11110010110010001101
00000000010100101100
00111111110111100001
00011110101110111010
01001000111110110111
10111000010100111100
00110110010011001010
01000110110000110101
10001101011011010010
00111010011011000001
00000100001110101101
11111111000001110110
01101010100100010101
00010100010100111000
10000110101110011110
11100101111001001011
00101010000111011011
10101101101101101011
10100110000010010001
01110001100110001000
10101111101001010001
00001101000011101001
01101010111110101111
00111110101000101011
00111001111011100010
11011000101001000011
10000010100110100100
00001011011110011100
11000111000000001010
00111110011001000100
01100011011001000110
10001001101000001110
01101001101011011001
00000101101001011101
00111011101101100010
00100011110001000100
11110100001110010110
01000000110101111101
01110110010110010011
01101010100011100000
11101011101101000100
10000011010110111001
00111001100100000000
00110111010001101101
00000110100001000011
01111000111110011010
11111000001001100111
11001101000110100111
11101111111010110010
00100110110000111010
10101010000001010111
10101010100111011001
10010001111110111010
01100011110010111111
01000010011111110010
00000101101101111110
10111111011010010111
00001001011001001001
00110010110100110000
01110100110001111011
00001111010000111101
00001011000101000110
11100001011110100110
10100000100001011111
00011010000000001010
00001110111100100011
11000000100111010111
10110010001100100000
01011010010100000100
11100010011001100000
10011011000101011111
01101001110111100110
01110001000011101011
11000000010010001000
00010011100011100001
00011100001100101110
10011001000001001100
10111010001110110011
10001111111111110111
10111010011111111011
01111100110000000101
00011100011010001011
00011001010011011010
10010010010010100001
11110001111110100000
11100100100111111100
01000010000111101111
11101110001111010001
11101010000000101000
11000001000010011000
11011101001110110010
00000110101011010000
10101011000000101101
11001111001000111110
00100100100001111011
10110011001010000001
11001011011100010110
00100110011000000011
11111111000110100010
10000101011111111001
01010100011111011100
10001000110001010001
01011011100111101001
10111110111111101101
01100001111000110110
01101110111000101011
00111001101001000111
00100011010110011111
11011010011001000010
00101110110110011101
00101011001111101110
01010101111010101010
11011000001110000101
01100100010001100001
01000011110001111100
11101101010011010011
10101101011110111101
10110001100111110100
01001111000010011111
00100100100010110111
10101010000011011011
11110001100001101110
10000011110100011001
10010100010000111110
00100001001010111110
11111000001010111000
10101000001110011001
01001101100010000100
11100010101000110011
01000010000010010101
11011011100000010001
00001111010111100000
01100011011110000101
11110001001000110111
01000000100110000000
00100111100010111110
01001011101111000100
01011001000010111101
10101010001010000110
10101110001101010001
11110011010001100001
11110100010111000011
01111010100011111001
01111011001101101000
11001011100100101101
00100100100001100110
00001001101111101110
01101101111100010000
01011110111110101011
00100010111111010110
00011011100000110000
00010011110010111110
10001101110101011101
11011100111100001001
01110011111110110010
11001111000100001000
00101101010111110001
01010000101111100001
01110000001000011000
11100100000100100000
01101101100110001000
10110100000010011100
11111001110111000101
10100010011111101010
00011100101110100110
01010100101000001101
11100110110000111100
11100111000100010110
10110101101000000110
00001101010100001011
10100001010011011110
01110100011000100110
11100100100101010000
10010000100110010111
11010111010000100111
11110110101110010010
01000100011110010010
10110111010111111111
00000011010100101010
11111101000011011100
00100000101011001011
01011010110011110000
00011101010010110100
01010100001000111000
01000010111111001010
11100110100101011111
11100001001111001100
00111111100000100010
01010010100101011110
00001111010111100111
11111001100010110001
10000010100100001110
01010011000000101111
11100111101010110111
10011100000111110100
10101111010001110011
10100010010110000011
10110101000000010111
01010111000100000110
01011001111101010001
11110100110101001000
01100100000110101111
01100100000011111100
00111010001011111010
01010100010110010110
11100101001000111101
11100110100010111110
00011111100011111101
10100010001011101111
00001000110010110100
11101100001110011101
00011110000010011111
01010000100111011111
10111010011000111101
10100101110001011010
01101011101100010110
00100110100001101111
00001000011001011111
10100101100011111010
00000101001110011011
11010010110010100001
11010011100100110010
11011100011101001100
10110001010011000111
11011101110001110110
01101011010100100011
01010100100101000001
00101101101110110011
01000011101000010010
01100010110000111111
10010110010011111110
01100111010000110001
10110110111011111101
11111001110001011101
11011001010110100011
11011001111110110011
11101011011100011110
01011100111011001111
10101010010001101110
00001110010101000101
11000101011000100010
01100100010011000010
00110100111011111001
01101111000000111110
01001000000011101001
10111111100100010011
01100011110100001100
11100101110111011010
01000010011001100111
10110000101000000001
10011010110100101000
01101111000010110011
00011001111111110101
01000111111100000111
01000100010011110000
11011000100001110011
00001011101110011111
11110001111010001111
01000101011000101110
11010101111111001011
00100110011000000100
01010100011011100001
10001100001010010100
00010101110000101011
00101010111010010101
00100000001101000100
01011101001100101000
11010111000010111001
10100010100000010100
01100000000001111001
01110100100101101011
11101111110001101000
11101001110100101101
10000100100011101110
11101100011001010100
10100110101100111001
01010100000111111010
11011011100111101001
11011101010010100101
01011110001111110110
00000110111011110010
10100110010000000110
01111101101001100011
10001011001110111110
10100111100000001110
10001010001011111101
11110011000101111111
00001001010100001001
10010100111111011001
11111110000001001000
00000010000111010100
00111101010001101101
10110010011010110010
11100001111000111101
10011110010111000110
10000111110000000111
01011000000001111011
10010111101101100000
01111011010010111011
11010010100100011001
01100011110000101010
11000001111011000000
01000011111100000000
11010111110110111110
01011011000010010000
00001100100100010000
01010001111000001001
01010110011000010110
01000100000010100011
00111001110001101100
00101000110110010001
10111000110100000011
01010111001110010011
01111010110001111110
10101110011111011010
00101100101011100011
11001001001001110010
10010111010111111111
00011101100100110000
10101010011010011010
10011001000101000001
11101000100010001111
01100001010010111000
00100100100100100100
11101000110000110000
01111000111011000001
11111000011000010010
11110101100101001001
11100010100010000110
