20 1023
11000011100010001001
10011111101100101010
10100110000110110100
00001000111111100010
01001111111011111001
01101001011111010010
10111100101000010001
00011100000101111011
01011011110011110010
01010000011000010001
00010100011001111110
00011100101011011001
11000000100010110001
01101010100000101001
11011100111111010111
01001111100000110110
00001100000100001101
01110100000010110110
11101100011101010011
10011010101000101100
11001100011101100011
11001100110100111000
00100011100011011111
11100000000011100110
11001110000010010010
01110110011001010011
10000000011100111010
00011101100101001100
10000010111110110011
01100100011111101110
01011110101100001000
10001101010010110111
10010001111010111101
01000111000110111100
00100101010000011010
01001111000100011010
11011000110100011011
10101010101011101001
11001101010001101011
00000101001101000011
11011100101110111010
10001110011001001000
01110100011110100110
11010111000010000111
10011110100010110110
01100011111011000101
01111001101110101000
11010100111010100000
00011101100110100010
10001011011010010000
11000111100010100101
10101100110001001011
00000000010100100010
00111101111000110110
11011110101011011100
10010111001010011111
10101100111101111100
11111111101111100010
11101100010011101010
10101101110011010001
01100011101100000101
01010001101011000000
00011100100101101111
11110001011000100010
01011001100010110001
10110000100001000010
10011011100100110101
00100110011011100110
10111001110111111001
00000011011000001100
10110101101001110110
01001101110100000100
10111110101100101010
11110011001001110111
10010100111011100100
10101000101000111001
10100011011101001101
01101111001010010100
01001000111100001111
00110100110100001110
00111011101000010101
00011001110011011010
10001111011101111110
00011101011110000010
10100011001001101111
11000100011100011111
10001111011010100100
00111001011010100111
11111000001110001011
11101100000100101000
00110100000011100001
10101011010101010100
11110110001101011010
10000101000100011000
00111111000100110101
11000001010011111000
00111011110111110101
10101110000000111000
00010011111001001010
10101111101101000000
00010000010110101111
01000101010101000010
01100010010100011010
00010110000110000110
00000010111110000100
00000100100111100001
11111111111110011100
00111011010111010101
10111111000101010100
00000010111010101010
00001111011001011000
11100110110000010010
11100011000011001110
10111000101011111011
11101101011000011010
01000010010001111101
01101101011101101101
11100011010101000100
10111000000111101010
00100001010010100010
10011011001001111111
00100101010100111101
11111111100010001011
00110110011001111100
01001010000010001101
10100111100111000110
11000101001000111100
11111000110101011110
10100100101101011010
10011000100011010110
10101011101010000110
01010100001110001110
00010001010110010100
10111011110100101010
11000100011001000110
00110101010111010011
01101100101010101101
10111111010101101011
11110101100011000001
00001110010110001101
01110110000100000101
11100101110000011001
00101110011101000010
10111010101111100111
10010110111111010001
00100101001101100001
01110000011011111001
11001111101010010101
00101000101111110000
01010011001011100111
10001001100100101100
11010111111010101001
01000111110111011000
01110100001011100000
00010100011011111001
00000111111010101101
10010010011101001001
00011010001100010010
01001110010001111110
00000011001111111010
01100111010010000011
01000000110001010101
10011011011000011001
11101100100000011101
01100001000001011101
11001100100111111000
00000010000011001000
10001111100011101100
10010001111001101101
10111110101100001000
01011111101001010110
01000000111000011000
00000001000110110111
00110000001100000010
10010001011011100000
00110000000010011101
10011111010011110100
11011001100011101101
11000110000101001000
11100010111101001100
10110100110111011110
11010110010110010110
00110001100101100001
11110011000100001111
00101000110000001101
01100000010100011111
00110010101111101000
11110100011000001101
01110111111111101110
10110011101101110111
11111010010001110010
00011100101100111101
00011001011010001100
00010001100101100000
00011100111001110010
11101111111101001101
11101110100101010011
10011010001111000111
10111001101000010110
01101010110101000001
01000010110010001000
10100101010111001001
01010110001100010001
11101100011110011111
01101101000011101101
00100010111010100010
01000000110100001010
10010111011011000000
01110101000101011000
01101000100000111011
00111010010001010110
00000001001110111000
00001010111101101110
11011111010111010110
10100010100110111011
10100110111001110110
01110001111101111000
00010001001111100101
01001000011010011111
01001111000111000011
01101010100011111100
10010010001101011001
11100001010111000101
10000010000001111000
00010110111011011011
10101001100100001110
11111110110001110111
11011011111010000001
01110001000111011110
11101011010110011110
01011111001111101010
11111111011001110010
11010100011100111001
01001111110111110000
01101110011000011110
01100011100000000111
10111011011111101100
01100111101110000101
01001011000001011100
11011010100001111000
10010101001101000111
00100110100100001001
00101010110110100001
00111101111111001100
01111011001011010101
00100101110001101010
00010000100001010010
00011010110101000001
10110111101101100001
10101101100001000011
11010111011111100010
10110110001110001111
11100000101111000111
11010101101001111110
00011101111000000110
01100010000001001010
11001010110010101100
00111011101100010000
11010110100100000111
01110100010110010101
01001000001011001001
01001101000011000101
00011110101101011110
00110011011000110010
01101001001100111010
10111110111000110011
01010010011100111001
11100011101110010101
10110001000010111010
10101011101100111010
01111110100011000100
00011001101110111100
11000101100101010000
10011101100110111001
01101000100011111111
10011011100011000011
10100101100010110011
01110110110001101000
11100001000000110001
01110001100011100001
00001100011011000101
01010101100100111101
01110101111101100000
11110001110100011110
00110111110000100110
00111110010111110100
10011101111001011011
00010110110101110110
00011000101000001100
00111011010010000110
11011011010100111000
00010000010011001010
01100101011110010001
10010001110000111100
01100110111100111011
00111000111111110001
10010100101101100001
10011001001001110000
00111110011101101100
00111011001100001100
11011011110101111010
10111111101000000001
01110011001111000110
11010111011010010110
01010001110011010100
11100011001001000001
01000100011100111010
11001011100001110100
10110110110001000111
10111100110110100111
00110111010000000000
11101001010101000101
00110001000111000100
00110101011011111110
11111110000001000100
00000100011010011100
00100011110001001110
00111110100100000111
10010011111000000010
01111110000110011000
00010000000101101100
00010110100011101101
01111011110011010100
11000010111111110101
00000001001101111100
00110010000011100110
10000101011111011111
00111110010101110101
11001100111111000100
11001011100001000101
11000100110110011101
10111010011010101111
00001011001101101001
10011011001011011111
10010010011101000110
10001010111100110010
10000000101110100110
10011100110011101001
01110110001010110010
11001110001111001100
11001101001011110001
10110101110010011001
00011110010000010101
00001101101111111111
00001110001100111111
00000111111001000101
11110010001010100101
01111111100011010110
11110100100000010010
11011101000101001101
00010000011101110111
11111101100110001101
11100001100000100011
10010111110110110100
01100110101100011101
11100100000000011001
11100010000111010101
10010100000101110101
11001011101001101110
10101110001010111111
10100100001011011110
00000011000011000000
00000011010100001110
01100101011001000000
11000101100011010100
10111111010001101000
11011010010000011101
11000010110011011101
01010000011101010110
10011011000010101011
00011010011001100100
11011001111011000101
11101000100000001011
00001110101110001010
00000101111101011001
01010011111110011001
11110111001111000110
11010111100010110001
11100111010100000110
11001001111100011001
10111111000101110111
11011010011000000011
10111001011110100101
01011011101011011111
11101110000100110011
10010101000111101010
01100101001011111100
00011001000010011001
11111101000011010010
11000101010111011110
11101100011010101011
00111001110011100010
10111111100001001101
00010001001010000000
10000011000110010111
11011001011101100110
10111110101101011100
11011001110110001100
10110110001101111110
10001011110000110011
01110000000110001010
11110011110011110101
01101001001110101010
10010000100101001100
10001011011111101100
01011010111101000101
01111101110010100100
00111011000100010000
00000111010100000111
10010001100100101100
01010100011101100100
11011110110010100001
10001100010001100000
01000111000000111011
10010000101001001100
10001011001001111001
01100001000010101110
11010111110010000110
11100101111111101011
01001001101101100011
01010111011111101100
01100100110011011001
10011011110100000111
01000111101101000001
10100001110111100100
01111010001111111001
11100011001001100101
10111001101010011010
10100101100010011000
01111010100001011000
10110001111110110110
10000010100000101101
10011011110001100011
00111100010010000011
00000001011101010111
00011010001100001001
11000100110110111010
00110001001101110101
11011110101100110100
00011011000000100010
01100000010000000101
10101011000100010111
00011010100010001010
10100100001010010010
01010111010111001101
11100001000100111111
01011111100111010100
10001001010110000100
10101101000101101010
00010110101101101011
00000000000100011101
01110001001100100110
00011111100111001101
00011110100011111011
01100011000110111011
00101001011001010001
01111001110010100000
10111110100010110001
10111110011010101110
10001111111100111011
01011100010000011100
11101110100000001110
10100111001011000100
10001011010000001001
10100000001101110000
10000110011011000110
10000010111001101000
00011001000100111000
01010111001110011000
10110110010010100001
10011101110001111010
11001010100000001111
00011000110101100100
00100110001001101011
01001111000110100111
00000000110000011100
10001111100000111101
00000010011100010000
10001111011001011110
00110111111111111000
11010011110011010100
10110111001001101110
10101101111000100010
11001010001001101100
11000110010011011101
00110111111011101110
00100001101110000000
00101011000101110001
01101001011101010110
01101110000101111110
00100101010000011000
10011100101011010000
10101011011010111110
10010001001010111111
10010001000111111011
11101010101110011011
00100011011000001110
00110000011000010011
00010110000010100011
10100100000100011101
01010000110110010101
00011111100101011010
11011010111010111101
11101000000111101000
10011010001100010001
01000100001001100111
01111000110011001100
01000111011100010011
01110101000100101110
11001010011000111010
10111101111011101101
01101110011100100010
00101010001001011011
11111100110001011000
01100011111011110011
10010111100111100100
10111011010111010111
11011110101100110111
00111111000000111001
10000001101000110001
01100000110110100111
00100101111101111111
01001101000100100011
11111111000110111011
00100010110101010100
11100000001000011010
01110011110110011010
00101011110101110001
11000010110001011000
00110001110100001111
00110111110000110100
11111101011111001011
01110010010110010010
01110010101010000011
10101100110111110110
10010111101101100010
10101011110101010100
00101001001000011000
01011010100110110110
01101001000101100011
00001001100001010100
10110010010110110100
11111110011000011111
11010011011100110101
11011001111110001111
00000111100110101100
11010110011111001001
11000000111110110010
10110010110011101000
10000100111000101101
00100001011101111001
01001111000101011000
01101100111110001110
00100011111111100110
10100011100111100000
01100000101101101111
10111110000111001110
11010100010011010101
00000100101011000110
00001100110010000010
01110001010110111010
01110100011011100111
11111100100111010101
11100100111011011111
10011100111001111100
10100101100000000101
11111101011100001000
00100001001011101101
01110110000010111000
00100000011101100110
00111101110101110011
00100011000011010100
00011011010010111110
11000111011110100011
11001000110000001000
10010011010101101001
10111000010110111011
01111011000111110100
01101100010010010111
01110000001011011011
01001011011001011110
10101100001111000111
01010101000010111011
01000100001110110111
01011111101100100111
10001001111110110100
11111011110101001100
01010100111101010000
01010100100100101000
01011010000110100011
10011100111001000111
01010110100110111110
01001111000000101100
01100010010111111101
11011101110100000011
01011001111100100010
01101011100110000101
10000111110001011100
01110011110111010100
10001011010000010000
01100111110110010001
00010101100000111111
10100001101000100001
00100101010100001000
00110111110000100000
10000001100111000111
10100100001001000111
10100110101101011011
10100101001101100000
11110000001110110001
11000101000101011011
10101011110011111101
00100010111000110011
11101001110101010100
11011000110001010010
01110110001111110010
00101000011101000000
01001100111011011100
11110101101001001101
01111110011000110011
11100110000110111000
11110100100001011101
00010110000101011000
01100110001110111110
01010000111001000110
00001111100011010001
00000011110010010010
00011101011101001000
10101010001111100010
10111110001100011010
00000101110101000010
11001110001011010001
10101100010100000011
11010101111001100010
00000110100110111111
00110100010111010100
10100111010000110000
11111100011000100101
10000001011111001001
00100110100011100100
11110100011010011111
01000110111100000000
11111010101111100110
01100010111111100010
00111001010011111100
00001010101100001010
01110010110110110010
11101111011000001011
11000100100000010101
00010101011010101100
00001100000011110000
11101100111110000101
11111111110010011110
00000111000001001111
10011010011100111111
10000111100111010000
11100011110010010110
11000011000110110111
01101100101010110111
10010000000111001010
00100101110110010101
00101101110001100001
11110000100010000000
01000000011000000011
11100010000110111100
11000110100010010100
00101010101001010110
10111011100001101101
10010001011110100110
01100010100101011110
00011000100101110110
00010101111111011101
00110100100111000000
10011110010100101010
10101010001110111010
10011100101000010110
11011011010111010111
11010001000101000100
10100101100100110011
10010010111010110101
00111001111100100111
10101001100000101110
00111111111101000010
00001100011010110111
00111100010110011000
01110111111000000111
00100011001000111101
10000000101101110010
10010110000110111101
11010101111101110100
11001000111111011010
10011010111101110011
10010001101110010111
11000100101100101101
00101011111100001011
10011111011011010101
00001111001000111011
01111000001101100000
11000101001100011101
10001111011010011110
00010101000011110001
01001101111111010110
00010010110001001110
10110100001010011101
11000101011111001101
00110100110111000001
10011100100010000110
01110100111001110001
01100000110101001110
11001110110011100000
11100001100100111011
00010100111101010011
01111011010001110101
11111110110100111010
01010100011010000110
01010100100001010110
01100101101010100011
10101111001111101011
11110101100000111111
10100010100110001000
00000000001001010001
01010110111100010010
01010110110001011000
11100001010011011110
01110010011100101001
11010110100111101010
10100110010111111000
01101011001000010110
11001101110101101011
10000100110101011001
01011001001100001110
01101001111010101101
10101010000011010101
10101101110011011111
10111011000001011101
00010100110101001110
00000011010110111101
10001111110111111010
00101000110100010011
01100001111111100100
00001100100110101100
10000000010110000010
10011000101010010110
01111011011010111010
00001100001101000000
00001101011110111011
10111101111111101011
00101011011001101101
00101100111010000010
00011110111000111111
10100001001100011001
01001110001000110011
10101000101010000010
01101001000010001001
00100001100001110100
10001000001100001111
00100100011011001111
00111011111010111101
00100011110100010101
00100100001010100100
10110000010011101011
00100111001101101000
00111001000110101011
10110101001000001110
01110100101110111111
00000001011101000001
00110111010000110111
01000100000110100111
11010101110110000111
01111011011100100001
01100110000111000101
01000011110001010100
01011101010101111110
10001011110011110011
10001111000100000001
10111010010111111001
00100001111110110001
01110111110011000000
11000110001101010000
01110111100001111110
11110001110001001110
11011010111001011001
10100101110001010001
10100001101010001111
00110101110100111011
00110000001110111100
01110010010101011111
00100100000000110010
10101101000100100110
01101101100010000000
00111001100110110000
10110010110110100110
00111010001010101001
11110010010110011011
01101100001010100100
11011010100101011100
10111001000000110111
11011001101000110100
00001111001000010001
11111111100000110110
11101101110111000111
10110101010101110101
11110000110010011011
11110100011001101111
11110000100111000000
11010101101100000111
10101111101011010001
01101001000111100110
01000011010100101000
01010010000101110000
01101000010110001110
00100101111100011010
10011110100111110000
11101010100001110010
00101001110001001100
01110000010001101100
00011100101001000110
11100111011100101101
01000111010000001001
00101000010010110001
10000000010100010001
10011111110010110111
11000111001111001000
10000010100101011000
01101010110010101001
11100010111100101001
00001110100001111111
00100001111000010001
01011000010100000110
11110101010011010010
01110000000101010000
10001100010101001011
01110011101001111001
11110110001000100111
01111110101000111000
00111101000011111001
01100110111001111001
00011110111001001000
10001110010111010100
11000100110010101011
10100111100000111111
10001111010001101001
01100011011010000110
10010010101010010111
10110110100100010000
01100110011001010010
10000111110110111011
01000100100011110010
11010100000110111101
11111001110101000110
10101111011100101100
11010100000101000010
11000000010110111100
10011000110100101100
00000000100111011111
11010000000110000010
10111100101010011001
01001000001111111000
01011010011001000100
00011011011101110001
10101110001101111111
10110111101000100001
11100001111101111010
10101100101111011100
00111100010101101000
10000111000011111010
10101100001000011100
01010011010001011101
11100011110100000010
00001010010001100100
10001101101110011001
10111110111001100111
00110111111111111010
01111111111000001111
11000000101110010111
00111101001001001110
00110111101111000110
10010010110000111101
11111010000000110110
01010000101100011010
11010101010001111100
11111010000111011111
11100101010100100000
00000100101011011101
00111100010011110011
10011100010100111111
10111101010011011011
01111111011001010000
01111101111010001111
11011001101101000001
11000111011101001000
01011011111001011101
11110000110100100111
11110000111001111010
11011111100101001000
01010001101100001001
00101110011010101000
01101001111110011011
01011010000100110011
00011100111011110011
01010111100110101111
11000001001010001100
10100110000010100100
00111011110001000000
01001000010110000011
10010001110011000111
00010101100100010101
00100101111011010000
10011000011101110011
01100011100000010111
10011001001110011110
10001110101010011010
01111000110011010100
01011000001100010101
01011000101101110000
11100010100110100101
00010111000100111111
01000110000100100000
01001000000010011100
10100100001111011111
10101101100111000111
01111001000100011110
11100010011001011001
11011001010011000100
11100100110010100110
11110111001000000110
11100100110110001011
00100001001010011110
10011000010100000101
01010000111111111111
01100001111010111111
11010010001110000110
01110101000000000010
00111100010001100010
11111111110111101010
10111101000000000000
00110001111101110011
00100100100101000010
11011100111011100010
10011111010001111101
11000101011010011001
01111111111011011100
10000011011100011111
11111110100001000011
01010011101001011000
00101110101100001000
01100010111111111100
01011011001000010110
00100111001101010011
11101011111100010000
11110011001010011100
11101100000101011000
01110110111100110101
11010011110011110001
10101001111101011100
00000100101011001111
10000011111101100000
01000100110111111001
00111110011110100100
10000110010011110110
11001111010010000110
00001011011111010101
11110010110111001110
10100001001100101011
00001111110101111000
10010110100001001110
10111111011000110000
00110100000010011001
10101000101110010010
01001011101110001110
00100010001000000000
10001000100000011101
11111101010101100010
10101000111100000100
10011011101110111011
01100001010101000110
11101110000000010110
10101110110111110110
00111100111010000001
10001111011011110110
01111100011010111000
11001010100001010010
00110111000111001010
11000000000011010101
01011001000011010011
10010111100000100000
11011000001110110011
00010101111011011110
10001011011011011001
11100010101011001110
00111111100000101010
10000010101001000110
11010000111010000101
00011010000011010111
10001101111011000001
00111101100010111001
00010100001110110100
10111000001001011101
01010000010011010011
01100101101011111000
01110010111011010011
00000011100101010110
00010101000001101011
00000000001001001111
01000010110100101001
01011010000110000101
01110010110101111111
01001010010110010000
00101100101010111011
00011010010100111011
10111001011010011000
10001000010001110000
01100110111101100010
01111101111000100110
10001001010100111000
11101011111011001001
10101101100110110000
00000000000000000100
01100110100110101010
11010110101001110001
01101101110011110110
01010000110011011001
11001011101101110010
