20 1023
01111110100001111110
01010100000000111010
10001010101100101011
10100111111001011011
01011110000000011010
11111000000011100011
11111110011011011111
11110101011101111110
00011100000110100111
01111000000011011111
01100101010000100100
01000110100111001000
00101111000010101011
11100010011010000110
00100100100000100100
10001001011011000000
01101000011011101100
11111110110000101101
10001001100010010000
01111101110001011010
11000100110101100001
01001010111100101100
11000100010111110111
00011100000111111100
10001111000101000011
11101100010000011111
01110111001000011010
10001010111001100011
00011010101001101101
10101001100101001110
00011010100001011011
01011000010101111110
10111011010110111000
11010101010000111011
11010010010010110000
10100000000111111100
10010111000001110011
11011100001011011101
11111010011101110000
01100100111011001111
11011101001100010100
10000011110100011011
10010110110101111001
00000101001111110001
00010011111011110001
11011100110100011111
01001101101110111011
01010001100111001101
01111100110001100000
01010100100101010111
00011100110101010100
01000011111011010011
11000111101001110001
11100101101010001011
01000100001100000010
01111001110101010101
01001000100110000001
01101100111101101011
00011000111111000011
00010001110101110000
10101001101100011000
00010001001001001011
11001101000111011111
00010011111010001111
11000111010101000000
11110100011011010001
10000010010101001000
01011010010111011101
01100011100011011100
10001011001011011001
00001001011001111010
11010101010011001011
11101110011111010101
11011100010110010001
00110000011011001110
11100000101101111100
00011011110000110001
11001010110001100011
00001111100011000001
11011011000000000110
11111101110001111000
00111011001100010110
10010110001010011010
10111011000101110110
10111101110111111101
11011000001110111101
01011000010111000001
00101011011011010100
10000101101100000111
00100010100010110011
01110011101001101010
00011011101101010011
01001010100010000011
01111011011010110000
01001111010111111110
10110000110110111110
01101101000100100001
00100110010111111100
01111001111110011010
11000110100011011110
11111010001110110100
11011000111011011011
00110111000101001011
10101001000100011111
00100000110100101001
00001101111110101111
00010101111111101111
01001100011010010111
00110110110101010010
11000010101100111100
01111100010111010001
01011011011100101001
00000001010011001110
10011111101101010010
11000110000110101101
00110001110110010011
10000000000101110000
10010001000100101111
11010000001000011000
00010111100001000011
11110111011101111101
00010010100110100000
10001001011100110001
10100010111111010100
11001000110010000001
10000110110001010101
01101110110010011001
10100101111100010100
01111001110011000011
00100011100100010100
01111011001010101111
01100010000110001010
00110000111111101101
11111011011100000000
00011001000100101000
00010011101001011110
00000011111001101000
01111100010010000000
00001001000000011111
01100100010010001011
11111000011001111011
01111100100011001011
01111011110110110011
10101011000101011111
00110110001111010110
11111111010011001110
10110010110000000111
01111011001100010110
11010000000011011110
00111011001010110001
00100110111011110011
11100101100000101101
01001110011001000100
10000101001011110001
10010111100110110011
01110000111100001101
01101000100010100010
11111010110110011000
01010000011101000011
10001010010100111111
01100111000011101001
01011010010101000011
11001010000111110101
00001011100110000001
11101010110001010100
11011001100100110001
11010100010001101000
10111000110001101110
10111100011111000011
10011110001001110110
10110010101010011011
00001100100101101010
01100010111001101001
01010001001111111011
10010000010101010101
00010001111000110101
01001100100101100110
01101101010010001111
10101111011010101011
11001100100110111110
11100110110100110000
11010101000001110110
10110100100010110011
00010000010110010100
00000111001011111101
10110000010001000100
10000110001000011100
01000000100100000100
10001111100010000010
01111100001100011010
01011010010101010110
01110010110101000101
00011100111010000001
00000011111000001110
01111000000000110111
10110111000001011011
01111001010011011101
00110010011111110101
01011010101110010110
10010001100010110011
11100011110111101110
01110001000011011010
11001010110100100010
00100000010111000110
01011110111000110100
10110111011011001011
00010111001001011011
01010001000001011110
11011011110110010101
10111010000000000010
00101110110111000100
10001000000111010000
00010000000001100110
01101110111000111100
11100111001101101101
01001101100011001100
11101010011100110100
01111011001101101110
10101000010000111110
10101000010100011000
11010100100000001110
11111110101010001101
10001110001101111110
11011001110111101100
01101011110010000110
00011111111001001011
01100011001000110101
11011010101110011001
01001000010101100000
01101101111011011011
10001010000010010101
11101001101101101100
10011101111001010100
00010011000110101010
11001101101011101110
11001100101110100111
10010110100100001110
10110101111000011110
11011100101111110011
10000110110010001011
00001111010110101010
01010101110101111010
10110100000110010010
00010011001010100101
10011110010101100111
11111011101101111111
00100001111100111001
10100101111010101001
11010001101001001101
10000110101101101000
00011011001100010111
11101001010011010011
10101000010000000100
00100011000111101000
01110110011001100011
00111001001001101010
00110011001110011001
10000011110110101011
11110011001110001100
10010000110000101100
00100110011100011001
01111111100101010001
01000100000011011100
11001001111010110010
10101011100101111100
10011010010001001000
11011100011000010001
11111010111011000011
01010111101100000101
00001001001011110001
10011100110011110000
10110001000101110001
01101000000001100110
00011100010010111000
11110101010000010110
11111100011101101100
00110110101110010111
11010010110101110110
11101101100000000111
00001111011110111110
01100010101111010001
11101000100110000111
00011000110001110111
01000001101110010110
10101101100100110001
10000110001111011111
11011000011001101011
01000111011110111111
00010100111110011000
01000101000110001011
10100100101001000101
00001110000100100001
11110000010100100101
01011101001000110000
00010010000000000000
00111000011001011000
10110101010011111000
11001100110110000100
00001000000110011011
11101111011001010001
00101100011001000101
11010100001100001011
10000101110001001001
10110111111111110011
01101011100110100001
11011001000001000111
00101011101001011110
00000000100101001000
11100000000000011110
10100110110100100100
01101011101111000101
10001100011010101000
00100101111011011011
11010101101001000111
00101011110010010101
00110001010010101111
00100101111010011101
01000110010101110000
01000011000111010101
11101011101110000000
10001110011010100010
01001100001001001000
10111011000111011111
00110010101001111011
10001011100110000101
00110101100101011110
00001111110101000010
01001011001101010111
00010001001110111010
11010001010010000100
01100010000111100010
00010110101111111011
00100000110111110010
01111110010111110100
01000100100111100001
00000101111001100111
11010100000001011111
00110011100011001000
00101010011001011000
10001010101011010011
10101110111010111000
11001000110000000010
11011101100110111011
00011101001111010001
00111111111100101111
00010010111001000001
11011111100010110100
00101000110111010001
00010101010000111110
00001011001010010110
11001001100011001011
10010001011110011101
00011111001001010001
10100000101001011100
11001000100000001111
00110101010010001011
11100101010100111001
00101100110101110100
10111010111011101000
11001101110001111110
11000011110100111100
00000011011100100010
11011001001010001110
11110100101010111011
11010110110100011100
01111001010011001100
10100001010100001100
01110101010101010000
11000010001101100011
01001110011110000111
01010101000011111000
01111011100010001100
11001111111111000101
11010110001110110110
10001001010001001000
11000000000110100001
01010001110010100100
01011100000001110001
00110001000111101000
00011101000001000101
01100000010010010110
00111100111010100100
00001011110011011010
11000111001000011011
11110010110110110011
11010100100010111000
00101110010100011100
10001000011010010101
10001000011010111011
10111010101000101000
11100011010001110100
01100100011110110011
00111111101111010110
10111000001100101101
11010101001000000001
01101001100011101010
10111011111100111011
11100111101100101010
10010000011000110100
01101001000111011101
11110111110000110101
01100010001111110011
11011111100101010001
00001101011001001100
01110011101101011101
11111110110101101101
01010011101011100011
01110111110011010111
11110100101101100100
10101100100111101100
11001010000101101111
00010101011101111010
00001011110111100011
10000111011000111101
11101111101111101010
11111011011110111000
10101011011000100100
11110111001010000101
10101111011111011100
11111100010001111110
10000011011010100110
10100111000111000010
11010010010100000100
10001101100011011101
10111110000101101111
11001101010010011110
01011111001100011100
11010010111011011110
11101000110000101011
00011110111000001101
10011101101010011010
10111010101100110010
01000001011101101001
10110010011101011001
00101100001110000100
10001001100100001010
01101110111011011111
11010110111010000001
00010010101010100000
10011000010101110101
01111001000100010001
10000110111100111010
10000001011010111110
10110100101000000101
00001001010111111001
00110010000101100100
10100101001011111100
11001010000100100010
00010101001101011011
11101011001010111010
01111110110001100001
00000100110010000000
11010100001010110001
01011100010100111001
10011111100011010000
11111010010101111100
00000010101010111000
11011111010111101101
00011111010101000010
11010011001011111011
11010101111110010101
00110001111111110100
10010001011101011001
00000000011110100100
10010001110111010011
11101000011001000001
01110100011111000001
01101001010111100111
10011101101101000100
11011101111111000111
11110110110111000011
10111010001101000111
11101001110101110011
01100110101000100101
01110100010100010010
10000100100111100111
00111110001011001111
00100011111111101101
10110011111000001000
00010100000010101110
11000101100101111110
11110111010110010011
10011011000110101001
00111000111100001010
01100010011011100000
10001011100100010010
01111101000011010100
01001111111110010101
10010100011000011101
10111110100111110111
00001011001110100001
00100010100111100001
00001111100000010000
10000101010000001001
00111011110000101100
01101001001011010011
11000000011010110000
11011011010011011000
01000111010000010011
11100110000010110111
11100110001010010010
10111000001010110101
00000000101101000111
11010000110101101110
01111011001010000001
00000000111000010000
00100010000110100011
01011001001001010100
00101101101000000111
00110101001011000111
10011110000010110000
01101011010000100001
10110010101000111110
10111100111101101110
11110010101101001101
01111001000111101000
11110110010110110111
00010011110110011001
10110001001000111111
00010010000001100111
11100111111000001010
11110101101000101010
01001101110100010110
00001101001001111011
10110011001011110000
10110010101011010000
00010100110011100000
00101011100110010001
11011010111111111010
10000101111011011100
10100100011001000010
11000101100011011101
01101000001111010001
01010111010010011110
01101100011010001001
10001110110011011010
10100000001001010011
01110100000101011001
00010000000000010000
10011110100110011010
01010101110001001100
00011100011111000101
11010000011110101101
10011000001000111101
10111000011011111100
11111100010101010111
01101101011011100010
11110110000101010001
11000110011101010111
01001100101011010100
11011101010011101111
11100001001010100110
01101110001100101111
10101010000010100001
00000000101111110100
01001010111100011100
00001100101101110110
11011001111100111001
01010110011010000010
10101110000110110010
10101110011001111101
00001011110100110110
01011111010110000000
10110010011011110100
10101001101010011110
00110100010000010000
11001010001100000111
01010001010001000111
10001100110011010000
01111000111000011100
11110111000101000010
10010001011000111001
01110001100101110110
00110001111011110001
10110100111011010111
01110011101100101011
00100111100100001011
11101110100110100011
01110000000001010001
00111100000101110111
01010011101100001111
11001001111111001001
00011010011011010100
10100000101001111101
00000111010100010111
11110001010100111010
00101100111011101100
11001100010001111111
10100001010101000100
11011011001100011001
11100111000010010000
10000100101011010000
00110001011111011101
11001001111001011011
11011000110010010000
11110110001101110100
00001000100011100111
00100000011110010100
10001111111010010111
10000110101101000100
00011001011010000011
00011000111010011001
11000100101000110111
00111100110100001101
00101011001000000100
00011010011001000011
01010111001110010010
10110000000011101010
10001100101100010000
10111000110111111101
10111011000000010011
00101000100110001100
00100111010101011001
11101011110010001101
10111001011000110110
01110010011100101101
00100111111100101100
00110110111100010101
01011000001101010111
11011010101101011010
01000100000110101100
10101010110111110111
01101101110110101110
11011000110111110101
11000100100011001001
10010010010011100000
10110001111001011101
01001100110011110110
01101001010101011101
01111000111010110011
11010011011100010111
01001011000010010111
00111111101011010110
01111101111110111001
00000000101100100001
00001000101110110000
00111000111100101101
01010111111111110010
11110100100011111011
01100100101110111110
00001001100000011001
01001100001110000000
00111010010001111100
11011111000111100011
11101101010100000100
11101100100111110101
11100000111100100001
01011101011011100010
11011110111001101110
00011011000100001100
11010010110001011101
10111001001101000001
00101101110011101011
11011110011010011110
01111010000011110001
00000001111110111011
00010111001010100010
01000110011101100100
11000110011010000000
00000111001100001010
01000000010100100110
00101111000111101001
00101000101001001000
01110011101010000110
00110111100101000010
10100010000101011000
10100111111111111101
10000110111111100110
10100100101000100001
00001011110011010001
00001011100111111000
00111101100100111110
10011111011001110001
11110111011101111000
10110000110011111101
01000111101100111000
00000111011101001101
00000100101100101111
11010111111000011010
11010101010111110010
11000101001001011100
10101001100100101110
11100110100111010011
01010010101011111110
10101101010000110100
10101110111111111100
00101000110101011111
00100000101110010100
11100001100110010000
01100001000000110000
00010000110100010101
01000000010110101110
01011001110010100001
00010000001101001110
11001001101010100010
00001001111101000110
00010111010100111001
10010110101010110101
11111000100100010011
00010111001101111010
01001100011100110101
01011010011100110001
10110001001011011011
10001001010100101101
01001111011011001100
00010010101001110000
01000010101010110010
11001000111000011110
11101111001101101110
01111110110001101111
10011101001011110000
11011001111000000010
00000110000001000010
10110110011011101110
10100111111110111100
11001011111100011101
01110100010010001010
01101001011111010000
11100011010111010111
11011100011011001011
11010110110110100011
11011100010011001110
10100010100111001011
10001100100001101000
01000001110011100001
10110100000000000101
11100010000010010010
01011011101011111000
10001111110111000011
00000000001001001111
00111000000111110000
10110100010100000110
11010110100110000011
11010010111101110111
11101011011011100101
00010111001100101011
11111111101001111000
01101011100000110001
01100000111000111011
01100010001110000010
01001001000111011011
11000001010101111001
01110111011110101110
01100111101000110111
01101101000101001111
10000001110001101010
00110111010010110100
01101001000001111101
00011101011001010001
01101011101100001111
01100011110100110100
10111110110100001100
00101000011000111100
00010011011101010000
10110100010110100010
11001111001101111110
00100010100000001100
11010001100010111111
00011111001010011011
00000001001110100010
10110100101010001111
10101101010011000100
10001010100110101001
00000110110010101101
10011110011101010110
00001101110001111111
01001100011111001001
00110100010101100011
10001110001000010111
10110100000011010011
01110000111110011101
01011001100001110101
00100001001100001110
00000010110000111011
11000010010111001000
10101101110001100101
01110110010010100110
11001110101001111000
10010011100101111001
00101100010000001010
10110101110010111010
01110010001011010100
00011011101011000010
10000000000001110000
10100001100011110100
10101010101000110010
01101100111011010001
01100001111001100011
01011011110101110100
01110111110000100110
10100101011011110111
00010100010110000100
11010101111001010001
10101110111100100010
11101001110100010011
00011001000001001001
10101001111101000011
01001111000000000110
11010010001100011110
11010111010110001011
11100110011100000000
01100111001101000010
00100111111011011101
01000100101010011111
10001110011010100100
11011011100011011010
01001001101111100001
00111101111101111000
11111110001111101001
10101011010001101010
01010000010001010010
11100010011001101111
00000100111011000010
11010111110000011111
11111100001010101000
11010100100001010001
10001011000110011110
00110111110110001100
00010001001011101111
10001000000110000010
10100110001111010101
00101110000010000010
01001101010110001001
00110011100101000000
10000111100000000000
01001011010100110111
00101000001000110000
00001010100100011000
11010000110110101110
01111110111001000000
11010111000011011001
11100010011100110101
00110101000011111110
01010100101000110001
01100010110000011110
10000010001011111110
11111011110100101010
00100001101001010110
00000100001010100101
01101101101010100010
11100011010110001101
00000011111100100101
11000011111001110111
11001110111001111000
00110100111000011000
11100101100101111110
01100011001110010100
10010110000010100010
00111011000110011100
01101100001010110000
11010010010010101100
11011001000001010001
11110000000111010010
00110111000011101000
10100111100011001110
01010011101000110101
01010100011110110101
10011011001110100110
00010011111101110011
00011111110101001101
11001010100001000011
00010110110001010011
01110101110001101111
10010101111000001010
00001111110101101011
00010011010000110100
11010011010110111011
00111101111111100101
01010111011011100011
10100011101111110011
11010111110010101110
10000010111001111110
11111110001011101010
00000000001110011011
00110110001000001110
00001011010111101010
01010011001001001101
01011110111001111011
11101100110111111111
00101100101111010111
10011110100001111100
11110111011101000101
11111100110110000110
10000011011010010111
00111001000101010001
00111011011000001100
10001011110101111111
10011001000101011111
11100101101001101111
10101101011100100110
10111010110100010111
10101100111011010101
11011111101110011111
10000010000000110100
11000011100011110001
00100110011010011001
10100111111001011100
00011001100111011011
11110001100111101111
00101100010001011101
01000100010110011011
10001000011111100110
01100000101100110101
11011000000010111000
11110010111001001011
10101110010011101001
01100100010001110001
11001001000000111011
11110000001100011011
11111101001111111110
01001000101100111101
00100001011110111101
11001010011000011101
10101000000110000011
11000001000111011110
11101010011011010110
00011010000110100101
11101010111011101000
00010000111110001110
00100011101001001100
11001100100011110100
10101100101101101010
11100100001101111111
10101110100101100000
11110010011101100000
00101110100101000011
01100001000110000111
10001010100001101010
11010111000000110001
11111010110101110110
00011001001101010001
11110011000100111010
00010000111010011010
00101110110000100000
00010000101101011110
11101101100111000101
00111010000110010000
11000111000010101111
11000100000010010101
10011011100101111011
00100001011011111110
00110101100101000101
11111010110100100011
01000100010100011011
10110111011000011110
10101100101000001010
11010100101011101110
10011001000001000000
11100101111100011010
00111110000110001001
11001110011111100100
11111001011111111101
10001010111010010011
11100011000100111000
11101000000010101101
01111011100110011011
11100110011111100011
00100000010001000111
11001011000010101011
00011110011010001111
11001001110010001000
00111011000110101100
11100101100101110110
11101111000111100001
11100100110010110110
00110010111010011011
01100100111000101110
11000101110011100000
11001011100011000011
01111000100010010101
00011010010101000011
00110101001100011011
10101000110110100111
00001000110110001000
11001100100101111110
01101101011000100011
00010111101000101100
10011111010110011100
11010111001101011110
10101001101101000101
11111100110010110010
01011000010010101010
01010010111111011101
01101000010100001010
11100101000001010100
11110001100000111001
00011011101010100110
01101000101110000110
10101111001000101100
10111011000111110010
00111111101110001011
11111000110000000101
10100001101110011001
01110000001000010101
10000100001100101011
01010000011101010111
10111010100000111110
10000011100111010011
01110111101101001010
00011100111111100110
00011110110111010000
00110011010111010101
00010111010011010000
10101101001001100100
01011110101100111000
00000001000100000010
10100011000001101100
01101101111111001110
11110000000010000101
01001100111010111000
10000001111100110001
00010011010110001100
00010011101011011111
01100111011011110100
01110000001010110000
01000100011100011100
11111010001000110010
10001100010000110011
10011111011001110100
10110111011101110011
10010000011110010100
01000100000101111110
11101101100110111100
