20 1023
10010101010110011001
01001001110001110111
00111101111110011100
10101001111000010000
01110111101000011010
00100100000110000010
01110000100000101010
00110101111100110001
11011110010000011000
00001111001000100011
10001001001101011101
00001011111010000010
01000101110001001111
10011001110100011010
00111010001000001100
00111110101000101101
10010100101010111101
10001001110000000111
10101010011001101110
01000000100111011010
00001010000011010111
10010111011100000110
11100101000111101011
00100101011110010100
01011100101010010110
01011011101101110110
11110011000000000100
10000100100110001001
11001100000110110010
11100110100001100111
00001111000001010001
10100111111011110101
10000010001101101011
00100000100111111000
11111000000100111101
01000101001001110010
11101111110010000100
01011000111110100100
00011001001011111110
11110111111100011101
01110011011000000111
10100000100110111010
01001010000010010001
01001011001100001011
00011000010111010000
00011111011001001000
00000010101001100010
11000000010001011010
00111000110111111000
01001101001000111000
11000001110000000110
11010100111000101000
10101010010011011101
11011011000110110001
00111010001101110100
00000101101101101110
11001110101111011110
11010110100000010000
00001010011100001110
11000100011111010011
01000111011100101010
01010010110011000110
01001110100101110001
01000100000010101101
00100111000101111000
11110111100010001001
00010000100001001010
01100001010010010001
10110111010101110010
11010000101001001011
10001100111111100000
01010100000010001001
00110110100000100111
00100110001001110000
01000010011010110001
11101010010001101111
00010001100001001111
10110011011011100001
00001010011011011000
00100011110001001011
11011101111101000000
10001101000011110111
01101111100001001111
00001110011101011100
00000101000000111010
10101111111011001000
11001100111100000111
01011100100011010001
01110111001110000101
10110100001101110110
11101001011001100010
00110001010010111011
10111111100001110011
01011001101101011010
01010011000010001101
10011101111000000001
01101101100110001011
11100100100000010011
11010110110001111100
11101010100011000100
11000111000101010100
10001111111101011110
11010110001010010110
00001010010110110000
10011101010001000100
11010001100000110100
11000011101110101111
01010100100100000000
00111100110101011000
00110100111011111110
10001110000110101010
10000101111111001011
11010110000110010111
00111110111011101110
01011000101011001011
10011001010011110100
11011100100101011000
00111010000111111100
00111111011101001110
01011000010100001101
11011111011000000110
01011101110111010101
11110001100101101100
00100110000010000010
10000100011110001000
10010001001000001111
01000000001100001100
00100111110100010110
10000001101100011100
11101010001111000011
00000111111011010111
11000001100000101101
01110111000010110111
11000010111110101010
01000011001110101011
00011111110111000100
10001111100010100010
10000101001111101000
00000010000111111100
10010110001111000000
00100111000101001000
00111011011001101100
11101010100111011010
00111010010000010011
00101110100111100100
11101101110001101000
10010010111101100100
01000111110010001010
01011011010011001101
10001010010011111001
10010010000010101101
01100000000110100010
00100100110101100110
00011100001111001011
10100000110010000101
11110010000001110000
11101110110010010100
00010101101001100100
11101100000111101010
10000100010101000000
10010100001000011011
11001101101011110111
00101000110101010100
00110011011111011011
10101101001000001101
10100000100101101100
00010000110010011110
11111010011110111001
11000111011111100110
11001100010111001111
00011011110111110101
11000101011011001010
00111101010101011101
01101100001101010000
01111101011010010000
10110000001000100110
11111111110101101000
10011010100100000011
00101011101001111011
00011101100000010111
11010001110101101000
01101011110111010100
11111001100111111110
10011000100110101101
01100100101111100101
11110110110110000101
10011111111010110001
11110011111001000100
11001011111111111001
11001001110101111010
11110011111011111010
11010011000101101111
10100111010101101111
11000111011001101010
00100111111111111100
00111111000111001101
10110100101011111011
01100101000101001000
10101101010001111111
10111001110000110000
00100011101101010101
01110100101111000001
01101001111010011101
11010111011000100110
00011110111101100100
01111001111000011111
00110101101001011000
01000001101010101101
10001001111100111001
01110110000110111110
11011101101111111100
00100100011101101000
01100100100010010010
10101100010001100010
00011001011110010000
11110100100010011101
00110110110011001010
00010100101111011011
11101000111111010111
01011101010010011110
00110011000100110101
00010011100110011001
11010011100110011110
01110110111100011111
01111101100011101100
01110011100010011011
10111001010110110101
10010010011001001010
00111111010011000100
01010011010011101000
01111111111100010000
01100001010100011101
00110010100011011111
00101100100010100100
10111110001010110010
01101000110100111111
01101100000101001010
00110101101100101011
01101010100000100110
11101111101010110100
01011110111011000001
00101110010011011001
10000001011110001101
10100100011111101100
11111101100110001100
00101111010010010101
00111101100111010001
10101000001000010110
00101110000110100101
01010101011011010101
01001111100111001010
10011010010011001111
01011101100000101000
11000011101111111001
10111101110101101000
10101011000000010110
00111011111011111111
00110111101111101001
11101100010101001001
11010100110001000010
01110110111011111001
11100011111011000010
10110010110001111010
01111111100100101110
00011111001010110111
00011110101111101100
11111000010000010110
01100000101000010000
01000101001101000110
00110111001011100001
00110010110100101100
11010101110111001000
00001011111001101111
00000010101110100001
10100111010100111111
10000110101110011010
11010111000101111111
11000000001010001010
10110101010111100001
00011000010000100011
10110001101100011100
00111100011110101111
11001000101111101000
10001000101000111010
10001101110001000000
00111011000100100100
11011001110001011111
11000000111001111001
11001111111011100000
11100000111111111100
01001110011111001010
01100100011010100000
01100100010110000100
11001101010010101010
00101110010110011110
00000000001001011111
11110111110100000100
00101011011111101011
11001111111100101101
10100111010010011101
01001010000011000110
01101111001100011110
11100101111010000001
11001010101111010110
10011010010001110111
01101111100000001010
11011000011110001110
00011111011010110100
11011000011011110100
10100000100110001100
10101100011011101100
10111100110101100101
01000010010011011110
11011101010111100111
10111000010100111111
01111101011000010001
00101000110000010110
10000001011100010101
00010111100111100010
10100011011101110000
00011110011111011111
10111111011001111010
00110111011000110101
00010110010100001100
01010111011101110100
10011001010101111001
10011001011010101110
01010101001100101101
10001101100000110100
11101111000100011111
00001000110001100010
00101101111000111010
10101011001001011010
01011101010010100000
01110100000010010100
01100100000000011111
00111100000110100100
10111110010110000010
00101111011011001111
10110101010001010110
00001110010010110100
00001001111101100100
01011011101011001110
11010011011000010111
11010011000011010011
00001111101001010010
10110000101100100000
01010000111011100001
10101111001101011111
10000110111011010101
10010100011011010011
00101000110111010100
10110000111011111001
10000001001010000011
00010111111101100010
01001001010101111011
00101001011010010000
11111001001101001100
00111010010001111101
10011101100100111000
00101001010111000110
00110010101110001001
10010110111111110010
00101100011100001001
00101110101001100011
11010011000001000001
00000000110111010011
10000000001100110011
11110110101101001010
00011010011110011111
11011000011010010100
10000101110100001111
10010100011101110001
01101010110101101111
00111101000110010100
10011001100011101010
10111110100000101110
01101100010011011001
10100010011101000011
01100011010000000111
10101101010100011110
11001011111110001001
11010101010010100010
00011100011100110100
10000111100001000101
11100011100100010111
10010011111100001010
00000110000000000010
01001100100101010001
10000101010001101111
11000010001111000111
10110111001110000001
00010110000110101000
00111000000111010110
11011001101100010100
01010100010001100100
00110101011110011001
00110100110110101101
11011000101010111010
11111100000101011011
11011011110001111000
00011100111101000110
01110110010001010101
01110110010111101111
01110001000100001110
11111011000111011110
10100111101011100010
10011010101100011000
11100111100010010110
11010000100011010011
00000001100010110001
10111010101000001010
10011111101011111100
10110100110000100011
00111001111101100011
11000011110101011011
11110100000001001011
11001100110110010111
00001111011000100001
01100110000010011011
10111011001100010000
10000010010011010011
01010100100000110000
00000001110111110011
10001101110100100010
11011110111010000010
10011100011011110010
01010110110100100101
11011001011001000001
01101011101110110001
01001100101000001011
01100011001110110100
01111010100111100001
11111010001101101101
01011001000110111100
11010100111011011111
11101100000110101101
00011011000100011000
10011001101101000011
11100010110110011011
00111011111100110111
00101000111000011101
00001010111110101110
10100101101100011111
11111001001110010000
11010100110110100011
00011111100010110110
01000000111110100111
01010100011101010100
11001001110000100011
10001000100110100110
00111101100110110100
01110110110001011011
00001110001001011111
00010001011011100110
10111001010011000100
00100110001111111100
11101000111000010010
00110010000001001000
01001000010101111000
01010000000111101110
10011000000001011101
01100101101100111011
01011011000010111011
00111000010110010001
01011110110111000110
00000100010100000111
01110101110011010000
00011110100110001110
11010001000111100101
11011110101100110001
11010001101111001001
00100010011100100011
11010000000101110011
01001011011110000101
01101111101000001111
01010110010110101100
11100011000111011001
01000100100100001111
11000111000111010100
11000001111010100100
00010010000110010010
01010110011110100101
10001101111010110011
10001001000010001100
10001011011000101000
11000110101001000110
11110000111110100111
00111100111010101111
11101010010011110011
01010000101101000001
10000000100100111011
00111011100011000100
01110001111111000111
00111011001001000111
10011110110010011100
10010001100000010011
00001011110111100100
00010000101001001010
10111110100100000101
00001010101110000001
11110001111110111110
00111011100010000100
10011011011101010001
10111100001100001001
10011000001100100110
11010011110110100001
11111101011100110011
01011001101100000001
01000010111000000010
11111100010110101001
00100010000111101111
01111111111000000011
00110100100111111000
10100000010110100111
10000011011111111101
01010110100010011100
11111011010010010100
00100101000101111011
00000011011011101010
10101110100110001100
11110111110010011001
10101010110001000111
10001100011000011000
10010001110010110100
01001110100100100110
11010001101110110110
01001010100011000101
10110000100110011111
10101000100101111111
01111110101111000010
00001011010011100010
11111000010101111101
10010011011100111100
11000110000110010101
00111101101000000101
10000101010011101000
00011011101100001110
10101100100001110111
11100001111010101110
10011101111101100111
11110101001010011110
11110100111100001101
10110110000010000011
11011010111000001110
00011100011000001000
10001010110001010010
11011111100111111101
00111001010010011001
10011100110010011011
11100101100011001011
00111111010001011101
01110010101011000111
00001001100000110101
10011000001110110011
11110111111101011011
01011110000111011010
00110111000010011000
10001100111111101101
11011101111000010110
00010111101101010001
00100011010111000010
10001001110111001101
11010101000010001010
11001010010101101011
00100010011001010001
11001111001011001100
11000100111101000101
11010001100001100000
11001001010010101000
01100010111000011000
00001011011000010010
00100111010001110100
11010100001010011101
11011101001000101101
01010000001000101101
01111101100010011111
10001100101110110001
00100100001111110001
10100000101110001010
01011101110100000001
11100010101001110110
11010100001101000010
00101001110011011010
11011001111010111000
11100011101010110000
11110101101101100001
11001000001111000111
00100000000110100000
01100001010101011000
01100101111111110110
00100101000101010101
10101101010100110111
10000110100000001100
00110010100000000100
11010010000010011111
10110011011010101010
10001011110101010110
00001011101110101101
10100001100100010101
01011001010010010110
01111100110011110110
11110000011010010010
10111100111101101100
10011000101100101000
01000001100111111010
00001100010011011001
00111110001110001011
10001011010111110111
11011100000011011011
00010101010110001101
01100110000110011100
10100101000111000000
10000010010101100011
10011001000111011101
01110000110111100011
01011100010001001000
11011101010011010100
00110101110100001000
00001110010111101001
11101110101111100101
11010110010101111001
00001101000111000011
00000011011010010100
00001001001011110010
11011010110011111100
11110000110110000010
10110011010011100110
00010100001010110100
11011011101011011110
01111101010110110110
00111100101101110011
11100111010011010001
11000010011000010101
00001100011000001000
11110100001101010100
10110110100010010100
10010011100110100101
01111110100000101011
10101010110001101111
11010010100000000010
11001101111010110111
00000100110101011011
01110100111000011011
00001110100010111000
11001110011011000011
01100100110100111100
01001111001011110001
10100110000111110001
00110111111011010001
00011000111100001010
10111001111101001110
10100010011111000110
11011000100011101110
00111001000111001101
10010010111010000010
01101101010001001101
10001111101011110001
01001001000111010100
01111000010000111101
10101100010100110001
11101100001100000011
11001011010011010100
10011010001100101001
11010011110011011100
00001000010011000101
00110001011100110100
11011101001001011111
01001101101000010000
10011101110011010010
11110000110010001100
01010100000110001110
10111110101101011100
11100000110010001110
11111000011100010111
00100100000010100001
11110111101001101111
00100000100111000010
01011101110011101011
11101111010100111101
00101000100111111101
00011010010010110100
01101000011110101011
00011001101110011001
01110110110001111100
01100011011101111001
10111100101011100100
00100001111000111011
10100000100110011010
10110001011111100000
01111111111001010001
00000111010111100000
00101110011000001111
00101001101000011100
10000100100101011110
10101001011001010010
00110000000000010011
01100100100001011011
01110001110110101100
11001101001101010110
10001111011000000011
11011010110100000110
10111010010100011011
10010111010010111001
11101011111011101110
11100100011111101101
10000111110011001100
11010011101011001011
10100101111101011100
00001111010001110001
11011010100111101111
01111010001111000100
11110001000100010011
00000011011110101000
11110001110000000000
11001001100011011110
10000000101000101110
11010001001000111100
01010000001111001000
11110001010110111110
00011101110010001110
01110000110001100110
00100011011000101101
11010101111001010111
10001011101101000100
10010011011000000010
01000000010000111010
01011100011111110010
00011101001110000000
11101110001100000100
10100100111010100000
01011100001001101001
00010000100011111100
01100100011111000101
11101101000011111100
10000110100110110010
10010011110010000001
11101000010000010100
11000001001010111000
10101000011110100000
00110001010100011010
10101001011100001101
01111001111111000011
10000011011110101011
00101100100011101110
00000110110011011000
00001100111110001011
10100010100101100101
11111110011101010110
00010001010010011110
11110001111111010111
11011111000100110101
11010111101011000001
00111010000110111000
00101111111000110001
10111010111010100000
10000001100010011100
11101110010110101101
11110100100000101100
01111000010011100111
11111010010010110011
00001101011001011011
01000010111000110110
00101101110000101000
01111111001000100110
10101011101010110010
00000001001010110111
11101000110011110010
10001101010100100000
00000000000001100101
00100000101001011000
00101100110101011111
10010011010100000000
10100010101111110110
11001110101001010011
10011110001100001010
11000010010011110100
00010100111101101000
10010100110001011110
10011101110011010111
11110110110000000001
00000110011011110000
11100000101011100111
00011001100110101001
00111011001010000010
00011100011010101010
11011110000001111111
00110111001110011111
11111110101000110101
00000011111100111000
00000110001110010101
01000110011010000000
10111110000011011000
01110110001011100010
01101111001110001010
10110111001001010000
11000000011101100110
01101010001000000001
01111101010011111000
01110001110001101011
00110011100010111110
01101101110111000001
10001010000000100111
01000110100001111010
10001010000100111110
10001101001011000101
11001110111100110001
01111101100100110111
10000001000101000000
11111101011111100011
10100111101000100010
10011010110110010010
10011000010111000101
10100101010010010000
11100100111001010011
00011011010101001101
10000101111000100110
01010110110101111100
00000000010111111101
00111111100001101110
01011111110110101010
01101110101101101010
01110010010010100110
00001010011001100111
01101111100011010001
10100010110000110101
00101001110011001110
10111001111101001011
00100110110101000001
10100111000000110110
00101101011010100101
01111110010101001011
00011000100011101011
10100000010011001000
10100010000110110110
01111110110011001110
11100010100001100101
00101101100011000000
01001010001010110111
10111001001110100110
11001101010000001100
11011000011000000101
00100010011001100011
10111111101110100001
01111000010101001100
00100111001011011001
00010111001111100101
01110101010011101111
10110111111111011110
00000111111001010000
10010011101010000101
11001000011111010101
11000100011100011010
01111000111111111101
01111100100100000110
10010110010011010000
00101100011011101100
11010101000001001110
11000001110110001101
01000111111001101101
01110111010110100010
11111110011000001000
10100101010000011110
00100100001110001010
11101000100011101100
10101110111000101011
00110111110000010010
00011110101100100000
01100001100010000100
10111111100010011011
11000001110011000001
00110111111001011000
11000101011111011001
10101111100000111111
01100110010011111001
10000001110000000001
00111110001011110001
00100101000011001110
11001010101110101011
10010110110000000101
01101110100000111111
01111110100101110100
11001100011100001101
00110010000010001101
10111100011100111001
11011111001011001101
11111110000000011110
11101011100110111101
10101101111010101011
01011011110010011111
01110110100011001010
10100110001001101001
11110000000100010100
00010100100010001101
01001000000011100110
10001000000110111011
01000110010110011001
01111000100001101011
01011101101101111110
01101010101000101111
11100101000101001110
00001100011110001111
01110111011100011101
01110101010100101001
10001111001110101101
01101001110111101010
01110100101011000011
00101010110111111000
11100011000100101101
00100110100100100100
00000101011001000011
00011110100110111010
10101001100111111001
10101100100010010001
11011011101010010110
01100011101010111011
11000000011001010011
00101111111010010100
01010100011011011001
11110110101011100010
00010011010100010101
10000110011111110110
00000111000110000110
01000010110101000000
10110101100010010010
01110101000010001000
01101111100011000110
00110000001100001000
11110111110011011000
01001110101100011111
01001101011101111101
11000011101010111001
10110011001110000111
01010000110000010000
11110110110001101010
00110100010001100110
01100110000000110010
11111001111100100000
11101001111111000100
10000010001111100001
01011111100010001101
00101001010011110101
11110111100110101100
11111000011110111001
01101001101100100100
11001000101110000111
11011110111001000001
01001100100010000010
00000100001010010010
10001010000010011110
01100010111101100000
11000100101001110111
11101110111010001101
01111011010001011001
10001000110111001101
11101011010100010111
11010100101101001011
11111110000110010101
10011000010001100001
01000110100001010000
00101110100000011101
01100111101011110100
11110010100010111000
11111100010011010110
11111000011011110000
00011100101000100111
11000100110100011011
01011000010101100000
00111110000001010111
01000011001011101111
01001101110011000101
01100010011100000101
10111101001100100111
10101101000110010111
01111100001111000000
10000000011000110101
01011011001101001111
01010001100010011011
11010100100011100001
11111111010100001001
01010000111110011010
10100011111101001111
11111011110101101010
11110001000101000100
11011011011000001100
00010000010111011001
00110001000111001111
00000111001111010000
00011010011010011111
11000110010110010110
00101100011111101010
01001110111110111011
11011000001000111000
00011101010001111111
11000011010111111101
00001110101110101101
00111001000100110111
01011100001101011011
11101110100110001110
00110000100011101111
00111001011011110001
10010110000100110010
00010100111100011000
01000000101111110110
00100101010111111000
00110000100111110110
10111100010001001101
10000001001000010000
01110011000010110100
11000101010001100011
10110010100101101101
01100100011100100011
01001011001010011010
01101010100110010110
11001101011000100111
01011111011100001000
01101111010000100111
11100101110110100000
00111110010101000000
00100000101111100101
10000101110010011100
00111110010000010000
10101111011000011001
