20 1023
01010001110111100100
10010010011110010011
01010011101100010100
11111100011100000101
00111111001010100010
10111110010111011001
10101100010101100100
10000011110001001011
10110110101111110100
11100000100011110010
10000101001101010101
00000101011010111110
11111101011110100000
10101100011011110001
11011000011111001001
10110101010000111111
10011000101010101010
10100001100110000000
01011111011011101001
10001101001000111000
01000101111000011011
00101011011100100011
11011001100111010110
11110110110011010110
01011000000010000001
00111110000111110111
10010010101110111010
10101000010100110111
01011001110111100011
01110111011010111010
11111001011101100101
01110000001011001011
00100010100100000101
01000000111010000101
11100001000100101000
00110001000010100011
01000110001111010100
00010000111010101011
11000110001100110001
00000111100100100001
00101011111101100010
01101011110011011011
11001000000011000010
10011111100000100110
01101011111001000100
00111011111110101100
10100101101000011101
10011011011010011101
10111110011010101111
11101011111101011001
10101101000100000101
01111111000001011100
01000111100010111001
10111011110000011000
10011110011010101001
00011110001110010110
01001110011101100100
11011011010111010101
11001000110010100000
01111010001100101001
10111100101100111010
01111010011110000111
01001011100011011010
10011101001010101110
00100001010100000100
11111011000010100111
10110110000000010011
01010111110000111001
00011111111011010000
10100110010010011011
10100100010000110011
00001101101010110011
11111110000110010101
01101101101001000010
10100100101000010011
11011111110010010110
10001011101110011100
10010001010110010001
10101101101010100111
10100001001010001110
00111110011010110101
11100101000100111000
10111001100011101100
10011101010001011110
00101111111110001001
11000001010000011101
10101000101000011111
10100001010010101111
01001100101110001001
01001001110001011000
01110011110111001110
01100111001011100101
11100011111011001110
11100011100001010001
11101100000101001111
11111001101011001011
10100011110001101111
10011110110101100010
10000110010010111010
11100101011100000110
00100001011111110101
10110111111001001101
11010001111111000011
01111111011010000010
01010000110100110000
01011001001111000010
11110111010110111101
01011010101010100001
11100110101111011101
00011100111000011010
10011001100000010000
10100001101000011101
01001010001010001100
01011110110111000101
11101010011111000011
00110110100111000100
01101111111101111001
01000110111111000011
10000111110111100010
11000000100001011010
10010110111101010010
10100100101100011000
01010100011101110000
00100000110111010100
01001010011100100101
01000000111000010000
11100110110000111110
01110000101101111101
11100001110010101101
10001111110100100100
01101010010001101100
01101101001000001101
00111010100111010001
11011100010000111100
00011110100001000111
01010110111111100110
00110011111011101010
00111010110101001110
11111111111000101011
11110010001000001111
00011110101110101000
01011101011111001010
11001110111100001110
00100000011010110111
10100011000101111000
11011111101011110100
10111001000011101101
11011011111000011100
01010101101011011010
10011101100000110110
01111100110111110000
00000011100010101000
01100010001111100111
11111011010110000001
00100011110111111010
01101001000000001001
00000010111100000011
11100010111000011010
10100011000011011100
11011010110011011011
10100110000111010110
00111100001101010100
01010100111111011011
11100001010001000000
11010101000100101011
00100000010000011010
00010001100100100110
10111010000100001100
10000011001101110100
10110110010011111100
11100111110001010001
11100100101111101000
10011111101100110100
00101001101110101101
10101010100110010110
10010100010010111001
10101001000110011110
10000011110100110011
10101010101100111111
11000101011101001010
10010110000011000010
00100101100001110010
10100110101110010011
11001100001100101010
10001111110001001000
01101111000101110001
01011010111110000001
10111101111111001000
11010010011100010110
10001110110001001110
10111001110000000010
00101001101010110001
10000101010101010000
01010100011100100100
00010010101110100110
11101001011100000110
11111111100111110001
10011111100000001101
11010101001111000010
01011111110001101011
01110011000100110001
11000100011101010011
10100001010100100111
01000101111101100111
10110011010111100101
11010110010000001010
01111001001010011000
00011010000101010110
01100110101000100100
01111001111001001011
10011111010110100000
00101111011011110011
01101110111001101001
11100110110110111100
01001111011000110110
10000011011110111101
00111001111000111101
01011101111101001100
10111010000011101100
10111010001111011010
01100010101100011111
01100110010000010111
01110101010001001100
11010010001100110001
11011011101100101110
01011100010000111000
10011011010000110110
11100011001111101010
00110111110011011110
11000101100011110101
01000110011101111010
11111111000011110000
01110100111001100100
10100001011000111010
01100001010010101000
11000111001111110001
11111111000100101010
10110001001011111101
00110111111111000111
10111110110000000000
00110110110100110010
11011110011000110101
00011101010000101111
01101000000011110110
01101111101001000011
01111111010111011010
01101001100010010111
10100101010101110101
11011010011000001010
10111010000111100000
01100110010110111001
01001010101110010100
01000110011101010010
01110110100001001111
10100101010011011101
11000010100101101000
00011011000100111001
01100000001011111011
11110101011000001000
01010001010110101001
11101001010100001011
00100001110011010001
11100011111001000001
10110111011010101111
00011110010011100001
10100100110000001010
11001011110011110000
10000101011100010010
01011010110111100011
00100011000000001010
11000001101101001010
11111010101000000110
00110101011011001111
10101110101000011110
00110111001011000011
00001111001011100110
01101111000101011001
11001011000111101111
00001010010010111100
01100011010000011011
10111111110000100000
11000110010100000101
11111111011010010101
10010011001100100100
00100101100000100111
01110100010111001010
01101001011101011101
01010001000000101110
11101001000001111010
11111011100001101001
10101000010001101000
01000000110101001000
00000111101011011110
01001101000110100010
10000111110110110100
01011101101000101100
10100100010010110101
11011011111111010110
01111101000100011011
11100111111001101011
00010110000110001000
01001011010011111010
10010000000110111101
11101000101111100011
10100111100100100111
11010000101010010101
11101011111100011000
10101101100111110001
11110111001110110101
10111001101111110001
11110110011010001101
01011110111101110001
11001100011011011000
11101001010111111010
11010000101011111101
00011110001010011000
10011001010010101110
00111000001110010100
01111010110101111000
01100110001001100000
10100001110010000100
00000010101111000011
10000011101011011100
11010001001011100111
01111101011000101111
00101001011011011111
11010011111001001010
01001101010000000100
11000110101000000011
01101111100001010101
11010110010010000000
10011010000011101100
00101011100110111001
11000010101000001110
00100010110001100110
00111010110000010111
00011110000011010001
01100110001100000110
10010000110101010100
11001110100011001001
10110111101101000011
11101011010000110010
01101000111010100100
00011100000100010011
10110100001110011010
01000111101111111001
10100101101001011101
10010000100100010101
01001001000010111100
01111011000000001101
01010000101000111101
00101101001110110010
11000100010111011111
01011111000110110111
01010110100010010110
00000100000011001000
11010000110101010011
01111111100010001110
01000011110001101111
11100101110000001111
01110000101000011110
00011100010100101000
01110101111011001001
00111011111000100001
01111110000010011011
10000110110000111000
00000011100111010100
11010010101100010111
00000001110111010111
11001111111000010011
10111111110111001011
01010110011000100001
00001111010100000111
11010111101001011001
00010010110001100101
11000111100010001011
01001000001101110100
11001100111010000110
00011011001111101100
00000110101101110100
01100000011111110001
00111111111011110011
00110001000110100110
01011101001100000010
10010011111010011001
10001000100100000101
01110010011100010100
01111110001011101100
00010111001110000110
11110000100100111100
00011010000010010101
10000100100000001000
10001110101111000010
10100001001000010110
00000100100001001100
10011010010011101010
01111001110011010111
01001100001100010010
00111110100110100001
00100110100001011010
00110101111111111001
01001011001000011101
00101101101001111101
00001011010101010000
00001100010100001010
01010100101100001101
01000110100100110100
01110110001001000101
00111100110000010100
00100101001110000001
01101110001010111111
10000011011000100011
11001001000101111000
00111001100100011111
01000000010011101010
00001110010110001000
10011000111110011100
10110110001010011000
01001010100101000100
11111010010101101000
01001100101100101101
10111000110000110101
11100010011010111101
00101001010001110100
00101011110001011110
10011000101101010011
11101110101001001000
10000000100010011001
01100111111000000010
00100000011111011110
11100011010001110110
10111011100101001011
01101101110011101110
10010110011011111011
10001100001110111010
11010100001100011101
10110111011111000011
00001011011001111011
10011011100011001111
01111010100001100001
11110100010100110101
01001101000001110000
01111101011000101000
00100011111010011111
00000011100000010111
10100011010101101000
01011011010110011111
10111010100010101100
10010111110001110110
00111101111001001111
01110111001101001101
11010000001010000011
01100001111110011101
10101001001010001000
10100101010000011110
00101101100010011111
01000000100111110111
11010001001101011111
11011101000010110101
10101010101111010101
00000011101101100000
00100000011001000001
10011100111001001011
11000110101010000101
00110111001111110011
00010101111111010000
11000101100111100101
10100110101001000001
01010010011010010110
01001011000001000100
00101111010101010001
11101111001011011111
00001001110001101000
00111011100110010000
00000001010111111110
11111010100100000010
00011001101111101011
10001000110110000001
00101101011111110011
00100100010110000010
00100111111011100110
11110010000011111101
00111001110001010011
11001111101111001110
01000111001110010101
11010111100100010001
10100001000110000011
10001100011111111100
01000011011011001101
00011101010111011011
01001101010001001000
01000010100011001101
10011101001100010100
01000101001011000011
10111010110001100000
00010100010110000110
11010111110010101001
11001100110010010100
10101010001110110010
01010111110000000100
00011100001000110010
01000000110100101011
10100111111111001111
11100110010011110111
01110111101110001111
00010010000111111101
01110010010000110110
00000000110101010011
11101001100001111111
11100100011010110001
10000010101000011000
00100010100110001100
01011000011100011010
01000010001011100101
10000011100011110100
10110110101101101001
11110110001001001000
01110111000110001111
01001010100001101010
11101010100111001111
11101111101100010000
11101000110110000100
11111110110001101111
11000110010000000111
11100011110011010101
11000010000011110100
11011010000110000111
11110010001001010011
10000101101000101110
00010011000010100011
10100110000101111010
11001001010110000100
01101111001111000011
10110011000111110100
00010101101100011011
00110000000001000111
10111000000110011011
01111001011101000000
10101000101001110110
11110100101010111011
10100111010111001101
00010000111010001111
11100101001010101111
01111100110101110000
01010111011010001111
11111101001001011101
00111101111010100101
00100001011000100101
00001100111100001110
01001100101101101101
10001110100001011010
11011101001010111011
10101001001110001110
00000100000011000010
00001010111011011110
01000010110100100011
10110001101000111111
10010101100010000000
10100010011001100110
00101111000101011100
00100011110001001110
10100011000110101000
00101110001100010100
11010110000010000010
10101001000000100001
00001110001000101000
00101011101011010100
10110011110000011011
10010111000111010110
10011101000110111001
11100100100010010000
00011110100000110010
00001011000000011101
11010101100100101000
00111110000001101011
10100110011010100100
11000001111000001111
11011110011100101100
01011000110010011000
11010110111011100000
11110010010101110011
11000100000110111001
01111100010001000000
10101101101110111100
11100001100010000010
11001011011011110100
00010111101100110010
00000110100101010011
01010000110001010000
00001101100000011001
11010101101001111010
10110010101011111000
01110101001001011100
00101010001001110010
00110110101110000010
11111011111001101001
10010101110000000001
10010100110001100111
11010110101110011001
00011011101100011000
00111110111100110000
10001100111000010101
01001111000111001101
01100101011101110110
10011011000111000101
11011111110000111011
01111000000110011110
10010011000010100100
01100011000100111100
00001010110010000110
10110110001001010111
11010111011000101111
11011101011111011010
00000001101110101000
01011011010101111110
11111110010100101110
11010000111011110010
11110000111001010101
11101111011100001011
10001101000111001100
00001101010000100011
01011100111011111000
11101100010011101001
10001111101100011000
10000000001101100010
01000111011111100000
11101000100100111111
00000100111111000110
10100000010000001110
00011010100111011101
10000100000001100110
11011000101000100101
10100011010111001011
10100010111101111110
01011001000100001010
01011011111001001111
01110110100100111111
11010100111100100100
01110101101000010011
01100111110001001010
00010001101110111000
00000010100110110101
11111000011111000111
01100101001011101011
01101011000100111100
00000000101011110110
01100001001001011100
10010010011001001011
11100101000010111100
10010000100110010110
11011001011010011010
01010100001101111010
01001000110100110101
11110011101100111111
10110100010101000100
11011000110000111000
01101000111000001011
01111001110110001011
00010011010110011100
11100100110000100111
01000111000100101100
10101010001010111101
10110001110010111000
00001101011011101011
01001001110110011001
00111001011110110010
10011110011011111000
10011111010110010110
00110001001101111000
00101001100000101011
10101000000001101101
00001011100101011110
10100011100101000010
11001001011100100110
00011111110111100011
10000011010101000001
11000110011011101100
01100101010110101101
11001101001010001100
01000100011010001111
00001001110001101000
01101000000100101011
11001101101110100101
00000110110111110000
10010000110110001000
11001101010001000001
11011000000100111001
11101001001110000111
01001011011010110110
11101000001100101011
11001001111101001000
10001100100111110111
10001101010100001101
10001001000000111101
11110110101000010010
01011001100111001110
01011111100011101010
10001000110100101010
00000000110101110000
10110011110000110000
10111111111011001010
00001101000100001010
11010110111100001101
10100000110110000100
10100100100101001000
01010000110001100000
01000100011101000010
10111101100110000011
10010111111010111111
00111011011111001101
10110001111011010111
11100010111011011000
01010111100101011110
11101001110011101000
01101001110111011001
00101100101010010101
11111101111100011100
01000010001011010001
11101100010000010001
01011101000111001011
01000110111011000101
10110110111010011110
10011111100101001110
01110010111100110101
00001011100010101010
01101100111010011101
00000101100010101010
01100101110100010111
10101111100011100110
10101101001101101100
00000111011110001001
00111110100001001001
01011101010011011111
11011100100000110101
00101101110001110001
10011110011001010110
10001110011011010000
10111100010000110110
11110000101111100111
11000101110101001010
00000101001110011110
01101110100010000100
00110001001011111100
10011101111110011011
11001000110010011100
00110011011101001000
11101000001111100011
01111110001110100010
00001111011010010101
10000100010101100001
10010101100111011010
11100101111100101110
11011001010111100011
00100100001000101001
10111010100001101000
10011111011111101010
00111011011000101001
01100101101001100100
01110110010110011111
01010111010101000101
10011111110001101110
01110100001000001011
10110101010011101001
11011001110011101001
11100001001010000010
00101110111101011100
01110010000000110110
00010010100011110111
01010011001011110111
00011011010100001101
11000101110000110101
11000010111110110001
10010101100000010011
01110010100011001110
11000000001001111111
10010100101000101011
11001000000000011110
00111101011000101100
11111001001101110111
01011001001011001110
00111011000010001101
01010010011000111111
00010111010110011001
11001110001110100001
11010111001110100010
11010111100000100111
10111100100001110100
01100110110000000011
00011111011010110011
11001101011010011111
11011100111001000000
10111000001101001111
00001101010011000101
00100000100101010010
01001011000110110100
10010011111100110101
01110111011011000111
00000110010111110000
10000000101001111101
00100001110000010100
11101011010000100010
10010001000010101110
10101100001000010100
01010100011011111010
11101001100101101000
01001001011001001010
10110010100010100001
01011000101010101110
10001101001100111000
01001010011100111101
11000110111000100101
11100111001010001001
01000101011001010110
10110001100110001110
01110101111001000101
00001101100001100111
11110101000010010000
00101000001101100010
01011100110001011101
11000010100101001111
01111000010010111111
11110010100100001010
01000010110011101110
11011110010100011010
11011111100100010010
11100010001111010111
01111010101101101011
10011111111111111111
01111010110000101000
00100010111101001001
00100110000011101101
00010100000011000101
10111101000000100000
11011001110110011100
01100001010100011100
01011111110001111101
11111100000010011111
10010110100111010010
10000001011101111110
01101100001000011001
01011011001101000100
10110011110101100111
00101101010000101100
01101110101101111110
00011001011010110010
00000111111111010110
01000101110100100110
10110100110000110011
00001011101001011110
01000111101110011100
11011100101100000000
10010110010011100110
10101011011001010100
01000001001011100000
01001111110001011001
00011101011100000100
10001001000001101110
11010101010011011010
10110001111011010110
10000111010100111100
00011000011000100100
00111111011001110110
10110101111101111110
11100110011010001000
00000111011011000001
00001101101011100110
11000011011011000111
01011000111111100111
10001001000010101001
10101110011100100110
10010100011001000111
00010101101111000111
00011101001111010100
00101001101000111111
01110001100101001011
10111100010101101011
01010010010101000101
10110100011111111100
01110011100011000111
10110010011101011010
01011001100100011001
11101101101011001111
11010000101000011110
10100100100110111100
01010000001001010110
00100101101111010000
11000010110101110110
10001011001010011001
01001111111011101001
00011010111100101111
00000001001100100011
11000001001000111111
00011110100110110010
00011010101001101111
01101001000100010111
00011101000001001001
01111101110010111101
11001111111110111110
00000010000011010100
00000111101001011111
01110110101100000000
11001010001100100100
01110001100000011100
01000111001100111100
01010111101111010110
01101011111100101110
00110001110111010010
10100011111101100010
01110011010110111111
01111010000001010000
10110011000010000011
10110000100101010010
10000011100111110010
10011000111010010001
10001011010110111101
11100101111110100101
01110000000010001010
10110000111110001000
01010110101110110110
00101001111010001010
10010111010001010001
00000000111001000101
10010111001110010010
10111010001110110011
01011101110100001101
00001000011101010000
10111101000100110011
01101100010010100110
00101110100111011000
01101110001001101010
00001000111100011000
11101110110001010001
10100001010111010101
10101100000011010100
00010100100101111011
01101110101110001010
10111111111011011010
10111011010001010101
11001111001100001110
01000111010111110101
10100100110110111011
10011011111100000100
00111111101100110101
00000110101101111100
10010011111101000101
11110100001000111111
11111100100001111001
00011011110001111111
01110011110110010111
11000101101110010001
00111100010100100001
10110110011101010111
10000011101001110001
01110011000000101000
00100000110110010010
01011011111100000110
10110111011011111010
10100011011010000010
10110110110100011110
00010010010010010111
10000010010011111111
01011010011011000000
10110110110110001101
10100111000100100100
10100001001100000011
01100011001000010010
10111000110110111100
10010011001100101000
00000110101000011110
01101101011001011111
11010011111110101100
11101000011000001011
01110011011101001101
01110111100010111000
00110111110110101100
00000100111000100101
00110101100110000111
11011101110001000001
00001111100101101010
00110001000011110001
10110110011110111011
01100100111001000111
01000011101101010010
01110010011001110011
11010001000101110010
01010000100000000101
11011010101010010011
01000000100100001100
10110010111110010011
01000001111111101111
11110010011011001000
00001000001110011110
01011100100011101101
01011011011011111101
11111000100011110101
10010100101000111010
10011111110110111111
01001010111011101100
01110110101000001101
00000001101001000101
10010010111100111110
00100110011101011000
10101101101001001100
10111010110110011111
01111100001101000011
10100111001101111100
11111110101000100001
00000110000001000010
00101101101001000011
10001010100110001100
00101010111010100010
11001010100111101001
11001100001011101111
00010000110101001100
10111101111101011110
10000111100001000010
10010001111110100000
10101011010011000100
11110010110100100111
10011101000111110001
01101010010001100000
10000000100101110010
11001001000001110101
