20 1023
01010110111010001000
00001011000100011001
01100000110110000100
10001001111100110100
10010010101011011100
00010110011101100000
11101011000111011101
11010001111001010010
00010011110001101111
00001111100000000000
10011001101000110100
00011010100011000110
01111101100010011011
11111101010000011001
00100111110010010101
00101100011111110110
01010011011011101100
11101010011111010110
11010101001100110010
00001001111111011010
01100100000001001001
01010110001101100110
01010000010100010111
10111011000010101100
10101001110110011010
11101111110011101110
00101111001101001011
00000110010110111111
01001111111010000000
01111001011100011011
00001110001010010110
11111111101110001101
00110101111011111010
01011110000010111010
01011111011011001010
01001110010110100000
11001111001011100111
00011001100011000000
00101110000111111011
00100111010001100101
01011000011100000000
11001110110010001010
10001111010100101110
00100101101110100001
10011001010110100110
10010101000011111000
10110101010000101100
01101011100001111110
01000000100100110100
00101110100111111101
11111000011100111001
01110011110010110101
11000100011000001000
00010100110010110000
00100011110011011111
00001000100011110001
01011010110000001000
00101001111110100010
01111010011110100100
00100001011011011000
10000000111001100111
01100100100000100010
01010110100001100110
11100100000110110001
10111001100110001010
10010001001001010110
01100101101101100111
00100001100100111110
10001110100011011101
11111001110100110100
01101001011111001100
10011000001100001110
11100000010101001000
01100110001000011111
11011110000101000001
01001101010100110100
10000110001011101000
01000111100001110110
11010001110111101001
10100110111110000011
11110010101011010100
00111110001100001101
00001010001100101000
10111010010011101011
10110110011100100010
10000011100010001111
10000010011110101101
11000100101100011100
10001100010101111111
10010010011110101001
10101000010010101100
01101111111010000001
01010111111011010111
00110110101101101101
11110111001011111011
11110110001010100000
00111000011010110101
10111001111111101110
11111000100100010010
01000110110001101010
10000100001101010000
00000010001011100010
11001010000000110100
01000000010011100111
10010111110111111010
10001111001101001000
10000100110000010001
10110010111010100010
00100100011001101111
11011110110000100011
00000110101001010111
11001001110100110110
00011101000100011101
10011110100000011101
11101110100101111001
01101110001111110111
10100010111001011010
01010001011110000001
10010011101111110110
01010111001101110001
01110101011111000011
01010110110110000100
01000001111100010011
10101000111000010000
11010111101000001000
00000011010010111001
10011100101010101111
10000110101100001010
10101110000011011000
10000001011011101110
11001101100010000000
10010101001111101110
00110000000111101101
01110111110011100001
11111101001111101111
10010011011100100010
00100111110100100000
10000011100111000110
01110111010011010101
00101101101101010000
11110000001011000000
10011111011101010100
10101110111111111001
10100010101011100101
00001010110011111101
00100011101100000101
01110011101001011001
01010000100111010101
00101000011010010100
11111100100101111111
01111011010010001001
01010100100100010010
11010010111110010011
01011111001111101101
00010001100101001110
00100000011011000101
01100011111110101111
10110011100001000110
00101110101100010000
10100000001011001000
10100101101000111010
10010010110001111001
10100010101011010100
00110000110001110001
10110001110011001011
11011110110011001010
00001000100001001011
00111110100111000001
00101100100111100111
00101110101110001111
10010101001010100110
10000011111110001110
00001010100011010100
11110100001000110011
11011110010000000001
00010110010001001110
00111001001010011110
11010011101000100100
00011010010000110011
10100101101011001111
01010100101011010001
01110110001101111000
00100001001101010100
00110101010011111101
00001101000111011100
10001010111011011100
11101110110101110000
11010101001111001011
00001111011100110110
11010000010001110110
00001101000011111010
00000001111100001010
00100111100000100010
01011111101011011010
01110110010000000001
10111000111110000111
01010000110101011010
10001000110001000010
10111110100011100100
10100000000011101010
00011100111000101010
00100101000100010110
01111001010001010100
10011110010010000100
10111110110010111011
10001001100000010110
11001010000001010011
10111110000110100001
00001101011000001010
11111000111010010000
00100110100000010010
01001000010000111010
00000011111100001111
01111010010010000110
10110010111011111001
11111111100001111100
00111101100100001001
10010111001100011011
01001111010111010001
11111110110010110110
01010011100010101101
00001000100111100000
11011100001010110011
00001111011010100000
01010001110101010010
00001000110100001110
10001001100000011101
11100000101101100101
10100001011001010011
00100001010110010101
01100000001000101100
10000010101010011101
00110100101100101011
01101000000100110100
00010110111110011001
11101101111111000000
00100000110101111100
10001010111101111101
00011001000010011101
11011101111100101100
00011110000101110010
01001000100001000111
01001011001111110011
01111110010101110110
11001001010010000100
11010010010101111111
01100010100000111110
10000000111101001100
11000100000101100100
10001011010010110101
00111010000001110110
01000100111100000110
00100001101111110010
11000000111000000101
10011000100000001011
00011000101010001101
01001000111001101001
10001000010011111101
11111100001100010000
00110100000000111001
11000101101100011110
10110111101000000011
10111000110001111000
01010010100000001100
00101001001001000010
00000110100001111100
00010111001111011100
11111000101111111010
01100110010101010110
10000011100001111110
01110101001110111001
00110111101000101010
11010111110000100000
00010101000111100001
01000100101010010011
10101001110110010011
10010000101011011000
01111010110011110101
01100001110101011100
10000111000111000010
00000100010110001101
11010011011000111111
00100111101111001011
01110011101001100100
10111011100010110011
11001101101010101011
01101011000010011110
11011111110001001001
11011000110010000000
11111001110110101100
10011110000010011000
01111101011010000000
10001111010111100001
00000101101000101111
00110011001010001100
10000010100111101011
00010000110011010010
10011001101000011001
01101000000101010111
11010111001111001100
01001011101000110011
00100111100011010000
10010101110010000111
00110000000110100111
00100110000100100101
11111001011110010001
11111001101001001001
00110101100000010111
11101100010001010100
11010100011010110001
00010010001111000001
00100111010110111010
10100001000000110010
00111000011100101011
00011100111000011011
00011110111110001100
01111001110100011111
10101111111110100010
01001100100101111000
00101001111111001011
01010110011001011101
01001000110010001010
10111100110010111101
11001001000000111110
10100011100111010000
01000101001111110111
11001100101100010011
10011000111100010011
01111111101000011010
10101010111100110100
00001110110110110001
11111110001001101001
01000100001000110011
10101100001010011011
10011011001001001010
11001000110000001100
10111110111111110001
01001101000101010101
11111010100101000001
11100001001100010001
00111111011010000011
11111000101110100101
00000001010110000011
00110110010010111110
00011001100111111111
10000011010000101001
00111100101100011011
01110111110000100110
00100110001100100011
01010001101010000101
10010011011110010111
00010000101100100010
10001001010001001111
01000011111000101110
10000011110100001100
01110000010000001100
10110001001011101010
11010110101010101011
00000001011010100101
01111011001111101100
11100100010101000111
11100100100100111100
11011011101110101011
01001111101011110011
00010101111010100000
01000000000010011011
01001000111010111011
11011000100000111001
00011010100001111100
11100010011110000101
11100011000001110111
10000011111010111001
01000111110001011010
10101001000101101111
10010000110011001011
01101000110100100100
01011010001001100111
11111111111111110011
00011100001000000101
01100011101010011100
00011001001000101101
00001110011001001001
00110000011011110110
00100001101110000010
10010111101111101001
10011010110000111111
01011111100010110110
00101000100000001101
11110000110111011100
11011000010001001110
00000010111000101101
11111111010101100101
10110000000110000100
10111010011111111010
01001010011110010101
11100010001111001101
01001011101010111111
11111100000000011010
01100010011110110101
11110010111010100100
11111100000110000001
11110110010110010100
10111010101010110111
11111011000000000111
10011011001011111011
00111111000010001000
11011010000001100110
00100111111011110110
00011011010000110000
10000011000100111100
00101100001011111000
10001111010111111001
11100111101111100010
01011011111011100011
01110000111011010101
00101000110010000100
01010111000100001110
11001010100000011101
01101110001101000011
10111010101101111010
11110101101011110110
00110011011100010111
11101100111010101011
00101111011001010001
00111011100001101110
00001100101100110000
00001111110001100110
10110011100111011110
11110001111111111111
01101000101011100001
11010100011101100111
00011010001110111111
01010001100111111010
01010100001011010001
11010000101110100001
01001100010000001110
10100100100011011010
10110000100110111110
00011110001110110001
10000010001010100111
10001100110111000101
10001010110100010010
00111010111011001110
10101001101100000101
01010000111010100100
01000011011001110001
00001000110100001010
11000111101001001101
10011010010011110110
11001011101100011111
10100101111010011111
11011001101110111001
01101110010100101101
11010101110010010100
10001011001000011100
10011110110110111101
10101010011100100010
00001001101110111011
00100111001011100001
01000000000011101011
10000111001010000001
11011111100010010111
10001101011110100011
10100010001101110010
10110101011000101110
01101110101111100011
11010011001110011111
00011000011011000101
01100100010111010100
01110001111111011110
11010111101010010001
11100111011111011010
01000101001001000101
00100001100001011111
01101010000100000101
11010111011101111111
00010111111001101011
10000111100000101101
11000100010101011000
00110001101110010001
11100000110011100110
10100000101001111011
01110110010100100110
01010111100101100011
10010110110101100011
00101010010110011010
11110010110100111110
11110000100100000111
01101111101011110100
01101110101111100101
00100001110110101110
01001001110011110110
10100100111111101000
11011101101111110010
10000111101011110001
00100001010000101101
11100111001101110001
00010011001100110110
11100010110100111011
01010011010101111010
00111101000111111010
10001000011011101001
11111001011110100001
00111000010001111010
10010100010001010000
11101111111111100011
01110111011011100010
11000011101101000101
01111011000101000100
01000010000001101001
10111100111100010100
00011011001110001011
01101000100010110111
01111100101110110100
11100001000011101011
00100010010010001100
10011000111011110001
01011111010110111000
11011000010110100110
11001010011101001101
00101100010111001101
00101001001010010000
10110111001000011101
11101100100110010011
01110101011011010001
01111110100000111110
10010010101000101001
01000101000010111100
01101101100010010011
01101010101100110001
11101100010110010100
11010101100000010100
11100010111110111100
01010111111100010001
01100000000110011111
01111010100111101000
00101101100110000100
11011011011101000111
01101110000100101110
11001101010010001001
01001111001110101110
11101101001001110111
00101011111010010111
00010000101100110011
01001101100011100101
01001001101101001000
11110011001011000001
11010000001010011000
10110001000010101110
00111000101100111100
01011001010110111001
10111111111011100010
10101101111000001000
00101101110000000101
00100111100100100111
01100111001001101111
01110001100011100101
11100101010010011000
01010001110010111111
00010000010100100101
01011000100010001110
11100001100011000000
10001010010100100001
00111010010111111011
11111100011010111010
10001000000000101100
11010011011101100100
01100010011100010001
00101111101100010010
00011000011001011110
01010010001001100110
00111110100111111100
10110110000101101011
01111010100000011000
11011100001100101101
11100011000011011000
01001000111011101011
10001110111101000100
11011110010001100000
11100011101011001010
11000010000000110110
00000011101101110101
01011011011000111111
11110010101111101010
11001001010000010011
01000001111100111100
10101101010010110100
11111011001100101011
11011010000111010110
11101011110100101010
11001101111001110111
11011101111100010110
11111111010000001111
01001110101110110110
01001000100001011100
01001110010001101101
10100101110100000000
00100100100000010101
10100000001111000110
00010111110001110000
00110001111001011011
01110001110000010101
11100000001001000111
11011001111011110101
11001010110110100010
00000111011111111111
10110010010101000011
00110100011000010011
10101111010111111101
00100010000100100111
00101111110100001100
11101011111000001011
00000000000101000101
11001100110000011000
01011110011110110110
10001101101001011111
10101001101100101101
01000010000100110111
01010010001011010000
00010000000010011101
00101010011110101100
01000101011010011100
00101011101100100000
11100111010011000010
10101000001001000010
11110100100000100010
01000100011000011011
00110100011111001100
01011001010111101011
10100101011100011001
01100111101000100011
00011000111111110000
10111110001111111111
01100011101010001110
10100101101110100100
01111110011111110000
01001010010001111001
01011011100100000100
01001110011000111101
10100111101001110010
11011011001111100011
00011000100010110100
11111011111110010001
00100000010101000010
10101001110010001000
00100111110000000001
01101100111110110000
10100111011110010001
11100011101010010110
10011101011000000111
10001010000110101100
10001100001101110011
10101100000001001110
10111100110111010000
11110100101111110011
11000000110001111111
10011000100110001010
11011111011011001110
01011000001111110111
01100101100001001101
01110110111111100111
00111010011000000111
10111001101001111011
01111100101010101001
01101001011100110010
01010101111100110010
11010111100110110111
10011101000000010010
10011000110100100111
10001100100100001110
11111010100001110110
00111011001000101110
11110010101000011010
01100111100110101111
00110010001101111010
01101100000111110100
10000010000101000110
00100101111100000111
10010011011101001001
11011110000101100010
11110100010111101000
10000111100100011111
00110011000111100011
00110111000111111100
01110110111010011101
00100011101100001100
11100100101000000110
11001110011111111000
01101011100011011101
01001001110011110011
10011111010101111110
00001110111010001011
11001100011111000000
10110011001101010110
11011100001111011011
11110000001101011110
01000101100011111100
00101100000010000011
11011011000011000000
00000110010000100101
01110010011000100100
11000011111001000011
11100000110111010011
00101000010010001111
01001000101000000001
01000110111010111000
11000010010110110110
00101111110100101111
01011001100101001010
10001101101101100110
11001000010110010010
10111100111110110101
00110001100011111101
11000110001011101000
11100001010010011101
00111000100010011100
00110110001111110111
10011100000101000000
00101001001001001011
10001000110000110110
11100000011110000011
10111000110101010010
00111101110101110101
11011001100011001011
10101000001001101100
01100111000010111110
10111001100011101000
10000101101111010000
01010001111111110010
00100111010001000111
10110111101111100000
11101100110101011001
11010110011111011000
00000101100001011100
11111010101011110010
11000000100110111010
00101010001011001010
10110001100101110110
00000111100110110110
00111010110011111000
00111010010001000111
01111000110011101000
11010011010111100010
01101101001001011100
01001010011011011000
01100100010100110001
00101001101010010000
10110010001100000110
10011101010000111000
11100110101101010101
11000010110000001111
01101110101011000101
01111101011111010101
00001001011001000100
11011011011011011110
01010011011011111011
11011001111101111000
11001000011011111000
00000000010101001101
10010101000101100010
00111101111011111011
00000001000100100000
10011101100011001010
01001010100100011101
00101101101101000001
00101110100111101101
11001101110010000100
11111010011100100011
10000000011000101101
01001000100101001001
01110000000101100110
00000110011110010110
10001001001110011010
00101001101100111011
00001000111011010001
00010100001101010000
10001101100100000110
00011100101011011011
00000000010010110101
01101101001010001110
00111110101010011111
11110101100111101000
10000000110000000110
11101111110110011000
01010011010011110011
10001111110010011010
00110000011111100000
00011100100010011000
00000011001011011010
10110110100001110000
10110011000011111000
01001000001111110000
11100101000000111100
00000100100001000110
00010000100011101101
00100011010111111010
01000011011010110110
00001010111100101111
00111111011110100000
11111010110100001101
01111100101000000100
01010001111101011001
01010011000100111111
10000000111100010010
01011010110111101101
11101011010110011001
00010001111110110110
01100110101000111101
10000110101101011011
01000001101100000001
01011101101011111000
01010010010000110010
01010000011110010110
11001001010111101100
11101110011100101011
10110001100101111111
10100101001011010001
01101101101101100111
11000000101100011010
10100101011111100100
01010100001101000010
01010100111001000100
00011011100110101011
10000010100000101011
11101000000100111000
00000001011010110110
10001000101000110101
00000000011111001010
11010010110110110010
10101011010100001111
10111011010010011010
00000011101111010011
01010011001110000111
00001011010100011111
11111011100010001101
10001001101010110110
11100100010011100011
01001010100011000100
11101101111110001110
00000011011111010101
11011011001110100100
11100010101100110011
10101101010110111010
11100001011011111110
00000001010001011101
00010101001001110101
11100011010011101110
00000000010011101010
11110111110101010101
00001011100000011000
10001111111011110000
11001011111101011001
01101000010000010101
10100000011001111111
00001001000110100000
11111001100011111011
01011001111100011101
01110110000000100000
11110001010011101011
01110011101010100011
11110001101100000001
11000110111111100110
00011100000000011010
00001110111100001011
00101000100000010111
11100000001011101100
11110110111111010100
10110101000100111010
10110110111001111001
01101010101100100111
10100000101000001100
10111100111000011010
11011100101000000011
10111111010001110110
11001100111100010111
00000011101001010111
00000101001101011001
00000000101101000000
11101101011011010110
01000101000100010111
10111101010110101110
10000101011000101010
00000010011000101110
11010110010100101100
01111100001111010011
01111011001101111111
10010011110111101011
01010100010001011110
11001011100100001011
01010110100000000110
00001000101001000000
00010110111001011111
11101110011101101100
10100110101010100111
01010110100001000110
10110010100001010111
00100011111011001011
10100101001011010011
00111001111110011100
00111111101100111111
00101001011001110111
01001101001100100101
00101100011101011001
01011010110011010101
10001111000011000110
10101101110010101001
01010111000011111001
00111000110011110000
11011110101001110001
00011111010011110010
10100111100110001001
00000011110001111101
11000111100001100011
00000000001000000110
01100101000010001101
01100011000010111010
10011110110101111000
00101110011110101001
10011111001010111111
01011100101100111011
00010110000001000011
10001001111111010011
10110011011100011000
00011010111001100111
11000001011100000011
01101001000001000110
10001001001010011111
00001010110001010001
11000111010011000011
01101011100010101101
01110000011111110011
10111011100001100000
01011000110000110000
01011111101000110101
11101001000110101001
11100001101000110100
01010111101011111010
01011010011111100001
01011110100101010001
00010010100110011100
11111010001100011100
01111000110001111010
00000100111111110111
10001011100111101011
11000011100011010101
01010100100001101001
11001101100100000100
01011000111100011100
10010111110110011110
10000101111011010001
01010011100100001011
11101111110110111110
10000100111011001100
01001101000011110000
00011010000000110011
01011011000100000011
00100011101000100111
01101101011010101110
01010011001110010011
00111101111100000101
01001010000101101000
10011101111100111001
10111101011100110001
10011011010111110010
01100001101010000011
01111110100010011001
11011111000011111011
10001110100110000101
11100010000011000111
01111011100110001110
00000101001011011100
10011010001110001111
10101100010010010100
00100011111000001001
01100101011110001001
11011111110110101101
01000000111100111011
00001101000110000011
01000001110100100100
10101100100010000101
11110101011100010101
11011010110100100110
01010110110101010001
10011001101001111011
00101000111000011100
11000100100100111001
00010000111011011100
11101100110010011111
01001011101101000101
10110001010000101111
00010001000101011010
11000100000011001101
01110010111111110100
01110000110100001011
00100101000101001100
11100111101100100100
10010111011010000110
10001010100010101001
10010110000110100001
01010100100101110110
11000101100001011101
11101110111110011111
11101110101001000101
10001111101101100110
11001011101100001110
10100100000111100010
11000100100001110001
11111000111100011101
01111111001100101101
00010000000000011100
11100010011000110000
01010011110001001010
11110101101011000100
10000001101010011001
00010110111111000101
00011010111011101100
00110100010011001100
01000101010001010100
10011001000101000010
00010001100000110101
11000100101110101111
10110101010010011111
10001001001101001101
