20 1023
01010100101101110111
11100110010111001000
10001110101011101100
10000001111000100110
10100110100000011010
00101101000100000011
01110110011111010110
00000011011100000111
10001101111111010101
10010111110001110101
00101000101100010111
01000100111100010010
11010001000101110100
00100100111111010100
01011011000100001001
00011110110000101100
00011001011101110001
00000000001101000111
01011000010011110100
00001000100111000101
10100001010101011010
00010100001100010010
10110110101010101110
11010110011100111111
11110110001111001100
11011000100101111101
01110101000100111000
00100101011100011010
10000001100110110101
00010111000011111100
11100000001011111111
00010000010101011111
10101111001111100111
11010100010111010010
01000011011000110100
10101111111101101110
10010111000110111110
11011100000110000000
01110001001001010000
11111010111000111101
00100010000100011010
01000001100111010110
10111001110010101010
00001000001111000001
01000111100100101100
00111010000001001001
00111000100100101100
00101100110101000101
10100001111110011110
11000011001001110000
00111111110110000010
11000110001011100010
10111011111101011010
10101101001010110000
10010010001111100110
00011100100100111011
10110000011101010010
00101111100100010001
11001101100110110100
11000100100101101100
11001110001001100000
00100101000110111100
00010101101110100101
11111110100001110001
10010001100001010011
10001100110110110011
01010111101110111110
01110101000100100110
01101100010110100101
11110101000111111010
10100001010111010101
10110101110001010011
10110011100100111000
10100000111111110000
01001110101001100000
10111101110001110100
01101101001111011100
00011100110001010001
01001100010011011011
00010010001111000010
00111001000000011111
00001100111111000001
10011101111101010011
01101111100111011110
01000000010111101010
10001010010000110001
00011111110100000100
10100110010101010101
01010110111100000101
01010000110011101101
11010001000110000110
11000100011010011001
11101111100100011001
10011101000001011101
01110011101110001011
01011011110100111110
01101000110011110110
10111000101010011010
01011111110111000110
00111100001011000110
11111100110100100010
11001111001001001101
11001101110001100100
00010101001010110010
11111101001010001101
10010001101110101010
11110001000011111100
10111001011011010010
00100111110100010101
10001001101101001110
10110001110001001101
00111110111000111010
01100100101000111000
10001000110011001111
10011000110100010011
00111101000111100001
10011011011011011001
00011111110101010111
10001111000001001101
00010111001111000101
00101101100101001011
00011111000111011011
11010000000000010001
00011101111110111001
01000111101100110100
11100000110010001001
01001001011101011100
00011110000111111101
00110101100111000001
01001100000000111000
11000101110010101001
01000100010110111000
11011111100011011000
11101110011110010000
01111011101100001011
01101111101100010001
10100010110101001111
10100001111010101100
00110100010000100010
10000111001101110000
11110101101011111100
10101111110110111110
11000000110011001101
00000011011111111110
00010110000001101000
01001110001010110011
11010010010000110000
00111111001000100101
00101010111111111110
00001011010000011000
01110001110111010110
11110000001110011100
11011001011010000101
11011111000001110010
10010010010001110101
10001101000101110100
00000100101110001100
11011001001000110100
00100000110001111111
01100001010000111110
00001001101001110010
11101110101010101101
10101110010000100001
11101101011010001000
01100111011100111111
01010111010001101011
11101100001010100100
00100100010111101100
11001001100101100111
10001001000010001110
10100010010000101111
01110010111111100001
10111100101110101010
01100100110001110000
10111111101011101010
01101000110001110000
01100110101111111000
10110100000001100011
10011111001110110000
00110111000011000110
11110111000100110010
01100000000110101111
00101010000101101011
11111100111011110101
10000001010010001110
10101010001101010001
01111100100000000010
00011100010001000011
00001000110111100100
10111001100100100111
00100010001010000100
00010011111000101010
00100010011110001111
01000101010101010110
00011110111110100000
01010000101100000101
10001111011000110111
00000011111100101110
10110110000100100101
11001010001110011110
01000111000011101010
00100000001000100100
11110001111110110011
11110100111000110101
01101101010001001010
00000000111110010000
11111110001110100111
00010011101101000011
01101000111110110001
01111101010100111000
11011111010101110101
01111110011100011110
10100100011101100011
11111111001111100100
01001100011001111111
01101111001101000010
01101010001001010000
11001000110110111010
01011011011011011000
11110101000111111001
11001101001111100011
00100110101111100111
11110101111010000110
00000111011111000000
11101000101101001111
10110001010111110010
11001100101000100110
11100110011011110111
10110000100100001100
10001110110101100010
11000001011001100010
01010011111111100111
10111010110100011000
01111110110001001101
00100111010011001101
01101110101110101111
00010011100101010000
10110111011011101011
10011110010000101111
11011000000111101001
00000100001001110001
11010100010010100001
01011111111000010000
00010110110101001111
11011101001110100100
00100110110110101110
01001011000010010110
11101111111011001010
01110100000000000100
11111010110010010010
11111110001001111010
01001010110111100011
10101100011111001001
00100101010011111101
11010011101100100011
11000101101000011111
01111111100011001100
11111010000101000001
00011000000101100001
01011101100111011001
00010111001001111101
01100010010001011111
00001101101001000010
10110111101011010011
00101001110111111111
11110011111111101110
10010010101110001000
01010010011001000011
11110001011111011011
11111101110011110100
10001000110100110011
00001010000110001001
11111000111000010101
00011001001101011111
01100011110100000011
11101100001111010010
10000000100001101101
10000001001111101111
01010010000001101010
11010101111000011110
11101001111000110110
10111011111011001000
10001111111111000010
10001010111010111110
11010010100110011001
11110011001001100010
11100100011100100001
11000100101001010111
11011101001001001111
00010000011000001010
01001101000111011101
01000110100101111101
11010111100110101101
01010111000111010010
10010110101111001101
00101001010000110000
10101000000100010000
00011011011100110111
11101010100000110011
11001110101110010101
10111000011100101001
00101110110001010010
01001100011000101010
01010100011011101110
01000111101101100111
01110100011001000010
10101011010111111111
11100100001000001010
11001110101010110011
11011110000011101100
00010011011111001000
01110100011001100011
10010110111110000100
01010100000001100110
11010110001011011011
00110101000101000101
00110000110010011111
00000010000010100000
10001100111100011111
10101100000100010011
00010011011110100100
01010001010110000000
11001011111000010000
11110100010101100011
10101010100100011011
01001111101111001010
11011101100111110111
10110011101110011110
01110100011101101100
11110110111101011010
01000110110111011010
01011000001110100011
01011101001111001001
11101010010011111111
00111110110100101000
10110100101100110100
01111100101000010100
10000101000110011111
11010010100101010111
00111111110101011111
01010010110101110001
00100011110011001101
11100100110010100110
10101111100100101110
11000010100100010001
01100011001110010111
10110001100000001100
01010110100000010001
01101100111011111100
01101110001110101110
01011001010101101001
00100101010001000010
11101111101110100000
01011000001001010110
11110000011001011001
10100000111000010001
10011010010000111010
10100101110010001110
11010110011110010011
00010010000101010001
11010010110111010001
00101101010111101100
01000000001110010101
00101011110001010111
10001010111000101110
11100100101110011111
10111011010101011101
10111100110110010001
10110000000011101101
11110100000001000000
11011110111010000110
10000000111011101010
01110000110100100100
01110101011011101111
11011011100111110000
11101110010010111111
01110101111101111111
11001100110011001101
11011001100111000011
11100010111011011000
11011001111010011000
11111101101001000001
10101001001010101000
10011111011101100111
11110010011001100110
01010010000010110001
11110001000010001111
10101100110110101001
01111111110001110111
01100001110111011011
01110111010010100011
00110111000011111000
11100010000011111101
11010101001100011010
00110111100110110100
01010011100000110111
01111110100000101000
11011010000011011011
01000111100010100010
00111111001011111101
01101101100111111010
10010110010010010010
10100111110111011101
01100000010110101011
00110000101001100101
11110011110010010000
11000011001111000001
01000110000100110001
11111001111110011001
01101100001100100001
01101111110011110001
11101100101001000111
00000000001001000100
00111111010010001000
11111101001000011110
10101101100011110101
00111100110100011110
10111100100101001001
01100101110010001101
00000001001011000111
00100000010100010111
00110011000110001110
01111110010111101110
01011101001001010110
00110110101000011001
01000111010000110001
11011100001011101100
00101011111100110111
10001010110100001001
10010101111111011010
01010000011010101110
11110010010100110110
11110001100010010010
01110000101111101110
11110000000100000000
10111011111000110100
10110011000101010000
11100110101110000011
01110010011100101111
10111101010001111100
11010010011110101000
00100011110001110101
01011110011110000101
01010111011110110111
01010000100100000110
00101101011010101011
00100011001001011000
10010100000111111100
11000011000010011111
10011110000100101010
10001111111000111110
00111111110101101010
10110001000110111101
01001100000011100001
00101101101100100001
01011111000111001010
10100101100010110000
01011010100100001010
01010111110010000110
01000001110011010111
00011000001111110100
11100011000010101001
00010011010010110000
01110010110010111001
11000011111011001001
11011000011100100110
01110100111101101010
11110100011110101001
11000011100010110101
11001110000001110101
00111110000000011011
01111000101111111110
00000010100000010101
11011100111110101011
11100101010011010111
01100110010011110101
10010111111111010101
10101110110100110111
11001010011010111001
01110101000001101110
10000110110100100011
10111110000100101001
11000110000110011010
01100001100001100100
10111000000111111110
00010101011100011110
01001001101001011011
01101100010001110111
01111011101111110010
11101000011111111000
01011011001000011111
10110110110011011100
11001000110000100101
00010100101100001111
01101010000000110100
11000000111101110101
01001111010000001111
01000000101111000110
01100010010010101110
00011010000101011110
01100010100001100101
11110110110010011110
01000100000100111010
00011001111110000000
10111111110001011000
01110110011100101101
01001100101001001011
10000010011000101000
10111111111000110000
11000001100011011000
10001101110000110010
01111110100101110110
00110110011011101001
11011011110100110100
10111110000110101000
00010011111000110001
00111110001001101110
10110111000110110101
11001101010101011000
00100010011011010010
01000011010011000101
01011001111010101000
11111000110101010010
01011000001000100010
00001001101010101000
11001100101000111100
11100111100000111000
11101000101111100001
10101011100110100000
01000010001111100000
01111011010100110010
10001110001100010110
10001011011111111010
11000000101011100010
11011101110100101101
01001000000111011111
10100000010010111000
10101000011101001010
10101100011000000000
01111010111000110111
10010001101010001010
00000101010101110000
01001111101011111011
10000100010001110110
10111010011001110101
11010010110110100011
00111001011111111001
00011010100100001101
01011110010110111000
11100110100100010100
00001111000100100001
01110000010110101010
01110010110100010011
01010101100100101110
00111110110001000010
00010011001100100101
00010000101010001111
11000101111010000101
10000110010111000000
01111000010010100111
00100001001101111100
01110111101110010011
01110000010101011001
01000100101001011100
11010110000100100010
00001011001010011010
10010010011011101001
10000011110111111111
10000101111010011000
00001010111000110010
10100010000001110011
01010001001010111010
10010011111111010011
00101101110101111000
00001111111111111011
00001111100100100100
00100111111110001001
00101100110101001111
00000011110111010101
10100110101001101101
11000100000010011001
10100011011000001000
00010110111111110001
00010011111001111001
11000001010100001010
00101011110110001110
00101101110111100101
00001111101000100100
11110101010011011001
11011001011111110100
00110011011000101110
00110000011001101000
10001011010101101111
00011001000101000100
10000000110100011100
10001110010111111111
10110111000010100001
10011000011010110111
00000100011010000111
00111111110110111001
00100010100011101111
00011110110101001111
10101001000111001111
11110110110010101111
01010000011100011000
01010110011100101101
01000110010101100001
11010000010010001101
00010011101000111010
00100100111001000011
01010110011101110000
00000100001011110011
11101110000001001101
10010000110110101101
10011001100111010010
01011100100001000110
01110000010011101100
00011011011001001101
00100011000110000101
01111111100110101110
01000010110000000010
10110100001011111100
01001010010000100011
00001000000100001110
00000011111010000101
00010011111001110011
11111001011111100110
00100001111101011110
00110010000011000011
00111001011110101001
11000001011110110000
00000100000110010010
01010101110010101011
01000000111100010101
01110100010111001000
11100011001010111101
11101110101111101110
00001100100101100011
01001111101001101000
01100011111010011110
00001110110101000101
11111110100000100100
11110111010000010101
11001000101100011111
10111011000111001011
01010000101101100010
11100001101101001000
00011110000001001001
10001011010110110001
01000001101111000010
00111100100111010001
11111010101010011111
10000111000000011001
11110010011001011001
10111000010111101001
10001010100001111101
00001111011111110010
11110010110100011100
00110001100010010111
10000010000000011011
01111111100000110011
00100100010010111011
10100000100000111110
00101100000101000001
11111101001101000001
00101100000110101100
00001001011110001011
11010011101011001011
01100101011111000010
10111101111000011111
10110111110001001001
01111000100000001111
10001000011001000000
11010001110001011110
00001001111111101001
00111101001111010101
11001011000001010100
00011100001110111011
11001100001001101101
00111100110011001101
00011110011100111111
00110101001101011010
00010010101001101001
01100101110011011100
01100101101101001010
11000010011000011000
11101111010001010111
01011010001000001000
10010011011110010110
00101111100011011011
11010101100111001110
11100101010101100010
11010100001100000110
10110000000111010110
10110010000110110000
11010011100111011110
10010100100100001001
00101011100010000010
11000100110101000101
11001110100110100000
00010110000000100001
11011111011111000000
00011111001011100001
11011110011011000100
00110100110010011000
10110111011101011011
00101100101110001001
01001110110010001010
00000101101000001011
10010010000111101101
11011110111000101111
10000001010000010000
11011000100011000001
01000100010001000111
00110011001001011010
10101110101100000010
10010110011010101111
11101101000000110100
11011101000000011000
11111110101110101111
01010011011010011101
01110000100000000110
10100011000000110001
01001110000001111101
10101100100010101000
00111110001010010000
11101011000100010011
01111010111010001100
11100101010001011011
10101100000110011001
10111000000000101101
00100011000011000011
10111000101001110010
11010001111010010001
10100001101100001010
00101011101000011100
00001110000000000000
01111000111010110101
00000001011011111000
00010101010000110111
01011110110000000011
11111100100101010010
10001110001100010011
11111011100110011001
10101101111010001111
11010000010110011111
10111011011001101011
10101001001000010101
00101011100000000011
00101111101110111011
00100000101111011011
11110010001001111000
10111100111010011100
11100100000011011101
11110011111011010100
10011111100111001111
11011010001001001001
11010000000100000000
10111111111000111101
11111010011100000111
01010101110110100111
00001000010011001011
00111110110011101001
11010111111111010000
00111100101010000101
01011001011111010010
00100001111011000100
00011011110110010010
00110110000001101111
11110100111101001011
00000110110000111100
00110100010110101001
00011010100111000110
01101101000110011001
11101100001100100010
00000101111000101001
00010001010010011001
00010001111011110010
10101000110100011100
10001100001000010110
01100111001010000000
01110110110011010000
10010011100111001001
11100010011100100101
01110111000010010101
10100111111010001011
00001110011000000011
00100011101010010101
11111101010100010110
10111010000010011011
01111110010000011010
10101111101101011101
10111010000010010001
11110111010110100111
01011000000101001010
00000101100110111000
10001111111111100011
01011000000101100111
00101111010100010101
01100011010110111010
10111010000110111110
01010101010101011100
10111110101100000001
10101011010101001001
10111011011010000101
00011001010101100110
00000100011011101110
00111010000100110101
01000111011001010101
00010111001010001100
00000001101111001100
00111011110001101111
01001001110001011001
00110001110011100011
10011101110010001111
11101110111111000100
10111110101011001000
01110100110000011101
10010111110001001001
01100000011001010110
00001000011101011011
11110100101010000111
01110010110110010101
01101010000101010111
00001101100101111011
01110110001101000101
10010001100101000110
10110000110101001111
01110001110010110010
00000101100010100101
00001001111000010110
01011011111101100011
11101011100101110001
00110000101011000010
00011000011000011010
11001001000011000000
00010100110010101011
01101001111111111001
00100010001001010101
10001001101110101101
11000110101001101110
01110000101001001101
10101011000001011100
10111110010101101011
01001101111100010000
01111011001110001101
01100100101000000000
01110001001101011111
00110000111001000010
11000001001001111100
10110010010001001001
10001010000000101110
00110110010101010110
10110111100110011000
11101101000010011011
00000000111000111010
11011001111111101001
11110110101101011100
11100101111111100101
00100110011001000000
00100011101101101011
01101110000010101000
00000111000010110001
01111101111111001000
11111110101100110000
10110110000101011011
00111011111011110111
11110001010100111110
01101110000011010111
11001010001001000000
01101001110000011100
00100100110111101011
11001111100110110010
10011110111011101010
11110011101100001111
11000001011010110100
11010000011000101010
01010010000010100111
10110100100011000101
11101100111100010101
01000001010111011110
00100110101110101110
10000010111110110100
11000101101110100100
11100100001000001001
10001010111000011100
11110111100001100111
00011111011000010001
00111001010100101010
10000001011010000000
00011101010111010111
01100110101011001011
11001110010110111011
10001111111110010111
00000100110010011010
01110100010010111111
01000001100101111010
11011000100100001101
10111001001110101001
01111101111011000100
11001001100100101111
11011101111110001011
10000110100101111010
00101100000010011010
01010000010001001000
00100000001110100010
11011110000001110111
11100000011001101010
10100111111111000110
11011000011111001011
11010111011001100000
10010101100001010000
00110101000111011101
11111000001011011101
10100100011111000110
11010000101001011010
11101111111100010111
11001000101101010010
00001111100101010111
00010110010010001001
01101011011100001011
01001111100010111000
11001010111100011101
11001001110010011101
11010111111011011000
11010101101101110010
11011000010111101101
10011111110101000011
01100001110111001010
10000000110011000010
10100011101010100000
10111110110100101010
10100001111011001011
00101000000010110111
11100111001110001100
10110010010101001000
10100110001001010110
01101111001101011100
00011011001000111011
10000011001001101000
11011101010111100011
11001001001101110110
11000011101000110001
01101010001100100100
01101101100111100100
00001101000001100101
00000001101010010011
01011111100001010001
11000110010100110111
01000011000000100001
00111010000000011011
10110011111101001011
00010110101000101110
11110111111010101111
01001111111101011000
00010101001011101010
00100101011111111100
11110001111011010001
00001111110001000001
11100100101110110101
00100101000010011010
10000111111111001101
10100111001100100111
10010100110011100101
10001101110101010011
10001111111001100001
01000110110011111010
00111011010110000001
11011000011011010111
01100010000010011010
11011101101111111000
10011110100111011000
01000001111100001101
01010001111010000100
11010001101000000110
01111111011101100101
01000100101110001111
00001001101101010010
11001000100011001100
10111010100001110101
00011110101110111011
00110111001000011001
10111100111111111000
01010100100101110101
10100000001000000111
01000000000111111100
10100111000011000001
10010110000011110111
10101011000100001000
11001101100111100100
10001010010010001001
10101000100011110100
11010010111010100010
11010010111000110101
11000010110100100100
11001010011100100010
11100101110111100000
11010011111110110001
10100010010101100011
11011101000111000010
11101010111001010111
00000011011100010111
11111010011011010100
11100101111101101011
01100011001010110101
10101000000000010101
01000000000101010011
10001001110110010000
11001101001101000000
10000001101100000111
00011010100110101111
10101000101111010011
10000111001011001111
01111000111010010110
00111110101010111000
01101011110101001000
01100110101010110100
11000000011001111100
11000000110101010101
00110100100010011001
11001100000001001001
10001001110011011010
10100111100111011000
