20 1023
01011110001000101111
00011110111101110101
00000100111100010110
01111110110110010110
11101000001100011010
00110100001110101100
00110100100000011110
10111000000010011111
00010110100111111001
00001101101111101010
01110100011111110110
11010001001110000011
10010111110110010100
11001101101001111001
01001101100100011000
11101001111100011001
01011100001001011000
10101110110000111111
01111111011011000010
01001110011011111000
10110111100111111011
01100001110010011110
10011100011110100111
00100001100110000000
11101100110101011101
00110100110111101101
11001110110000110000
00101001110010101101
01101100111001110001
01101111111001110010
11110110001001010111
10111001000001000101
01001101110001011010
00011110001100110100
00111000010010101000
00000110010010111110
11011001010011000111
11100010111110100001
01001001010101111111
10001011011100111011
00101100011000001101
00010011101011000001
10100100000000111101
11110000000000100110
00010101010110011110
11010000100110001111
10010100101010000101
00110101001000100110
10101001000001110101
01110001100110010011
01110011110110111111
00110110010110010111
00110010010000001011
11111010111001110011
00111001011001111010
10100110111101000110
00011100000001011110
11000010001001000011
01001000011100101101
00000111010100001001
11101011001001011010
11101010110011100111
00101111011110000010
00111000010111110011
00010001011100101110
01011111011010001100
01110011011110110010
00000100001010110100
00001111010011110101
11011101000011110100
01010000111010101001
10101101001010010011
00000101101000111101
01111000111100010101
01000100101000111011
10111100111100001111
11000010010011100101
01011000100100101010
00110100101101011110
11000011111100001110
10000101001010111111
01001100100000000100
11101010010010110000
10000111111001100010
01010011100110011011
01111011110010100000
10110100001110011001
11000000000011010100
11000000011111100101
01011011101101001110
10110011011111011101
11011100111010101110
10001111111010111111
00110110001111110001
00010110010001100110
10110110101100110111
11111010000100001010
01001110000110011101
11100110001100110111
10111111111100001101
00100000000011110100
11000100011011001011
10101011100010010000
01111011000110100001
00001111000010001111
00110100001010001011
11110001010011011101
10001001101101001110
11100100100100001001
00100010101010000001
00010100110111010000
11000000100101011100
00001101011001100100
10011101000100110011
10110111111100000110
11001110100100011010
11111100011000010100
11100010110111000010
01110100011110110011
01100101110011000101
01101000011111110011
01110000101011000011
11100110000100110110
01100111110100101101
00101101101111000111
11010000010110011010
01100101110100101010
01000001100000000110
11101000101111001101
10011010011000011100
00100010011011111000
01010100111011101111
00011101111110010110
00110001010100011000
10011100111001110110
01010010111000100011
10110111010011001010
00011100010001010111
11011100100010111011
01001110001101001000
01101101110010011001
00111101110110100100
00000110010010111001
00101110000001011010
11101101100000000110
01010000000110101101
00111110011111011110
11101100111110010110
10010011111101010000
11110011100000011011
11011010101010100110
01001000111100000010
01111011100010010101
00101010100011110010
11111110110000000111
00010010010011110101
01111101000000101101
10111110111011011111
11111001110111000010
00110100010000110000
11010110000010011111
11001010011111001100
00011001101101111011
01110001000010011111
11000111001110101001
11111000001111001110
00111100101001010000
11110110110011000101
00010010111011101110
10011111001111011101
10000101010000001000
11000101111100001110
10110010000001001011
11101111011011110110
11111110011011000111
11101000011011001000
11100111101111010010
11010111010000000110
10101101010000011111
01010111100101100100
11011000110101110010
00011000111011001110
01001111011011000010
01111101000101110110
11010010010111111111
00110000101000010000
10101100111000010010
10110010011110111010
11001010000001111111
10000101101110001101
01010110000101001101
11110101110101001101
10001001110100100001
10011110011101110010
00100010110111001101
10101001000000000101
01000101111001101011
11100011001001001001
11100111101011000101
10111110001100101010
00100011011000001011
10100000011001111101
11110101111011100100
10010100111001010011
01000011000110111101
11010111111101110110
00011011110000010011
00110100001111011101
00100000111101101101
01100011101111100101
11010110000011110100
11010110110000100000
11111110000110010110
00111111111100100110
11010101000101000100
01100011010110101000
00111111001000011001
11100010100000000111
01101110011001110001
10011100001001010000
01110110110100001101
01111011000001101011
01111100101011010110
01110111101000011000
01101001011111001101
00011101110100110111
01000001100101011110
11000111111110111011
11100000101001110101
01110100010100011001
01110011100010001101
10011010001111000001
11011000000100010100
11011001100010000110
11000100110000010101
10010011110011100011
01001110000010001101
01010001001000010101
00001000011010100000
00110110010110001111
11111110011010100100
00100101000111110000
01101111100011011001
01001011000101000110
01001000100001000000
00000001000010100001
11101001010100011011
11111100101010111001
00010110100011100101
00101100111111101110
00001100000110001011
10101010111110111001
00100111101110100111
11100101001111010001
00100011111000011011
00110001000110100000
11111101110111010011
01100011000001100111
01010111010100101010
00011111001001010000
10111000001110000001
01111000011000011001
01110010110111001010
01000011100011110101
00101100100111001001
00101010101100101100
00011010000000111100
00010000001110011000
11010111101101111110
10110110100011101010
01001001010011111110
01111000000010000100
10000110011101001011
11111110101101110101
01010010101000110010
10110101010111111010
00111011001111100001
11101110010100010110
10010011000111111111
10011010011011110011
10001100001000010011
00010000110111111001
11001010111110010100
00010011111101110010
11000001011001011100
01001000100110111100
10110111011110011010
10100100111111110111
10000010111000111101
11010101010111000001
11110110001011100011
11000110101001101111
01001000011001001110
11101010111100000010
11011110010100101101
10101100101010111010
00101001011001010101
01101011011100001011
00110110110001011011
10111110000000111001
01010110101101001100
11010101001000110101
10011010010100000011
10110011010011100100
11100111101111111100
01100000110010010100
01011011100111011110
11110110101110101101
10111111000111100110
11111011101111001000
01001010111100010111
00101011000100100110
10010100100110011100
00110100011111000000
10001100010011100111
10010101001001001011
10111001110100010100
01100101011111110011
11110110111010010000
10110000000011111010
01100110110100111101
00110100001011100000
01001001101100001100
01001001011011100011
11101001100101100010
11000101111010110011
00111000001110010000
10111010001011010110
11010011111001001000
00010100100011001110
01111000101000001110
01110000001110111000
00011110100011001010
01011000010000010011
01011111000001000011
00111111110100000000
10011000101011000100
01011111100110100100
11111110101011100000
01111110011110110001
11010010101010001010
00000011000000010111
11110111100100111011
00111010010111011101
01010010110100011011
01010000000100011001
11001010011111011011
01010100111110001011
11011010111111011011
10000011110001101110
11001011101110111110
00110001111100111110
00100100010010010100
11110001101010111101
10101111000000001000
00000100000000100011
01001000111100001100
10011110110011011010
01101110000010110101
10100000010100111001
11000111001000001011
11001010010001101000
00110110111111011111
10000011100010010100
10110000111100101001
11110110000100001110
01000011001100111000
00010100101100000011
00001001110010101111
10101101001111001101
11011100111110101000
00110011001111000011
11011001000101100011
00111011000001000111
01010111110110010110
11010011100110001111
00101111110101001100
00010111011100010100
10101011001111100011
01000110010011100001
11001000111010001111
11100111001010110010
10001111111100101011
11101111111110001100
01011011001010100101
01001110111011001101
10100110001111011111
00010111110010110001
11001010110000111110
00010100101011010101
01000000110110001100
10110001110100000011
11001111101000010101
10110101110010011011
01001001000011001101
11111011001001000011
11110110100100001000
11001111110100010100
10011111001000000110
10000101100110101000
00010110100101101100
00100101000011000000
11100101001100011001
01010011000110001101
01101000001000000000
01111101100011000110
10101001010011110100
10001010100011010001
00101111100011011100
10000101110101011000
00101100001101010001
00000111011110011100
10100001111001110110
00111001011100001010
00010101100010111101
10011110001000100000
10011110000001101111
01110001000100001111
00011001101100011010
01111001110001001001
11000101010101011100
01011110010111111111
00000001100010100010
11011101111100001110
01001101011100110010
01101011100111110001
00001101000000111010
00101111001100001101
01111110010001001111
11110000000110111000
11001111110001000110
01110100101100011110
01000101101110111111
01100101110110011110
10100100110011100100
01010011100001001110
01111001100000000011
01101101001110100111
10111110001100101101
00011011011010011000
01011010010101001000
11100111011110101100
10101001011011011000
01010100000010111101
01101001111101111110
10000001001100111101
10010010111100101001
11101011111111111110
10010111001001111001
10100001011010101000
11111011101110110001
01100110111000110110
01001000000100110111
01101010000011001001
11110011101001000001
00101001010101011010
01011011001110011001
00000010000110010011
01010011100000001011
01111111011000100010
00111010101111101001
10110011000111110110
00011101011011110010
00000100101101111011
00010000101100001101
00101011000101111101
11101010100101111010
01110011010001101101
11001010011101001011
10001101011010000101
11000100101011001101
11110101101100010110
11010111011010000010
00110101110100101001
00011100001100101100
00110010111000010110
01011101000010010110
11000011101100100101
10111111010000111010
00111110100000100111
01001011100001110101
10110100100010000010
11111110111011110000
10101100100110100100
11111110010001001110
11011101010100111111
00000011111110100100
10011100111010111101
00101001011111011101
11101110001000001100
01001101010011101010
10110011011111001001
00111001011110001010
11101000101110011101
01101000111010011011
01101101100001011100
11001000001111010010
10100010101100010100
10000000110001000110
00111010011110010010
11100110100100110111
00101111111111000101
10010011010101110010
00101111010000001101
10110010110101111010
10010110010100111111
01010110101000001110
10101001011101011011
01001101011100101000
11010101011010110011
10001110101001000111
10111010101011111111
00100001001011000001
00111011101011001000
01010000101101101101
00101001110100010011
00010100111010111111
00011110011010010000
11010101011111101101
01110011000000101010
10100101110010010110
01011100001001111000
01100010001010010100
10100110110100110100
00000100001101100110
11010001110011110110
11110111100011101011
01000001000100000111
11111110010100100010
00011101011111011111
11111000101000110001
10011011100011100000
11011111111011110000
10110101010111110011
11100010101001001110
00011101110101110011
10111000110010100111
00111111110101000000
01011000000000100110
10000011100010110110
00110010010111010000
01111001011110100010
11101000111110110010
00111010100100001101
10100010011101110011
10010111000100010111
10010110101110011100
11101010000000111011
01110100110110111110
00110001011110000000
00111110000100010101
00110101101001000111
01111110110010000011
11011110011001010101
11000001000100001100
01011111101010101010
00101101110011111001
01000011100111110101
00101111100111001010
00100001110000100000
00001001100111111000
01110110010011001001
11010011000111000000
10101110000011100001
10011101000111001111
01101011001000011110
10111111000011001110
01100111100010101010
00101000010110010000
10100100011111100101
11101111101111011000
00101110001010001111
01011000101000001101
00101101010100110111
11110010001011111001
00110000101001011000
10001000010011100100
10100111100011000010
11010101101010000001
10000000110101010010
01101000000001101110
01001101001011010000
00100010001100110010
00101111100111100000
11101110111010000001
01111000110011011100
11110000001101011001
00011010011001111000
01100111001001100111
10011011001110000100
01001111100000101111
00011001100001010011
11111001100111011100
11111000111001111111
10010110011100010110
10001010001110000001
00010011111110011100
11101100111001011101
00000110011111111101
11011111100100111001
00111001110110100010
00100010011000110111
11110111100011110111
01111101101001001111
11100110101100101001
10110000111010010000
00111101110000101010
11000000110111101110
11110011011011101110
01001100101100111000
11000100001110011011
11110000100001011100
01011111101010101001
00010011010111010010
11111101011101100101
10011111001000010111
11101011011111100101
11101010100001101010
11111011100101101111
01001000111010111010
00010001101110011110
01010110000110001110
00010110111100101101
01010101111110001100
11011000111001011001
00110011110110011101
01011010011111101000
01100110110110100110
10111010101010100111
01101011110011010001
01001111110001101000
11011001101101000111
01011101001111011000
00100011110001011010
10001111110010100011
10110101111110101011
11111011111001101110
00100111010010100010
01010100010000010011
00011000001100011111
11100001010101000100
10001101110000010110
10000001011111001101
00001101001011111010
00110110101100001001
01000101001110100000
10010010011101001000
01001010101111011011
10001100010001001011
11001010001001000001
10001110111010110110
10100111101001001010
10111110011011101001
00101000101111010101
00100110000011101111
01001111110100110110
01101000001101010110
11001010001000011010
11011100010011101000
00111010111100111011
11010001111110001110
10000010110001000110
00000010101000100001
11111001111100101110
00010100100010100010
00001011101110000101
01010110011010000011
11001011101010101100
11110110011010010100
01101111001101010100
00001001110000011101
11110001001010101101
00001000100101100001
01111100110010101011
10011101000000010110
00001010111101100010
01010111010000010110
11100011010000010111
01000100011001000011
11101010001101001111
10110101000000101000
01111101000110111110
01111110000011001111
10100000000111101000
00010000110000101001
10111100110111100010
00101111101000100011
10110001110011110100
10101000001100001010
01010111000011001001
11110010101001011101
10001010100001111110
01111110001100010011
10011111000010001100
11101000010100000010
10100011000110011001
11111000111101001101
00001110000110010100
11101110101011000110
11110011000000000011
10110010001011001000
00110111011100011011
00110111001111000011
01110001111101010010
10000110011111010101
00110100000110010000
00001000100110110011
01110101000011110101
10110110010000111111
11011100000111001100
01110100010111011011
01110010101110011111
00010111001100111101
11111100010100111000
00010010110100010011
11011000111100010101
10111101100110001111
01101010111001101100
00101111100101001110
01110001010111110110
10000000110110101101
10100000111100000110
00110010110011010011
11011101010111101000
10101010110111100110
11011100011101111111
11001011110110000010
10110111011100010101
00001110101100110001
10011100011000001100
00000101010100000111
01000100100111010011
11000101001110000001
11001010001100000111
11110110111100100110
10110111101100110001
00110001000010100101
11011011101110010011
00110001000000110101
00110000100011011110
10100011110010010100
10111100010001111110
11111111100101101010
00100101000111100010
01010101111110111101
11111010101110000011
10111000111101101111
10001010010110010010
10001110111000010011
00110011101101011010
11011100101100110111
00001011110110010110
11001010110000011111
11111111100001111110
01000110001000000000
10001010001100010000
10011011110111001110
10011110010101110100
01001100001101010011
00100100110001000110
01010100111001000111
01000010111011000111
10100110110111110101
00001101010001011111
11100001100110100110
10010111110110101101
01101011100111100101
01001101111101110100
10101111110110000000
01101110011011010110
01001101010010010111
10110001110111101000
11111100100010011011
01011110011011101100
01011010110000111011
01011001101101000101
01100011010100000001
00100101010001010000
11110111100000000100
01000101000011011110
00101110010100100010
11101100101000110100
10101000001001000111
00010111011101111101
01000101011111100100
10000001010000010001
10110001000001011100
11110101110010011100
10011110001111111010
01111011111000110101
10010101111000110100
00011000001101011000
01011111010101101100
00000100101001100101
10110100110011000011
01100011001101111110
01111100100000010100
00000110100000100000
00000111011111010100
11100110110011101000
00010011011010001100
10011010100100101111
01010011101110111000
01010100010001101000
10111110001000000110
01110010100011101111
00010001100011001100
00000100000111000111
00001100111110010000
01101101001000101010
00000001111010100100
01101101101101101101
01000011010010011001
11111011101000001111
01010100000001100000
00111010101101100110
10111011010101101000
10100110101011100100
00100111111100100011
00111001100111101000
01011000000110011111
10101010000001010000
11011010000010001101
01011001010110010000
01001100011010000100
11010111001000111000
01111011111101010010
01011100101010001110
10100010010001001011
00110111011111110100
00111001000010001000
11000110100111000111
00000000101111000100
10010101110011011010
01100100100001000001
01101000011111111110
11110000101101101011
00010010101101101110
10111011110110100100
11000101000110001100
11101010001001101111
01110101110100011010
11111011101011101010
00000100101000001110
00101101000110010011
00111010001111011110
10101001000110010111
11010111010100001011
11001010110101110100
00000100111001101001
00100010011100100101
01011011101001100000
10001001111010110010
01001010001001000011
10100100100101011111
00101010111101001100
11011010000001011011
10110111100110010110
10011000110100110000
11100001100011011111
11100101100010000111
00110011001001111011
01010101000010011000
10011100110001100111
10110011000001100111
11101000100001010011
11111100001110110001
00110001011011101010
11101111010110100010
10000011001110111111
00000000100001001100
10000000010111110101
10101010011001010011
11110111011111010100
00010000101111010111
11001010100001011010
10010011111011001100
01000111100110110100
10111010111100100010
00011000101111000010
10001110110110000111
00111100100101001111
00010001110001011000
01110011001010100011
00001011000101101011
11000111110111110100
10101111100111010000
00110010111000000111
11000011000010000010
11011011110011010111
10110100100001000011
10111000000001111111
10110101101111101100
11100100000111111110
10101011101001001110
10010101100110111101
10000110110110000000
01001011011000111111
00101101111000101000
00011110100000111010
00110101000011000010
10111010100101101110
00010000011110100001
00010011000111000101
00111010111000011101
11110010110011101001
00001001110110011011
01100001110110101010
11110010111010111010
01100100100100111110
10000001101100001001
10000000010100011011
10000001000010101101
01010110010100011010
10010010000110011001
11110011110001000000
00000101000011110110
10010010110110011011
11101100011101000010
11101001011101110011
10111000001010100110
01001110111100001000
00000100110100011111
10001010011110101011
00100000100010011100
11101000111011110010
00010111100011111100
11101100001100001111
00010111000100100010
10101011010100000000
00000100101001101001
10001011011010011011
10100011100010101010
10100000010111010100
01101111001110000100
10110000011101011101
11010111000101100001
10001000011010010010
00111100111010011001
11101001001010101111
00100000101110000010
00010010101111111001
11110001100101100011
00010000010100110000
01100110010110001100
01100100100110101000
01110011010011111000
11000101101111111111
11100011011001000010
01100111101110111001
10011011100101000011
10110101010100111010
00010101010101100001
00000111111011001011
11110010001100011111
01101110101000101111
10111111010111111101
11100100100011100011
01110000001001101011
00010110110100010101
00000101000100010110
00101001110100000001
00110111011111011010
00101110010001011110
10010101110010101110
10100101100000111100
10100101011100011110
00001100100001011110
00001011100000101011
11111011110000111001
01010111110011010100
11111011010010110101
11101001001001010011
11000011010011001100
01111011010101001001
01111111000100111000
01011001100001011001
01111010001001110001
00110000011010010101
10100000001100101100
00011110011001100011
11010100101101010111
11100001000001011110
01100011110001001001
11111101110110110001
10100000000000110111
10111010011010010111
10001101101101100010
10011000010100011010
10101011110101001011
11010011111010100110
01001010110111011010
01100001000101101000
01110100101010110110
01001000111100010010
00011110011101101011
10011001101110000110
01000110011110101101
01101100100100010011
00001101000010101101
10100100111010010001
01010001011101000101
01100000100010111100
00011011010111000110
11111000000110110111
00101011000000001111
01100000011100100101
01001101010101111100
00111100011010010100
10000000100100011000
11001010111001001001
01110010001100001100
11000101110000111110
01100001010011011101
10001011101000011001
01100100111111100000
10101000111110111110
00110111101011001001
10010101111010100001
01010100101010011010
11001110100101101011
00110011001010010000
00000010011111001000
