20 1023
01001010100000011110
10001110001100001101
00011101010111101101
10010101001000000001
11110011001111000000
10000111101111000000
00111011011001110101
01111100000011001011
01000110110000010101
10010010011100101111
01101010110111001110
11111001100100000000
10111011101101000011
01110100011000111111
00011111010111011111
00010100110001000011
11000111111111001010
10000010111001011001
11000111001101100000
00110010111100101100
01010111110110010111
11100101101101011110
11011001010000111110
01110001000101100011
01110101110111110010
00101101001101101101
10100011000000100010
01011010011100010011
01101010110001101011
00111111010001101011
00011101010100100111
11110000010011101010
10010010111001000001
11110001000011010010
11001000110011101001
01010010110011110100
11100110001100100100
00001101111110001011
11100111000001010011
01010101111101110000
11001001110101111100
10100001110110101001
00011010000101101101
10111100100110100010
01011101000111101101
00010011101011001110
11111010011010111011
11011101110011111110
10101111110000010101
00000111010111010010
00000001011111000100
11101000000000001001
11011001100000100100
10010101001111001011
11100001000110001010
10001101111100011010
00111001100101101010
00100111111111010000
00000111000101100100
00000001010010111011
00110010101110010011
00101100001111011101
11011010010111001010
10010001010001110100
01101000011010111110
11110100111101000100
11010111101100001001
11010010110101011100
00010011111011001010
11101001001010010110
00001111111001111000
01011100001110001010
11000111101100111100
10111001000110100001
10000100110011110101
01110001111000101111
01011010000111101100
11010110101101010100
00010000010111101111
00110101101111111001
00011010100001101001
01010000100010101011
00110010101010010000
11011000110010011110
00111100100001010001
10000100100100110111
10010010111111110011
11000100110111111011
10001110010011010110
00011011000010110101
10001100110111000100
00001110001010000011
00100101100100111110
00011111010111111000
11111101101011111100
11011011100101100001
01011111110110100110
10000000101111011110
01110001110001100100
11000101111111101100
01000110110010000110
00001001001011111010
00011001111111110010
11101011000000010101
11001111001000011110
00001101000111001111
10000000111110100100
00011111001110110111
00101001110011100110
10101100010110011011
01011110011001010001
10110110111101000001
11001011100000010000
01010010111100001110
11100001011100001101
01011110111110010011
00000000000000000101
00010010100100110010
01111000000110001111
11111001110011111100
01011111101111110011
00010011100010110110
10000111001010100110
11010110100010011001
01110100011010111011
11001111001111101000
11001010011111010000
01110111100110100010
00100101110111001001
01110110001001111011
01010101001111000111
10011100100101101101
00010000010011011010
00001110011111001111
01101001000000001010
11000110010011010111
10101010010100011100
00111111010111110101
10101111101010010111
11001001101100100100
11011011001100101011
01010011100010100010
10101110100101001110
10010001110111111001
00101111000001000010
00110000001011000110
11110111110000110110
10000100000100111111
11011000100001101000
10100010011010000101
10010001001110010111
00001100001101011001
11011100100011001010
10001000100000010010
10111001010111011010
00111010010111001011
11111001111000101011
00010101000011000110
10001000111101001111
01001110111000111000
10100001101000101100
01011111010111011100
10110001000010001101
00011001100001100011
01011010001100011000
11101111111001000100
00000101100000111011
00001100101011000100
00001001011101110010
11001111111001011000
00100111111000101001
10001110001110101111
00000111011011011101
11000110111100111011
01111100001011111110
10111010101100101100
01011001101111101101
10110110010010101100
10100001111001000111
11111001111010011111
10110000101101111111
01110001000011111110
10110100001001010011
10101101100001110101
11000111111001010000
11110111111101101000
11101100111010110011
11001000011111011010
11011001000100011100
00110110111001000101
10001001100111000011
00111000001011101000
01001100000011101111
11100111000110001110
10011110111000010110
00101110111111100111
01111001010010001100
01001111010101011001
11110100001010001100
01001110111101101011
00001101100111101110
00101100111000100101
00100000110000111110
01100011110111010111
01110001001101101101
01111100001001101000
10100100011111010000
00110111110100000000
00100000110001000000
01110000110011011010
00100011001111110000
00010110000111101001
01011001101111101011
01111001000001100110
01101110101111010101
11001110001001101101
00011111101000100011
10110101001111001010
10110111001001000011
11111101010110100100
00001100110000001100
00000100000001001111
11111011100110001111
10101001111011111101
00001000010011001000
00111111111000100101
10101001111100011011
11111011100011110111
10101010110110001001
10011001111011110001
00001100100100010000
10100001001110010111
01001101001010010001
11100100010000001111
10000100110101101011
10100100001110110100
00111010011101000100
10111001010110000000
01011100010111110011
11111111100111100000
10010011100011011110
10101111101101010111
10110001000110000110
01100011100110000110
00010111010001001110
01011110110010111101
01010100000110001001
01101100000100111100
01101111100001010011
11000101000011111101
10101000001101100001
10010101001100011111
11110011011011111000
11101101110010111010
00001001001110011011
10010111110111011010
11101100111111010011
11101010111110010111
10110100111101110110
00000001110001111110
11100000001011100001
01100000101001100101
11010001100101101010
01101100000010000100
11011011101101011010
11110110001111110100
00001001001011010100
00110011001101101001
01000111000010011111
01100101001001111001
11001100000011000100
01010111111101001110
11000011100001010011
11110011010000100001
00010000110011101101
11111110101011101111
01100111111101100001
10100101110011111001
01100001101111110010
10101101100011101010
10001110100100010011
11010100011110110010
01100111101110011110
11111011010011111001
01100011100001010101
11101101101010111001
00100100011011011010
00111110000100111000
00010111001111110010
11000001101111011000
11111000011101011111
01100010111011001100
01111010110101011111
10111001100011010101
11101100111110000001
01101101111111011000
10000000001010011100
11111101011000001101
00010011111010010110
10000000101101100101
00101110100001011110
01100111000001010110
11101111011100000010
11110010011100000110
11101111010111101011
11011000110010011010
00001101010111101010
00000110011101100110
11101111001010000101
11100001001110110001
01011111101101001010
01100110111100100010
01111010011010110001
01000100001110001100
00101111011101100110
01010111110111010011
11011111111000001111
01111110100110011111
11010001111110111110
00100111100111101001
01001100111100010011
10100100110100010000
01010001000100101010
10010110011000011001
10110001011011110110
01101101010100011001
00101011101010000100
00110001100011100010
01000000110111101101
11010011110110000001
10001111011100111101
11000111110111010000
00001111000101110101
11010110111110111110
00011011101001001111
00100001000010010011
01100000101111111010
01101001110011111010
11100101010000011010
01101111101110010100
00111010000011010001
01100100101011100111
00101010101101010011
01101101001011100100
01110101000010111110
11101111011000101111
10000000111110000010
11001010001011100101
00100001010000100011
01001001010001110010
10001000011001011110
01101111010001010111
00110110110100100111
10111111110101101101
01010010001011011010
11001101111101110101
10011000011101000001
01101110101111100000
00001010100010110011
00011111001111111000
11001011011011111101
10011010110011011100
00011111001100011001
11000000011000100011
01011101010100010001
00101001010101010001
11100010010010010110
00000111001111011010
11001110010100010001
01010001000001011000
10100010100010111010
01111100100001110010
00000100100000100011
00101001101110110000
11111001100101111111
00000101110011010101
00001101110101001110
10110111000010001001
01110000010100010100
00110011110101001011
01011111011011101101
01010010100000111011
10011100000100100010
00001001100110110100
01111101001101000100
01010011100100001000
10011100110100111000
00111010001010111001
10010001100101110000
01100011001110110011
10111111101011100111
11110110010101010001
00100111001000011110
00001011111100111001
10111011010111011111
10100001010111111000
01101011100010101111
01011011100010000110
11000000001110011000
11000010110100011111
11110000010101000111
00100010101100111110
11111001001011011111
11010000010010110100
01010000100010111011
00010001011100111001
10100000011001011001
00010001011000101000
10001011101010001010
00110010100001010001
10010111010011111101
01001001101011101001
11110110000101101111
10101111011100001001
01101011111100010110
00011000000100101011
01110011011100110011
01100000100110111011
11010010111100101101
10111101101111001010
11010001100110101101
11100000000100111000
10000000001010000101
01110111100010100100
10110100101011100011
00100101110010001011
11010001000111001001
10001110010111000100
00100011000100011111
01010011000000010110
11110001111101010001
01010010111111011100
11010011000001110110
00111010110110000111
00000101110110010111
11100001110100010010
00110110110011111111
10011011000101111101
01111001100100110101
00100000000111111101
00011101011100010000
11011001110000110011
11000001110100101111
10100001010110010001
00110110110100001000
10011000100111010100
01000011011000000011
11101101011001001101
01010101111110111000
11000100100000011011
01100110010110001011
10100110100001000010
10001100111110010110
10011111000001000001
01101001000111110110
11010000000100011101
11011101101001011101
10100101110101100100
00011111110011010101
00001101111001100110
00010001011110111011
10101000100101110100
10100110000110100101
00011000010111011011
00000010000000011011
00101001010001000011
10101110101000010100
10100111000110000110
10110101011000100001
10000010010110010101
11100110111001001111
10000011111110011100
10101101001101011010
00010000111000111000
00100011111111111011
00100010101100001110
11101100010001111010
10110000110000000111
01000100010001101001
10010110101000100111
11110100111110100101
11011000110111011110
00000100011100001010
01101111010111000101
00010001101100001000
00111101011110010101
00100001011101111100
01001001101100101001
10000101111111110010
10001010110101001101
10010101010000000111
01001001001110111001
00110100101010000011
11000110000101101101
10000001010101111010
11000101000101111011
01101010011110011000
10000001001010101010
11011110011011100011
01010010010111011010
10111101011110100110
00111110111011001000
00101101010100010111
00110001010010000001
00100000010011100001
01110001011011110100
10011000100010101111
10000101011111001001
00101100011111000111
11101010110011001110
10000100000101000100
01001111000010110111
00000010000100011101
01000001101100101110
01101001000001001111
11111111010111111000
11100110001001101011
10011111001101001001
01111011111110100100
11100001011011010100
11110111100011011111
11011100010111101010
01001000010110001011
00111110011000110101
00011011000100100000
00010000110001111111
00010111101101000111
10000010010001010111
11110001000011001111
10100010101100111011
01010011101101010011
01000101000101010000
00110011011011011000
10011011011100001111
11101111010000010001
01000000111010011000
10110010111100100001
00101000001100100100
00111000011100111001
01111000100000101101
01110111110011111111
10100010111001101111
11001001011010100101
00001011101000110101
00110101110011100001
11100110011101110011
10111100000100101010
11011000000101000100
01100010000010011010
00000011111110110110
10010000011100001101
11001010000101000000
11111011110011010111
11111000110101001001
00011110011000010111
11110101010001000101
11011011001110100101
10001100101100100111
10000100111111000110
00111100100101010011
01011000001110010000
10101000110110011000
01010101011101000001
10111110110001010111
11001001101010100111
11011011001011010010
11011101010100101010
10111000010001110100
10000000110010100100
01100011011111100110
10101100011111111100
01001111101110000000
00101110011101000000
00100011001111001010
11010101111110000101
01100001000010110111
01000011001001101001
00111011001001100100
01110100100111100010
01001001110101101110
00011000101110010010
10100110001000101000
10001010101011110000
11101100000111110111
00110110101110100011
00011111001111010100
11001001100011111100
11000000010000101001
01011100100111010110
00101010001101111001
01111000001001011111
10000100100000001000
00010110110110010110
01100010011000101100
11011110111100000001
11010011010101001010
10110011100011010110
01010100000101111101
10000000111010000011
10101001011110001111
01100101011111010111
10110001110010011110
11110110110010111001
01000000010010100101
11100101100011001001
01000011110001110110
10101110011000100100
11111001010101001101
01110000010110011100
01101110001000101001
01101110010000101110
00101110010111010101
00000110001011000001
11000100000110001001
00101000001001000011
10001111011101110010
00111000111111110111
11000001011001101001
10001000101101011101
00111101011110110011
10010110010101111110
11111000001100100011
11101000111010000100
01011000101100101110
10101110010100000001
11100111101101100010
10111010001111011011
01010101000011111010
01110110101010111000
00011101101000100001
11111100110111011010
00000101000101110101
00110110110001100000
00101011010100100101
11011110010111011101
00101001101011111100
01000000101100011011
01011100101101100001
01010100001010111011
00111100011101110101
10011001001111011111
11001101011110101100
11101011110111010000
11001110011101010111
00010010010010001010
10111010110100011110
11010100001000101011
11010110111010011110
00001010001101110101
10010100000111100011
01111111111011000011
10101100101000101000
10011101111000100101
10110100010000100111
00010100011111000101
00110100010000111111
00011011110010101001
00111110111111011010
11100011111101011101
10001110110000101100
10110000000111000000
00011110111100011110
10111111110000011011
11001110110001101101
01111011101101011110
00110101111111111110
11101000110100001000
01110111100100011000
11000100100000011100
11101110001010111100
11010101110101000101
10001101010000111010
00101100110000111011
11010010010010111111
00100111111110100011
01111000011100101101
01011111010100111001
00000001011000100111
11011010110000001110
10111101010011101100
01000100101000111011
10001000100100001100
00100100100111010010
11110001110011110001
10001010110011001010
11010111010001101100
10101000110001010101
01000000111010111011
00111100001100010101
10000010010110011110
10001010000110010101
00011001110000001011
01010000101110010111
01000100100111011111
01110010001010010011
11111010011101011110
01011111111010010110
11110011011001101010
00011000010100100101
01001100011010000000
01101000101110000001
11101001100001000001
00000010111100110100
11110111100110100000
00100010100001010011
11110101110110110011
00011101101011000111
10110011111000010110
10110110101011110111
11110101110111101100
01010010110001011011
10101000000010110111
01111110000110101111
00110010111000011110
10111100011000110011
11011011011000101011
00011001001100001110
10001100100101001011
11011100110101000111
01110111001100110010
01101100001011100110
11011100001101001100
00111100011010000111
00111110101011100101
00111000001100100011
10101110001010001011
10111001101011110100
10001110000000010010
01101001101110001100
11101100001110111011
00110110001011100010
00110011111011100010
01101000110111101111
01010110001111110001
11110101101011100111
01101111111110110110
01001010001111101001
01111010001001010100
00011001111000011101
10111000001110110010
10111011100101001111
00010111111011110100
11010010110010000101
11010001101001011000
00100100001010111100
11101110101110010100
00111000000100101011
11100010011111000011
00110111000011000000
11101001000010100010
10101011010100001100
01000110110010000000
11010000110011110000
00110100101000100111
11111100100111011011
01011001010011100001
11110001000110010111
01011111111011101000
00010101011101010011
00000000000101110100
01110000010111101001
00110101101001010001
11000001101110100100
10101110100000111100
00010110101110110101
11100010100000000000
01001101100100111010
01100001001110001101
00000111010101100110
01100000000110000111
10100010100001110011
10010110011101101010
01000111011110110001
11001010111011010011
10001010111101001010
10100100000000101011
10010001110111000111
11010011110101010011
01101001100111000011
00101001101001000000
01010001011000010001
01111010110101001110
11100000000011111000
11011001011001100001
01100101011011101110
01010010010100100110
00001010010111011100
10000001101001010100
11000001011110111101
01011001001000001110
10011110101100010100
10110011110110011011
11001011000000100111
10010010111111010010
00001000100100111100
00000010010000000001
10110001001000001001
10000010111011100011
01100100011010000010
11100011010110111000
11001111101110010111
01010111010011101110
11111101000001000101
00011001110110100000
00110100000100100101
10010000110100001100
00010000011111001111
01101100001010001010
10011001101100011010
11011000010011001011
00010001111001110010
10000111011110001100
00000110100011011100
00010001110010111101
10111010000111001100
10011000010111010001
01010010010010110101
01101110011111101111
11100100000101100110
01010110111110001000
10000100011110011101
11000100101011000001
10111001001000010011
11111011100101001011
10010100001110010101
00010111101100010111
00001011010111011011
11101011110110000110
00000111110010001100
00001000001110100111
11010000111110111001
00111111111011011111
00111011011000000100
00100000000100111100
10001111010100001110
00001110111011111100
11110111111100001000
01001001111011001011
11110011111011101100
10100100110000001001
01111011000000101101
00010111001011010100
11111000100101011111
00001101110100010011
01111000100011100000
11010000101110111111
10001101100011100100
00011001001101001111
10101100011101011110
10101001011010100101
10100100010111000111
00011101000010010110
11000001001110011110
01001101100111100000
11100111111001001011
11110001100010001111
01101110100100011110
00011100000110101101
11100111011001111001
01001000100110100100
00110101000100111010
00000010111101001101
00110111000101101100
11100111101011001110
10000001101110110000
11111010100011100000
01111000011010100111
00010010111010101011
11000000110101101001
01010110100101011111
01010001111101011101
11100110111101111111
10000110000100011010
10111111010000010010
11111011011110011011
00011010111100011101
00000010101010011100
01010111100000011110
11101011010011001111
10110000001101101010
11100100000101101010
10001001101111111000
10001111111100001110
11010001101111001011
01001000101111000101
00010111111100100001
01101100100101010011
01101101100101110101
11111101001101010000
11100000000101011101
00000010111111000100
10100111111111000001
00100101101000100110
01100111100100100111
01101001010111010110
01101101010111100100
10110000100101110110
11100110001010110111
00100010110111111111
01000100001000000100
10001011101111110011
10111000000100100001
00110001100010100001
10100111111110100101
10110101000001110000
10110101011001100111
11100011000110010011
01111110011011100100
00100111110100000001
01101100000011101011
01110010111011000011
01011111110101110011
11000111100111111101
10011001100010101111
01001100110010011000
11100110000000001100
11001000100010001111
10100011001101110010
00011100011111011100
11111110100011011000
01000100101100110101
10001111011001110110
00010111001111010110
01000011100001110101
10111110000011011111
01001100001011011010
10100001011111010100
00001111100100101100
01100111110001001001
00000001101011101011
10010000111011111000
00011101111101101010
00111000101010101111
10110000000110101000
10010111110001110000
01111001111110100111
01001100101110101100
10111110001100101010
11001001001000001100
00001111110110010011
10001010010001011011
01001000000101101011
00110101101001001011
10011010100001011010
01100011001101110101
01111001110010010111
11100101101001110010
11000101000000010001
01011100010101101111
10101110011110111011
11100010111101000010
10100011000101100101
10000000100011101010
10001101100111111101
00111001111011101001
00100110111010100111
00100111110011001101
11100100111001010100
01101101011011101101
01001010111011010000
11011011101111000101
11000110101101111011
00000010101001111001
10100000011011101111
11010100010001001001
10010100011011001001
00010111001111110001
00101001000000001011
00111111111110100000
11111010111101111111
00100010000101100111
10111000000001100111
00111001111001011100
01111100110101011111
00010000110010001100
10000000001100110010
10110110001010001101
01110000111111000000
01010110011010001111
11000100001110101111
00001010101011100001
00111101001100001010
11011001011110001001
01101010011011110010
00011000001000011000
10100000111110111110
00000001101010001010
01001011101100000101
11100000101100000011
01000110010101111000
00110110010001110111
11001000010110101001
10101110101000001000
00111111000100011011
11110110010100110100
10111100100001010111
11010001000100111111
10001111100111001011
11100011101001111011
10010011010100010000
00111010111111111011
01001101110100111010
00110001111101111101
01001011101101000100
00001011111001010011
10111111001000101001
01110010100110110101
11010101001100010101
11100101011010110110
11110101011011101101
10110001100001100000
11001111011011000110
00010110000111011011
11010010001011100100
00110000000000110111
01111101011001111111
00100111001011110000
01000010010000010000
10111110110101111100
10101101011100011101
11111110110010101111
10010111000010101100
10011001111111110001
