20 255
10010101010110011001
01001001110001110111
00111101111110011100
10101001111000010000
01110111101000011010
00100100000110000010
01110000100000101010
00110101111100110001
11011110010000011000
00001111001000100011
10001001001101011101
00001011111010000010
01000101110001001111
10011001110100011010
00111010001000001100
00111110101000101101
10010100101010111101
10001001110000000111
10101010011001101110
01000000100111011010
00001010000011010111
10010111011100000110
11100101000111101011
00100101011110010100
01011100101010010110
01011011101101110110
11110011000000000100
10000100100110001001
11001100000110110010
11100110100001100111
00001111000001010001
10100111111011110101
10000010001101101011
00100000100111111000
11111000000100111101
01000101001001110010
11101111110010000100
01011000111110100100
00011001001011111110
11110111111100011101
01110011011000000111
10100000100110111010
01001010000010010001
01001011001100001011
00011000010111010000
00011111011001001000
00000010101001100010
11000000010001011010
00111000110111111000
01001101001000111000
11000001110000000110
11010100111000101000
10101010010011011101
11011011000110110001
00111010001101110100
00000101101101101110
11001110101111011110
11010110100000010000
00001010011100001110
11000100011111010011
01000111011100101010
01010010110011000110
01001110100101110001
01000100000010101101
00100111000101111000
11110111100010001001
00010000100001001010
01100001010010010001
10110111010101110010
11010000101001001011
10001100111111100000
01010100000010001001
00110110100000100111
00100110001001110000
01000010011010110001
11101010010001101111
00010001100001001111
10110011011011100001
00001010011011011000
00100011110001001011
11011101111101000000
10001101000011110111
01101111100001001111
00001110011101011100
00000101000000111010
10101111111011001000
11001100111100000111
01011100100011010001
01110111001110000101
10110100001101110110
11101001011001100010
00110001010010111011
10111111100001110011
01011001101101011010
01010011000010001101
10011101111000000001
01101101100110001011
11100100100000010011
11010110110001111100
11101010100011000100
11000111000101010100
10001111111101011110
11010110001010010110
00001010010110110000
10011101010001000100
11010001100000110100
11000011101110101111
01010100100100000000
00111100110101011000
00110100111011111110
10001110000110101010
10000101111111001011
11010110000110010111
00111110111011101110
01011000101011001011
10011001010011110100
11011100100101011000
00111010000111111100
00111111011101001110
01011000010100001101
11011111011000000110
01011101110111010101
11110001100101101100
00100110000010000010
10000100011110001000
10010001001000001111
01000000001100001100
00100111110100010110
10000001101100011100
11101010001111000011
00000111111011010111
11000001100000101101
01110111000010110111
11000010111110101010
01000011001110101011
00011111110111000100
10001111100010100010
10000101001111101000
00000010000111111100
10010110001111000000
00100111000101001000
00111011011001101100
11101010100111011010
00111010010000010011
00101110100111100100
11101101110001101000
10010010111101100100
01000111110010001010
01011011010011001101
10001010010011111001
10010010000010101101
01100000000110100010
00100100110101100110
00011100001111001011
10100000110010000101
11110010000001110000
11101110110010010100
00010101101001100100
11101100000111101010
10000100010101000000
10010100001000011011
11001101101011110111
00101000110101010100
00110011011111011011
10101101001000001101
10100000100101101100
00010000110010011110
11111010011110111001
11000111011111100110
11001100010111001111
00011011110111110101
11000101011011001010
00111101010101011101
01101100001101010000
01111101011010010000
10110000001000100110
11111111110101101000
10011010100100000011
00101011101001111011
00011101100000010111
11010001110101101000
01101011110111010100
11111001100111111110
10011000100110101101
01100100101111100101
11110110110110000101
10011111111010110001
11110011111001000100
11001011111111111001
11001001110101111010
11110011111011111010
11010011000101101111
10100111010101101111
11000111011001101010
00100111111111111100
00111111000111001101
10110100101011111011
01100101000101001000
10101101010001111111
10111001110000110000
00100011101101010101
01110100101111000001
01101001111010011101
11010111011000100110
00011110111101100100
01111001111000011111
00110101101001011000
01000001101010101101
10001001111100111001
01110110000110111110
11011101101111111100
00100100011101101000
01100100100010010010
10101100010001100010
00011001011110010000
11110100100010011101
00110110110011001010
00010100101111011011
11101000111111010111
01011101010010011110
00110011000100110101
00010011100110011001
11010011100110011110
01110110111100011111
01111101100011101100
01110011100010011011
10111001010110110101
10010010011001001010
00111111010011000100
01010011010011101000
01111111111100010000
01100001010100011101
00110010100011011111
00101100100010100100
10111110001010110010
01101000110100111111
01101100000101001010
00110101101100101011
01101010100000100110
11101111101010110100
01011110111011000001
00101110010011011001
10000001011110001101
10100100011111101100
11111101100110001100
00101111010010010101
00111101100111010001
10101000001000010110
00101110000110100101
01010101011011010101
01001111100111001010
10011010010011001111
01011101100000101000
11000011101111111001
10111101110101101000
