20 255
11000110110100010010
10110001110001110011
00010010000001000111
00001111011111110010
00010111011110111011
11010110011110001011
00101011011001111101
00011101011100101100
01101110001110111011
10001011101000001001
10101000010101001101
01111001001000010111
00111101010111110001
00000010000100010000
10111110001001110100
00010111111101101000
11100111011111001101
10010011100101111101
11100001000010011010
01101101100110010001
01001000001000110000
11100101001100010101
01011010011110010101
00001110110100100001
00001011011100100010
10010011111011100000
01111000110111111101
00100011001100001110
01100101101111111111
00011111111001110000
00001100100011100011
00011101011101110011
10101101101011101101
01010010100011100111
11110111010000100110
01010000101000110110
01010000101111011101
10000001111100010011
10001011001101000010
01011001111100001110
10110011000001001110
10000111110011010011
01111111011000010001
01001000001000110111
10110101110000111111
01011011000111000010
10000111011110000111
11111100011000111000
00101011111000010101
01000110001001101010
00111110110000100010
11001011111001110010
11010000010101100100
10010001000010111110
01111000011111110010
01111101001111010010
10011110100000100111
11010000011110010001
01111100000111110000
01010101011010101001
11110000011000011001
01000000001000001110
00101001100101111111
10010011111110111110
01111101101011110010
10011001100110000001
11100111110110101101
11010100101100011101
00110000001000101110
01100000100111011101
11000000000010010011
01001000011100010010
01110011110001010110
01111110100010100000
00010100110101110000
00100101110011110000
10011001110010110000
00001101110011011011
11001010000010111110
00111111101010101011
00100001110011111110
01110010010001110110
00110000101011100010
01110010010101011001
10100110010101001001
01101111101000000010
10101111110011010110
01000010001101101111
11011000010100111100
11011111000111111000
11010110100010111010
11110100000011001100
01110100111010000010
00101000111111011100
00001100011001001000
01001001111101111111
10010110001011110001
11000110000011001011
11111111011011000101
11101100100100000011
10111010001011000100
10001000010101101010
11110101100011101100
11110001010011001101
10101111000011101110
01111110101111100001
00100010011100011110
00110010011011011010
01011101101110010011
01101000111101111011
10100000101101100111
00001011010000001001
01111001011011011000
01111100100101111101
00000111111111000111
10101101000011111001
11010110000000001101
01111011101100000111
00001101110000101100
00000110111111000001
00111110101110100000
11110000101110000011
10111001100100111100
01011110110100011111
01101111001101111100
00011000011110001010
00111111110110100101
10111110111010000000
01110010000111000010
10100100001011011001
11101001011011100001
11011011100111110110
00001110101100111000
01001100011000100011
01010101100110110101
11111110101101111011
10101010110010111100
01001100110011100001
10001010100111000011
01110000100001000101
00011010010011010111
10100011100010001001
00000000011100000000
10100111001011001001
01011011110001100000
11000001111011111000
11111001000101100010
10011001000010010001
10000010110111110110
01000110000111000001
00001000111101001111
11001000010001100110
00001001000000000000
01101011010010100001
10100011000010100000
10110100010110001010
01110110111010101011
01010100100100100111
11010001110111010111
01111100101111011001
00011001100011010110
10101010001110110001
10100101010100000100
11000110111010001110
00100100001111101101
01110011001110111000
11111000000101110101
10111100111011100000
11111000000101001110
00101111011100000100
00110001011001000110
10000011001010000110
00111001111100100011
01010011110000010001
00111000101000011111
00110011011010011110
01110001100110011000
10100000001011110101
00011000101101111111
00000111101000001101
00100000111011110100
10101100111100111110
01100010000000011101
01101101110110000101
11100111111110100101
10111001110011100001
00100101000010001000
10110110101100101111
11010110100011111101
11111111110101010111
00001001000010000100
10001010100100000110
00000010001011010110
01010100010100010000
10001110111000100100
01100101101110101011
00011011111100110011
01000000000000001010
10110010011111100100
10001101110010110111
10100101010110000010
11111000110001111010
00010111100001011001
01111101001110111000
11111110001111011010
00011101001101100100
11001011100101110101
01011100011010110111
01101001110101011011
10000001100000101101
00000111100101001111
01011010001011010101
10110110001110100100
10110111110100011001
00110110001111010111
10001110100010010000
11011010111001100011
11110000100110111000
00100100011110111101
00010001101100000111
00010000111011000001
11100100000000001011
11010011100001110000
11001100110000010100
00111011100011011110
10001011000011110011
01010111111011111010
10110110001011100001
00110010000011001100
01000101000110101010
00011011111101101100
11111111000110111010
00101000100110100001
00110010010110001101
00011011100100010111
11001111111110011001
10111010010001000001
00100101101101010001
11010011000001010111
01011011110010110100
01001011001001110100
01000101101010110000
00101010100001011000
10100011101100111110
10110001110001011101
11111001100111111101
00101111111101110100
11100000101001111110
01001001001111101000
00000101110000101100
10111100000001101010
10011000101010100100
00100000001001110110
10000011011110101110
00001111010111001110
