20 255
01001010100000011110
10001110001100001101
00011101010111101101
10010101001000000001
11110011001111000000
10000111101111000000
00111011011001110101
01111100000011001011
01000110110000010101
10010010011100101111
01101010110111001110
11111001100100000000
10111011101101000011
01110100011000111111
00011111010111011111
00010100110001000011
11000111111111001010
10000010111001011001
11000111001101100000
00110010111100101100
01010111110110010111
11100101101101011110
11011001010000111110
01110001000101100011
01110101110111110010
00101101001101101101
10100011000000100010
01011010011100010011
01101010110001101011
00111111010001101011
00011101010100100111
11110000010011101010
10010010111001000001
11110001000011010010
11001000110011101001
01010010110011110100
11100110001100100100
00001101111110001011
11100111000001010011
01010101111101110000
11001001110101111100
10100001110110101001
00011010000101101101
10111100100110100010
01011101000111101101
00010011101011001110
11111010011010111011
11011101110011111110
10101111110000010101
00000111010111010010
00000001011111000100
11101000000000001001
11011001100000100100
10010101001111001011
11100001000110001010
10001101111100011010
00111001100101101010
00100111111111010000
00000111000101100100
00000001010010111011
00110010101110010011
00101100001111011101
11011010010111001010
10010001010001110100
01101000011010111110
11110100111101000100
11010111101100001001
11010010110101011100
00010011111011001010
11101001001010010110
00001111111001111000
01011100001110001010
11000111101100111100
10111001000110100001
10000100110011110101
01110001111000101111
01011010000111101100
11010110101101010100
00010000010111101111
00110101101111111001
00011010100001101001
01010000100010101011
00110010101010010000
11011000110010011110
00111100100001010001
10000100100100110111
10010010111111110011
11000100110111111011
10001110010011010110
00011011000010110101
10001100110111000100
00001110001010000011
00100101100100111110
00011111010111111000
11111101101011111100
11011011100101100001
01011111110110100110
10000000101111011110
01110001110001100100
11000101111111101100
01000110110010000110
00001001001011111010
00011001111111110010
11101011000000010101
11001111001000011110
00001101000111001111
10000000111110100100
00011111001110110111
00101001110011100110
10101100010110011011
01011110011001010001
10110110111101000001
11001011100000010000
01010010111100001110
11100001011100001101
01011110111110010011
00000000000000000101
00010010100100110010
01111000000110001111
11111001110011111100
01011111101111110011
00010011100010110110
10000111001010100110
11010110100010011001
01110100011010111011
11001111001111101000
11001010011111010000
01110111100110100010
00100101110111001001
01110110001001111011
01010101001111000111
10011100100101101101
00010000010011011010
00001110011111001111
01101001000000001010
11000110010011010111
10101010010100011100
00111111010111110101
10101111101010010111
11001001101100100100
11011011001100101011
01010011100010100010
10101110100101001110
10010001110111111001
00101111000001000010
00110000001011000110
11110111110000110110
10000100000100111111
11011000100001101000
10100010011010000101
10010001001110010111
00001100001101011001
11011100100011001010
10001000100000010010
10111001010111011010
00111010010111001011
11111001111000101011
00010101000011000110
10001000111101001111
01001110111000111000
10100001101000101100
01011111010111011100
10110001000010001101
00011001100001100011
01011010001100011000
11101111111001000100
00000101100000111011
00001100101011000100
00001001011101110010
11001111111001011000
00100111111000101001
10001110001110101111
00000111011011011101
11000110111100111011
01111100001011111110
10111010101100101100
01011001101111101101
10110110010010101100
10100001111001000111
11111001111010011111
10110000101101111111
01110001000011111110
10110100001001010011
10101101100001110101
11000111111001010000
11110111111101101000
11101100111010110011
11001000011111011010
11011001000100011100
00110110111001000101
10001001100111000011
00111000001011101000
01001100000011101111
11100111000110001110
10011110111000010110
00101110111111100111
01111001010010001100
01001111010101011001
11110100001010001100
01001110111101101011
00001101100111101110
00101100111000100101
00100000110000111110
01100011110111010111
01110001001101101101
01111100001001101000
10100100011111010000
00110111110100000000
00100000110001000000
01110000110011011010
00100011001111110000
00010110000111101001
01011001101111101011
01111001000001100110
01101110101111010101
11001110001001101101
00011111101000100011
10110101001111001010
10110111001001000011
11111101010110100100
00001100110000001100
00000100000001001111
11111011100110001111
10101001111011111101
00001000010011001000
00111111111000100101
10101001111100011011
11111011100011110111
10101010110110001001
10011001111011110001
00001100100100010000
10100001001110010111
01001101001010010001
11100100010000001111
10000100110101101011
10100100001110110100
00111010011101000100
10111001010110000000
01011100010111110011
11111111100111100000
10010011100011011110
10101111101101010111
10110001000110000110
01100011100110000110
00010111010001001110
01011110110010111101
01010100000110001001
01101100000100111100
01101111100001010011
11000101000011111101
10101000001101100001
10010101001100011111
11110011011011111000
11101101110010111010
00001001001110011011
