20 255
01010001110111100100
10010010011110010011
01010011101100010100
11111100011100000101
00111111001010100010
10111110010111011001
10101100010101100100
10000011110001001011
10110110101111110100
11100000100011110010
10000101001101010101
00000101011010111110
11111101011110100000
10101100011011110001
11011000011111001001
10110101010000111111
10011000101010101010
10100001100110000000
01011111011011101001
10001101001000111000
01000101111000011011
00101011011100100011
11011001100111010110
11110110110011010110
01011000000010000001
00111110000111110111
10010010101110111010
10101000010100110111
01011001110111100011
01110111011010111010
11111001011101100101
01110000001011001011
00100010100100000101
01000000111010000101
11100001000100101000
00110001000010100011
01000110001111010100
00010000111010101011
11000110001100110001
00000111100100100001
00101011111101100010
01101011110011011011
11001000000011000010
10011111100000100110
01101011111001000100
00111011111110101100
10100101101000011101
10011011011010011101
10111110011010101111
11101011111101011001
10101101000100000101
01111111000001011100
01000111100010111001
10111011110000011000
10011110011010101001
00011110001110010110
01001110011101100100
11011011010111010101
11001000110010100000
01111010001100101001
10111100101100111010
01111010011110000111
01001011100011011010
10011101001010101110
00100001010100000100
11111011000010100111
10110110000000010011
01010111110000111001
00011111111011010000
10100110010010011011
10100100010000110011
00001101101010110011
11111110000110010101
01101101101001000010
10100100101000010011
11011111110010010110
10001011101110011100
10010001010110010001
10101101101010100111
10100001001010001110
00111110011010110101
11100101000100111000
10111001100011101100
10011101010001011110
00101111111110001001
11000001010000011101
10101000101000011111
10100001010010101111
01001100101110001001
01001001110001011000
01110011110111001110
01100111001011100101
11100011111011001110
11100011100001010001
11101100000101001111
11111001101011001011
10100011110001101111
10011110110101100010
10000110010010111010
11100101011100000110
00100001011111110101
10110111111001001101
11010001111111000011
01111111011010000010
01010000110100110000
01011001001111000010
11110111010110111101
01011010101010100001
11100110101111011101
00011100111000011010
10011001100000010000
10100001101000011101
01001010001010001100
01011110110111000101
11101010011111000011
00110110100111000100
01101111111101111001
01000110111111000011
10000111110111100010
11000000100001011010
10010110111101010010
10100100101100011000
01010100011101110000
00100000110111010100
01001010011100100101
01000000111000010000
11100110110000111110
01110000101101111101
11100001110010101101
10001111110100100100
01101010010001101100
01101101001000001101
00111010100111010001
11011100010000111100
00011110100001000111
01010110111111100110
00110011111011101010
00111010110101001110
11111111111000101011
11110010001000001111
00011110101110101000
01011101011111001010
11001110111100001110
00100000011010110111
10100011000101111000
11011111101011110100
10111001000011101101
11011011111000011100
01010101101011011010
10011101100000110110
01111100110111110000
00000011100010101000
01100010001111100111
11111011010110000001
00100011110111111010
01101001000000001001
00000010111100000011
11100010111000011010
10100011000011011100
11011010110011011011
10100110000111010110
00111100001101010100
01010100111111011011
11100001010001000000
11010101000100101011
00100000010000011010
00010001100100100110
10111010000100001100
10000011001101110100
10110110010011111100
11100111110001010001
11100100101111101000
10011111101100110100
00101001101110101101
10101010100110010110
10010100010010111001
10101001000110011110
10000011110100110011
10101010101100111111
11000101011101001010
10010110000011000010
00100101100001110010
10100110101110010011
11001100001100101010
10001111110001001000
01101111000101110001
01011010111110000001
10111101111111001000
11010010011100010110
10001110110001001110
10111001110000000010
00101001101010110001
10000101010101010000
01010100011100100100
00010010101110100110
11101001011100000110
11111111100111110001
10011111100000001101
11010101001111000010
01011111110001101011
01110011000100110001
11000100011101010011
10100001010100100111
01000101111101100111
10110011010111100101
11010110010000001010
01111001001010011000
00011010000101010110
01100110101000100100
01111001111001001011
10011111010110100000
00101111011011110011
01101110111001101001
11100110110110111100
01001111011000110110
10000011011110111101
00111001111000111101
01011101111101001100
10111010000011101100
10111010001111011010
01100010101100011111
01100110010000010111
01110101010001001100
11010010001100110001
11011011101100101110
01011100010000111000
10011011010000110110
11100011001111101010
00110111110011011110
11000101100011110101
01000110011101111010
11111111000011110000
01110100111001100100
10100001011000111010
01100001010010101000
11000111001111110001
11111111000100101010
10110001001011111101
00110111111111000111
10111110110000000000
00110110110100110010
11011110011000110101
00011101010000101111
01101000000011110110
01101111101001000011
01111111010111011010
01101001100010010111
10100101010101110101
11011010011000001010
10111010000111100000
01100110010110111001
01001010101110010100
01000110011101010010
01110110100001001111
10100101010011011101
