20 255
00010011101110000011
00101001101110101111
01110011011000100000
10110011000111111000
00110011101101001010
00010101000011000110
11101001111011101111
11010101011110110000
00000001100110011001
01100011100000111001
00010011101100010011
10101101100101010001
00001001100010111110
00110011010100000001
01100010110100110110
11100001110010110111
10101010000110000111
01011110000101101110
01001010110001100110
00001111010111001101
00001010011100101011
10110000010001000001
01001011100010000001
00000100111110110010
10110111010000001011
00100001110111111001
11001000110110010011
10001110100000100011
00110010011011000000
01011000011010011111
11111100011111001001
00011110101011111011
01010000110100111001
01110101011111110001
00000101100010100001
00000010001100000100
11111001110000101001
01101100110000100001
00000001111001000010
00000000001111101101
10100100111001010110
00001011000111001000
00000001111110011011
10110011010011001001
00100000001111111011
00110100001100111001
01110011001111011101
00111000010000110110
10111001001001010110
01111010110011110010
10100100110001101010
10110110011000001110
00001011010101001111
00000010111101101101
00101101000111001100
11110010111111010000
01001110111101001111
00100110001110001101
00101001111010000101
00001000000000001110
10011011101110001111
10011100101001000010
11001100000001100001
10001001100010111010
10101010010100010000
01011111111101011001
11110010001100110100
10110100010111101111
01110110111110101101
00101000111111101010
01000010010011001011
00110000110101000011
10000011101101111111
10100110100000010111
01111001101011001001
11101010110010110100
11100001011011110110
00111100110100111110
01000001100101000101
00101111000001100010
01000101100100000111
01111000111100010101
00011010111110100101
11000110100001001101
00100000001110001111
11011111100111100010
01011110000101100001
10100000100011101110
11110011110111000000
01010001101000011100
11101111001111000010
01000011100111100010
01110011011110101100
01101001110010001011
10010001001000001001
10110100111001011101
11100000101101001101
00010011001001000010
00000110110111011001
10100101010111010101
10010101100100010000
01111101110111111011
11101001101001110000
10010110011001010101
11100001100011010100
11000100101111001111
01100101001000101011
10100001100010000111
01001110110110111010
01111010010001111110
11111001001111011100
01100101110101101001
10110100011110011001
00010010010111001010
11101011000001011100
10111000110110110111
11000001110101100000
11110001110100111011
10001101000101101010
01110101110011100110
11101110101011110110
11101100101010101100
01101001010011111100
01101011100000101111
10011100010001000011
00101001000000111111
11100110000110100001
00100101111111101011
01110110111111110010
01100010100001111110
10001001011111111001
01010011001010111110
00110001011100001000
01001110000100010101
11011101010000010111
11101011000000101000
00011011100111010100
00110110100100110111
00001111111010000100
11011100111100100011
11011111100101000101
01000110111101101110
11100000100010100000
10010001001111011110
11001100001111010111
10111111111001111100
10010011000011010101
11011110100101001010
00101111100001001011
10111111101010001010
00010011101111111001
10011111101111100000
01000111010101011001
11111000001011101010
00101001101011011100
01010100100011111110
11101111101001000101
10101111011100110100
01001110010110101010
11110100011010110000
00001000010010111111
11101001111110110011
10001010010100001110
10100101101001010001
11010110001010100000
01011101010111101111
01101100111011100011
10101110000001001100
01100010111111011110
11000010001100100000
11100101101110001111
01010011100011010011
10101101011011100010
10101011100110000111
10011010110001011011
00001000000010110111
11100110111110010100
01101010001100111000
01010111101110010110
10101010001011111010
11001101010100110110
11011111001111101111
01011000000000111100
00111000010110001110
10010010100001011011
00010111101100001110
01110111100010110010
00100010101011000101
10100100100010110001
11011001100101111000
01100000011101000110
01011000010111101100
01100101011001011111
00001111101011000100
10101111001100101111
00100111000000100111
00100000100110000100
10100000110011001110
11111001111001110101
01110111110001011101
00111011111001001010
11111001000101011010
01100100011110011010
11100010110101011011
11010100100101110100
10111000001011111100
10100001010011101100
10111011011111100010
10010101010101111111
11001111010111000111
10101100111111110001
10011100010011001011
11111011001101100010
11111100101110001101
00110100110000111010
11001011111001011001
10100111011100000101
10101001010100110110
01100011111001110100
10111100100111101101
10100010101100011111
00111010101110110101
11001110000010111001
00101001011111001010
11011110000001100000
10101100011111010111
11000100000001010001
11100000010101011000
00110110000111000110
11001111101100010001
00001000100001010101
11010001101011011000
01000100000101010010
01110011100101001110
00011000110010001100
00001000010011110101
00100110011000110011
10001010110001111111
01010111001001101011
10111100101101101111
11101011000000000110
11110100010101111111
10010100111000110111
11110011110011001010
01000010000111000001
00010100011011111000
01011010111001101010
01100011010000110001
01010000100110100110
10110101100101010111
01100001100111011101
01111101001101110110
00011110010011011101
01010010010111010100
00000111101100101001
