20 255
01010110111010001000
00001011000100011001
01100000110110000100
10001001111100110100
10010010101011011100
00010110011101100000
11101011000111011101
11010001111001010010
00010011110001101111
00001111100000000000
10011001101000110100
00011010100011000110
01111101100010011011
11111101010000011001
00100111110010010101
00101100011111110110
01010011011011101100
11101010011111010110
11010101001100110010
00001001111111011010
01100100000001001001
01010110001101100110
01010000010100010111
10111011000010101100
10101001110110011010
11101111110011101110
00101111001101001011
00000110010110111111
01001111111010000000
01111001011100011011
00001110001010010110
11111111101110001101
00110101111011111010
01011110000010111010
01011111011011001010
01001110010110100000
11001111001011100111
00011001100011000000
00101110000111111011
00100111010001100101
01011000011100000000
11001110110010001010
10001111010100101110
00100101101110100001
10011001010110100110
10010101000011111000
10110101010000101100
01101011100001111110
01000000100100110100
00101110100111111101
11111000011100111001
01110011110010110101
11000100011000001000
00010100110010110000
00100011110011011111
00001000100011110001
01011010110000001000
00101001111110100010
01111010011110100100
00100001011011011000
10000000111001100111
01100100100000100010
01010110100001100110
11100100000110110001
10111001100110001010
10010001001001010110
01100101101101100111
00100001100100111110
10001110100011011101
11111001110100110100
01101001011111001100
10011000001100001110
11100000010101001000
01100110001000011111
11011110000101000001
01001101010100110100
10000110001011101000
01000111100001110110
11010001110111101001
10100110111110000011
11110010101011010100
00111110001100001101
00001010001100101000
10111010010011101011
10110110011100100010
10000011100010001111
10000010011110101101
11000100101100011100
10001100010101111111
10010010011110101001
10101000010010101100
01101111111010000001
01010111111011010111
00110110101101101101
11110111001011111011
11110110001010100000
00111000011010110101
10111001111111101110
11111000100100010010
01000110110001101010
10000100001101010000
00000010001011100010
11001010000000110100
01000000010011100111
10010111110111111010
10001111001101001000
10000100110000010001
10110010111010100010
00100100011001101111
11011110110000100011
00000110101001010111
11001001110100110110
00011101000100011101
10011110100000011101
11101110100101111001
01101110001111110111
10100010111001011010
01010001011110000001
10010011101111110110
01010111001101110001
01110101011111000011
01010110110110000100
01000001111100010011
10101000111000010000
11010111101000001000
00000011010010111001
10011100101010101111
10000110101100001010
10101110000011011000
10000001011011101110
11001101100010000000
10010101001111101110
00110000000111101101
01110111110011100001
11111101001111101111
10010011011100100010
00100111110100100000
10000011100111000110
01110111010011010101
00101101101101010000
11110000001011000000
10011111011101010100
10101110111111111001
10100010101011100101
00001010110011111101
00100011101100000101
01110011101001011001
01010000100111010101
00101000011010010100
11111100100101111111
01111011010010001001
01010100100100010010
11010010111110010011
01011111001111101101
00010001100101001110
00100000011011000101
01100011111110101111
10110011100001000110
00101110101100010000
10100000001011001000
10100101101000111010
10010010110001111001
10100010101011010100
00110000110001110001
10110001110011001011
11011110110011001010
00001000100001001011
00111110100111000001
00101100100111100111
00101110101110001111
10010101001010100110
10000011111110001110
00001010100011010100
11110100001000110011
11011110010000000001
00010110010001001110
00111001001010011110
11010011101000100100
00011010010000110011
10100101101011001111
01010100101011010001
01110110001101111000
00100001001101010100
00110101010011111101
00001101000111011100
10001010111011011100
11101110110101110000
11010101001111001011
00001111011100110110
11010000010001110110
00001101000011111010
00000001111100001010
00100111100000100010
01011111101011011010
01110110010000000001
10111000111110000111
01010000110101011010
10001000110001000010
10111110100011100100
10100000000011101010
00011100111000101010
00100101000100010110
01111001010001010100
10011110010010000100
10111110110010111011
10001001100000010110
11001010000001010011
10111110000110100001
00001101011000001010
11111000111010010000
00100110100000010010
01001000010000111010
00000011111100001111
01111010010010000110
10110010111011111001
11111111100001111100
00111101100100001001
10010111001100011011
01001111010111010001
11111110110010110110
01010011100010101101
00001000100111100000
11011100001010110011
00001111011010100000
01010001110101010010
00001000110100001110
10001001100000011101
11100000101101100101
10100001011001010011
00100001010110010101
01100000001000101100
10000010101010011101
00110100101100101011
01101000000100110100
00010110111110011001
11101101111111000000
00100000110101111100
10001010111101111101
00011001000010011101
11011101111100101100
00011110000101110010
01001000100001000111
01001011001111110011
01111110010101110110
11001001010010000100
11010010010101111111
01100010100000111110
10000000111101001100
11000100000101100100
10001011010010110101
00111010000001110110
01000100111100000110
00100001101111110010
11000000111000000101
10011000100000001011
