20 255
11000110101111011111
00010110100101011011
10010110101101001100
01111111000010001001
00001011101001111111
10110011101000101010
00101111001110011101
10101101110000100111
01011011001111100001
00111100111110010001
10011101010110110000
10110010100110100111
10011000111110011101
00101111000000001100
10010000011010001110
10100111011111000101
11100010011000001110
10001000110101000101
00110011000010101100
11110000011111011100
10001111000001100110
11100011011100000010
00110101000101000100
01001011110100100001
10101011101010100101
00010101000001011011
10000001111101100001
01010101100011100110
10001110111010111101
11110101010000000101
10001100110010111100
11011001000010001011
00001000111000010110
11011010001010111111
01010101010010100001
00110110011101110001
01101111111011010110
01110101111001011100
00111101011111010011
01110100111000010011
00001001001010000110
11000101111010010110
01001000111101011001
10111010011011110110
11111101101110111110
00001100111001101110
01100011101001111000
11000110001100001010
11111111001010110100
01101001000001000111
11011001010010000001
01110110000000100101
11111011101110000101
10001001101110011010
00000000101100010111
01111100101000000011
11010011111100101100
10101100100101011101
11100110101111001011
11001001100001110110
01011110100111101100
00011110111101011100
10000010010100110110
01001010010110100010
11010011000110101011
00011101101110111100
11100011101011010010
00101011001111101101
00100100110011111100
10101110000111001101
00111111100111011010
11010101001111110001
01111011100001111000
00000111011101110110
11110001001000111011
01000000010010011000
11101010111101000101
00001101110011110100
10100011110101111110
01110010100000101110
01100000111101010011
00000111111011010010
11110000101000010100
11100100100010110011
10011001100001011100
00001001011101000011
00000010101111111010
10101001011101101011
10110011110110101101
00111111101110001001
10110101011000000110
11100001111101101011
01001111100100101101
01000000000010011110
11111110000010010000
01000001001110001010
01001000110001111011
01111011010111110010
00001101000011101100
10010101101111100111
10011001011001011101
11010101111011011011
01110011111000111100
00111111001100100010
11010010010011111000
10111011110001101110
00001100001111001000
10001011100110100011
00111101101010111011
01011011011010111110
10100011011000000101
00000010001011111101
11111101011000111000
01001101111001110010
11110101100111110000
11100001100011111011
01100010001010100100
10011110100000110011
01101000101110101111
10101001110101000001
10000100101101001100
01000100011001110011
10110100101111101100
00100101010000011001
10100000110101100111
10101111010110111110
11110010110000000101
11001010101111000011
01001001111011101001
11100000010101100010
01000111110000001100
11001001011111100000
10101101011100010010
11010110000001110001
00110000011010000111
01100111000110001010
01110001011111111011
00010011010100100000
01001110001010001010
01101101100001001111
01001000101000001101
00101111100101010000
01000010000100001000
01100000100000111011
00001010100101011000
01000101110101001110
11011111001111111110
00000110100101000100
10101100100011011001
11010010011100100011
00101111100010011001
11001110101011011011
01000010101001010001
00110100100101101100
10110101011100001110
00100101001000101000
01011001001010010000
00010100101010110100
00101010111101000100
01001110011110001101
11111101110110001000
10001110000111001111
10100001010011011011
00111001000101100100
10100001010111100000
00100000010101001110
10000001101011100011
00111100111100000000
00100001101000101011
11000000100010111011
00111101111000110011
11110101011011111111
11100101111111011100
10010011011110010000
00011100010001001100
00100100111110000000
01011110100100010001
01100011011000111110
11110110111101101111
11011000010101010000
11010001101101001110
10101000110010001111
01101010000110100101
00101111001001110101
01110101110000001100
11000001011011110011
01101011111101111011
00101000100101001111
10110110110010011110
11000001101011011001
11101000000001110111
01010000111101100100
10100000000101100100
10001100011111110011
01111001000011001010
01111110100100000011
11001101110111011011
00011011001111010001
10001110001010101101
11101001010100101101
10010010111000101100
01010001001010110111
10010000011100010100
10101111010100010011
00111010111001111000
11100011011100101111
00010001101110101010
11111011110110111101
10011010111001101100
01111001100011101100
11011000101111110111
01011100100001101001
00110010001101010010
01000101110110010100
11101001110101010010
01100111101100111100
00111000011001010111
00110001011001010111
00011110010111011101
01100100011001111001
01110111110111010001
10101000111010110000
10011111011001100110
01101111001101011101
10011000010110010000
11000011101100100011
10100111000011111010
11110011100011111111
10010010111111001000
11001011000111010010
01000001010000100111
00011100110100101010
00100011000001011101
10010011010101110000
01111111001010100010
01011010111011011101
10010010010110000010
00011010010011010110
10001110011110011000
10111110101001100111
11111100110101111110
01011000101110101110
11110011011100011001
11111111011000010101
00110110011000110010
01001100010011110111
11110001001100010101
10001110110101011010
10101111001100110111
10001101011101010010
00101010001001101010
10010101110100100100
00011111100101101001
11011001100111000111
01110111111010110001
