20 255
10010000101000101010
11101010001110111110
00111001110111100011
00100010011111111111
11110010101000001111
00000100111010111001
01111110000000101010
00110110110001000101
10001110101101101001
01101000111011011110
00111001100011011111
11010011100100100100
00011111001010111001
10111110010001111001
11111110101110110100
10010010101010101001
00001111101000100011
00011001110010111001
11100101100011100110
00001000111011111100
00101101010011000101
11111110010101110001
10101101000100000010
01000100110101000011
10010010001001000011
11111100001000000000
10011011010100101101
01000101011110011110
11011110110000100001
01000000111010111001
01101000011011111001
01001111111001100100
00100101101111011100
11101111010111001110
10011101011100001111
01010000100001101001
10001000001011110010
01101000101100110000
10001011111101110000
00110100000010000000
11010001100100110001
00000110101001101100
00010000111110001100
00010001101010110001
00110000001001111101
01101011011111100000
00001011010111100011
10000001110101001100
01111100010000010111
00110011100110000100
01111110011010111110
00000001001100101111
00100011000111010010
01101111101011010101
00000111011100111100
01100001110101010010
10001101011011001001
11000101110111001101
01111100110011110101
01110110110000110100
11101110010100011011
00100000111001110111
01101101101000111011
11001110010110000100
10110000000011000010
01110101000111001111
01011000011001111001
01101001100110000010
10100110001001000111
11101010001101011010
11100011101100010100
00101100100111111010
00111010111100010101
11101010100101101010
10100000001010010011
01010111100011110111
00000011011101000111
10010101111111011000
10001110100110100000
01000101111011001011
00110001010100011101
10001111011010000010
10111001110111110101
10001111100001011111
10100100011110011001
11001101111000011001
00010010001001001110
00001011101011000001
11011000100000110001
00110000100001001000
01110110000000010110
01011011101000000100
11001110011100001011
00100000110110111011
10011001011010011001
01110010111111000011
11101001110110001100
01000111001101111010
01010001001000001100
00000001111101010101
01010001101000011101
00011000101000010101
00111001001110010110
11001011100100010111
01010010001111000110
11110010101000011011
00101110100111011000
10101001000110111000
10100010111100011111
00000001101000010100
11101000010010000111
00101100011110101010
00001011101101010101
11110011001001101110
01000010110000101001
01101110001000101000
01110100101110000001
10101011001100110101
11001000110100011010
11100010010000101011
10001001011000001000
01100101101101110101
10100110100000000011
00001110000100100000
11000101000011101101
00110101101000101010
00000101001110001100
01100001110011111000
10000100110110010111
01000011000100101011
10101111010010101101
11010101111101010011
00111101100010110000
01101111110011100001
11000100000110111001
11000111011101001100
00110100000000100100
10100010001110100001
01010001010110101101
10110010000000010010
10111111001010111110
00100001011110100000
01011010000110101011
10011011001011110010
00011010111010010000
11001000001101001100
11100100110111110001
10010011011010100100
00100011110100100110
11010011100010101010
11111011010001001001
01011001001001000111
00010110100000101110
01011101111111110000
11011101001010101100
10101011001110111101
11100101111011100001
10101101111001111100
01010100111100010101
00110000110000000111
10111111110100110011
11100010011001100001
00010100110100111101
00100110111100100000
10110111111010001010
10100101001000111001
10000100010101110101
11111100110001001011
01101001010101110100
00111110101111010000
01100111100011010110
01000000111001011001
01101101000101010011
00001100101010101010
01000110001110110101
11010111011000011001
00000111100010001101
11011000111101111100
00000111001011011111
01100110111110100000
10101011001111111001
11010001110011001100
11011010100011111111
10100000101100101110
11110010011011000111
00100110100100110110
10010011001111101100
10110001011100000011
11000010011001000101
01000111000001011010
00000010101101110101
00100110101111010100
10011100100110101011
01110001100111010111
01001001001101011010
01101000011011011111
11111000111001110100
11001101001100001010
11000101101101000101
00110001101100010001
00010101111011101011
10101111101010011011
11110110111010001110
10011001001101011101
10111001000000001010
01010111101001110000
01010000000000010101
11001111111000110001
01001001110000100000
11101101101011101000
01011100100000010000
01001100000001100001
10000110001010001011
10001101001010110110
00101000000010001111
10010100110001110010
00101010101111101101
01000011110001001010
10100000010101010010
10100000111001101110
11001111000101010111
00000111110110011000
01100011110011000011
01001110000011101100
11110010001000110101
11000101000011001111
00111011010111111100
11001000100011001100
11001111101101100100
11010100111011000000
01000110101011000011
00001111100100001010
10011001110000101000
10011001110001110110
10101000100011110100
01010000110111111001
10011010101110000101
01110010110001010101
00011010100010001101
10010000001010101001
00000101101101100001
00001101000010001010
10111010011100011101
11001001011101111000
01000010100001110000
10111001111111101110
01110001100101000011
11011100011011000011
01011010000111100001
10000110000100110000
10001111010100110000
01110100111110100110
00011011100110100111
10001000011110000111
01010110100010110011
