20 255
10100100001011111000
00110101011011010111
00000001111000101111
11110011000111110100
11100110000111010001
00100010100000111101
01110111111111110111
11101110000000000000
10010001110000110011
00110000010011010011
01010101101001101011
00101010000101111000
10000011111111111111
00101101001110001001
10100100000000111100
10100000111000111100
00001001000000011100
01011110100010000001
00001010011000011010
01100011001111111101
01110101111101001110
00100111100001110010
11000110101101110101
01010110111000011010
00111111100111100010
11101101010101100001
10110001010010011010
01101001100010111110
11111110111101110100
11010010011111110111
10010001001010001010
10111110010100011011
01111111001010100000
10101101011010100110
10001101010011000000
10100100100111010001
01010110111101010010
10111001001100010010
01100001110100011101
11110110101000101100
00111111000001000110
00011000111001010111
10110010001100110000
01110011100101001001
10100011010111001011
10011111101101000000
11100000011100011001
10101111001100010001
01001100010000111100
01011101010100100010
01010110100111111001
01111110101100111110
00101011010101101110
10111111101011010000
10101110100101111101
00100110000011110001
10001111010000100100
00100111011011101111
10100110000011111100
01000111101110110101
01010110000011110000
01101110001101101101
01001100011010100010
00010010001011100011
10110001000110011011
11110011001110010111
11101011100100101110
11011001000110111111
11111011111011111110
00000010000110000001
10110011111111001000
10010011110000001010
10111100110100111000
00111110100001101000
01110000001111001000
11011001110010100101
10100101001000011000
00000101000011011010
00000111000000011110
11111000111010111011
00111100100011110010
00001010011110001011
00011111010000100010
10110001000010101110
10100011101010000001
10110100011100000110
00101011101100010111
11101111111110010000
11001110010110010110
01111010001011110101
10000000010111101101
01000101011111110001
01010100111100001001
11100100111110110011
00000111000100111001
11011110010111010101
01111000010000101011
01001001100011100010
00100100110010111110
10011100000110101101
10110011110101100110
00111010000110001111
11010101101010011111
11000001110010101111
10001100011101110101
01101001011010011100
10100001101111100001
00011100000001001101
01001001010011000010
00111101101101111000
10001101000110001101
01001010010001010010
10001111100001011010
00110000101011010100
00111111100001100010
01000011001001100001
01111101111101010101
10000011001011100001
00010011001011001110
00000101010110101011
00001010101001000011
10011001011010110110
01010001011101010010
00001100111011001110
11111101000100001001
01001010111010010000
00000011010010111011
01100000001111111001
11110000000000000110
01001011111100000010
00110110111110001001
01010010001100010011
11100001111111011001
10000000110001010110
00110010111101101011
01001101001111100010
01000111011110111010
11000100111011101011
10101100011100000101
00111110000111100100
10111011000111000101
10001010000010110110
01011000100110010111
11111110001101001000
00010110011001001001
01010100111001101000
00100000000001000001
11101001000011101101
10011001000101111100
00110111110101111001
00011000111001111101
00100101010011010010
01111110001000101100
00101110011111101000
10100101110101011001
00101011111010110111
01101001011110000010
01101011000110010010
10000100110110010000
00101001101001100001
10100101110111001010
11110010000010011100
10001010000101101010
10001100101001010100
00010011101101010110
01010011011011101101
01010111000100010100
00101011010001101100
00000100101001001100
10001001011101000101
10111011010111111100
00100101000011110101
01100001001100101110
10001011110111101011
10111110111100010110
00010101100110101001
11110111010101001001
01011011000011101010
00111001111110110000
10011001100011111010
10011111010010011110
00111111000011010100
10111001110011110000
00000000100110100100
00111010101000011111
10110010111101010010
01011101001110110110
10010111110100100001
11110011010000100111
01001011101011000100
11001101000001011100
10111100010011011100
00011011011010010100
11000101100011101001
00101000000010010001
00011110110101001001
11111111100101101000
00101010010011110100
11001111100011101010
11000010001110001101
10110010111001001001
11000111111011000000
11100101111000000101
01100000000111010011
00100110010100010001
11111111110110010011
00110000101111110010
10110110111111000011
10110011100000010000
11001001000101100000
11100011110110011101
00000010110001001110
01110111100101011010
10111000101100101011
11000100011000111010
00111111001111000001
01000000011011110101
10110101001100110010
01101111000010111000
11111101101111110000
10000101111000001010
10010001111000010100
01101001110100110100
00010010100001000111
11100000100110101010
00101110011110110010
00011000100011100101
00010001001101010001
10001100110001001101
00100010101101110101
01001110001100101011
10011110010111000100
11010100001000001100
01100010011100101000
01001100100011010111
00110111100001111010
10010101000001100010
01000110010001110011
10100110111001101100
11000110101110010001
11100000111001010010
10100101010010110100
11110000101111110110
01010010001111001100
10001110101101111001
11000101100111011110
00111010000011110111
01001110000010011010
00111111101110011011
01000100100101001011
00011100101011000000
00110000011000000010
10010010110001011011
00001000000011011011
10011101010100000011
