20 255
10111010011011111110
11110001100001110110
01010100110011000111
01101010111101000010
10000111010000110100
01101010000110010101
10010110000101011100
10101110110011111100
11001000001000010111
10001110110100101100
10011001001110101100
01000101001010100010
00100000010000101111
10010111010110011011
00101010010000101100
00100110111100110101
00011101101011101111
11001010100001101000
01110110110100100101
00000100010100001101
01100000001101011010
00011111001101101000
01111000100001100111
01110011111001110011
01010000100000000110
10000100000001101010
10011111001010011101
11110100110010001101
10000000110111110011
01101001010101011101
01000101111001010010
11000111011001011001
11110000111111010110
00101110110011100111
00010000100110101001
10110000101111110000
10110001001100011110
01001111001010100010
11010001111000101000
10111001010111010001
10010000110100001000
00101011000011010011
00010110001101111101
11001001001100001100
01010001111011010010
00001100010010111000
10111000101010101101
00101110011011000010
10100110110101011001
01111111111011100111
11111011010011110001
10010011101111001001
00001111011001001000
10101101101011011111
10111011100011101011
10000111101000010001
01000011000001001001
11000001111010101100
00000111010010001100
01101100010010101111
11101110011101001001
11001001110001101100
00001101111011000010
01100101011110100001
00010110111001000001
11101111101000111101
00111101110000010010
01011010011011010001
11101100010011111010
00101000000101001100
11110001000001011011
01110000000011100011
10001100110100010000
11100011100100100011
01000100000101011101
10010110110110111101
01010100001011010011
10110001101111111110
10111001011111111001
00011010110100100100
10001011101010110101
10010010010100110000
11011010110111101001
11111100101110101010
11011101001000101000
11011000100011111000
10101010101101011101
11000101000000000011
00101011001000101110
01001001011110001000
10011101101101101001
00101100101110111000
10001110001110011010
00101101010110011001
10101101100110011000
00110111011011100011
11001101101110111010
10010000100011011011
10110001010101110111
00111110110100001001
01011001000011011001
00011100001011011001
10011101110100001111
10110101101010110001
10111011011010100111
11001010100000100110
01001001111000111011
00011101111010111101
10111101001001110111
11011001100001101101
00011010001111011111
00100000010100000110
01101111001110100000
11000011010000000001
11100010110101101100
10101001011100011000
00111101010100011100
01001111001000000011
11101010010011100011
11010000001010110000
11111101000011101010
10011010101000111110
01111101111010101100
10111111100101101110
11100010001011000000
01000011111000010000
01101101111111000110
10001110001011001100
01010000110100010111
00101101000011101011
01010000001001001110
00100101011001100111
11101001110010000011
01000110101011001111
10100110010110111010
01111010010101000000
10101000111101011000
11011001100011000011
01000011010100010111
11111010101001011011
01001011011101000101
11011110010010101110
10011001110100011100
11101101000101110111
10010101001110101100
00000111010000011010
00000101010010011011
11010000110011100111
11100010101110100101
11100101010010000001
01111100111000101110
01100010010010111011
10110111110000101111
10111011101110000011
10001111110000101100
11100001011011010000
11001011110110100111
11100000110111010101
00011111100100011010
11100101110111111010
00101110100110010101
11010100010011010110
01110111011111110100
00000111111010001110
01101100111011010101
10011111110001001010
01110000010001011100
00101100001111010111
01100110010100101010
01010011001101101111
01010000001011101111
01111110110101011011
01011110101001010010
11000011000110001101
11110111111011110010
11000110011110100100
10000110110101110101
11000011010100001110
00001100001000001100
00111100001001001011
10000110000011110010
11111011111001010010
11000100010100111001
00111100110001100001
01100011011010011100
11101110011100110010
10010001001101110100
11101011100110100010
10010010011000100101
10110111001110000000
00010000011000110001
10000011100101111001
11001001101000100111
01111101101110010000
01111011100000111011
00111010100010101100
01011101011101001110
10110010110001000010
11100000001011110011
11100100111001011101
00111000010101101101
00110101010010011001
01001110101001011110
11110111010001100010
01011010000000011010
00101010000000011111
10100111001000000100
11111111000000001110
10011111011110101001
10011010101110111110
00010110001110011001
01101100111100100001
11010100111010011111
11101111101010110101
01001011100001111110
10010001000100111010
00100111000111000111
10100011100000110100
00011010010011000101
01001100000010010101
11001011111110011001
00111110110110001101
00001110101100100010
11000001001011001010
01100110101010011101
10010100001110011000
11001001110101011011
11010011010111011011
00011100100011100001
01111001111000100001
00000000111101001101
11111001011010000100
00101010100011111100
11010011100010110101
11001010010110010111
01001101011110100000
00101000101111110011
00011011000000011010
11111111100100100101
00000100111010101001
11000110010111101100
10110010001011011111
00100010100000000000
01101011100000101110
00101001000001110011
10001000111110110010
11100010010101011000
10101001111110010100
10010010111011100110
01111111101111110010
10111000011100001100
11110110010101011100
11011010011111011100
11000001101010001110
01100110100000111100
