20 255
11110101000011110001
00011100100000100011
00100111010011000101
11001001100001000011
00010101111000110110
11111001010000010101
10001010110000100110
10011101110000001110
11001011000010110011
01100101111111101001
11000000101011001001
11011110011001101100
10000101001011100011
10101010000110111010
01011111100111010011
01111001101101110010
01110001101110110101
10111001000111101000
01010000101100011100
00100001001001110110
10010010000000011001
10101000101100101100
01101000011101101000
11111000111001001000
01010100010111111101
10101101011001011011
01010110000111010010
00100001000111001101
01001000001000001110
01010011001000011111
11111110011001111110
10011101100011100001
00100010001000000100
01111011010100001101
10100011100101100111
10111111111011101011
10000011101100111110
00011000011110001101
00101010001101011101
10101010000110000110
00000000011110111110
10010010011011010010
00101100100001110000
10001110110011010111
00000101001101010101
11110001011111000011
10010010011000000011
11110011100000110101
11001000111110001101
10110001011100111101
10110000001101011000
11010011010000110110
00000101011011001111
11010111010110001001
00011010101000101010
01100111110111001110
00011100111100011010
11111011011100011001
00100001110001100111
01111110110100001101
00011100110000101010
11011101001111111010
01100000000011100011
11111000110000000011
11011111010010011011
11011001100110111101
00111101000000101000
00100000001111110101
11011100110011110100
01001000111001110111
10011011000111001000
01001010111101011100
10010011000111010111
00010011010001110011
10101011100101100011
00010110010001011110
11110110010100110010
00001100010100111101
00010111011101111001
11100001000000001111
10010001001001101110
10000100010011101010
11111100011001110100
11101100011110111010
01111111101000011100
00110010011000011110
01000110000100100011
10110101100000000011
11001010111111101100
00011101101000001101
11001110001000101101
01011000000010000011
11111110100011000000
00110110010101111101
11101110000010011001
01010001110110011000
01101110101111110000
11100010110011111001
11101000011100011101
11101011101010101011
01000101101111100011
01011101010111011000
10111001001110100101
10010010101011111010
00111111010000001010
00011100111111100010
01101111011011000101
11101110100010011000
00010010100110100101
00000111111101010101
10111010100101110101
01011001001101100010
11000100110100111000
00010110101100000011
10101100011100100100
11101011110010101000
01100011001000111110
00011010101110011100
10101111111010010010
11111000011000001010
00111010000000110001
11111011010011101111
01001001111010010100
10010000011100100000
10010001001001001010
10010110010011010101
01100010001001101001
00110000011010101000
11000101110000011011
01111100111010000111
10011001111010000011
00011100001001010011
00111010010110101101
11101111101110010110
11110010110110110010
10101101001000010101
10000111100010100000
01100001001011001000
00101010111100110111
10101101100111011100
01100011110101110010
00000111100011100001
10101110110010001100
00011111011101110110
10000100000001011010
01000001110111011110
00110101110011001101
01100111100010101011
10011101100101101001
11010111100010011110
00111111101001110101
10101101000000010111
10010010111001101110
01001101001110111011
11001000010011000111
01001000101111101011
01000111111010101111
11101110111110011101
10111101111110011010
00001100011100110010
01000001001011010000
01000011011011001010
00101100110000001000
00010100110111110000
00110100101101100100
10011000110110110001
11111001101010000001
11010110011001000101
11101110011010101111
01000001010111000010
01110100101110111010
00011101001100011101
01101010010000100101
11011110111110101100
01010110111101000000
01001101110111100110
00001000110000011011
10100000000000110000
01011001100010110101
01011011101010000001
01111001111010001101
01100001010011000001
00001110100101110111
10110101100110101101
10010001100010111111
10000001001100110010
11000001110111000110
00011100001011101011
11000010111101010111
01100100100111101100
01001101011100010100
11010110100100111101
00111110010010011001
10010010111100101000
10001011010100101011
11101010110010001110
11001011011101010011
11111110001100011100
00101111111100011110
10111001100110110000
11011100110011101101
10101110010011000100
00011111000010001111
00100000110011100101
00110100011001010010
00001001001000101101
11101001110101001110
01010100110101110001
00010011100110110000
11000011110001011011
10101000000110100111
10110101111101101010
00010000111011110110
11000111001100100011
00100100110101000111
01010111011110001111
11110111110110111001
01010100111011101011
00110011000011001001
10111011001111000001
11000011000101010100
11011001110001010111
00011110111001000000
10111010011010010101
11000001001000001101
01101110101110111001
10110010001101010110
10110011000111101110
00001001100001000011
00111000110110101010
00010001111100101101
01001001000011110010
10111000111111000110
01000101000000010001
01110111011000010110
11100110110001000100
10011110000110000110
01010100110110010111
10111101101011101000
01100010000100110011
01100011010100001111
10100011111010101001
01110111010000001110
01100011010000001010
01010000110001001101
10111101010010101101
01110101111000010100
00000100111111101010
10001011011100000111
11100000000101010111
11101001101100001100
10101111011110001110
10110101101001101010
00110000001000010111
00110010001001100001
