20 255
11000011100010001001
10011111101100101010
10100110000110110100
00001000111111100010
01001111111011111001
01101001011111010010
10111100101000010001
00011100000101111011
01011011110011110010
01010000011000010001
00010100011001111110
00011100101011011001
11000000100010110001
01101010100000101001
11011100111111010111
01001111100000110110
00001100000100001101
01110100000010110110
11101100011101010011
10011010101000101100
11001100011101100011
11001100110100111000
00100011100011011111
11100000000011100110
11001110000010010010
01110110011001010011
10000000011100111010
00011101100101001100
10000010111110110011
01100100011111101110
01011110101100001000
10001101010010110111
10010001111010111101
01000111000110111100
00100101010000011010
01001111000100011010
11011000110100011011
10101010101011101001
11001101010001101011
00000101001101000011
11011100101110111010
10001110011001001000
01110100011110100110
11010111000010000111
10011110100010110110
01100011111011000101
01111001101110101000
11010100111010100000
00011101100110100010
10001011011010010000
11000111100010100101
10101100110001001011
00000000010100100010
00111101111000110110
11011110101011011100
10010111001010011111
10101100111101111100
11111111101111100010
11101100010011101010
10101101110011010001
01100011101100000101
01010001101011000000
00011100100101101111
11110001011000100010
01011001100010110001
10110000100001000010
10011011100100110101
00100110011011100110
10111001110111111001
00000011011000001100
10110101101001110110
01001101110100000100
10111110101100101010
11110011001001110111
10010100111011100100
10101000101000111001
10100011011101001101
01101111001010010100
01001000111100001111
00110100110100001110
00111011101000010101
00011001110011011010
10001111011101111110
00011101011110000010
10100011001001101111
11000100011100011111
10001111011010100100
00111001011010100111
11111000001110001011
11101100000100101000
00110100000011100001
10101011010101010100
11110110001101011010
10000101000100011000
00111111000100110101
11000001010011111000
00111011110111110101
10101110000000111000
00010011111001001010
10101111101101000000
00010000010110101111
01000101010101000010
01100010010100011010
00010110000110000110
00000010111110000100
00000100100111100001
11111111111110011100
00111011010111010101
10111111000101010100
00000010111010101010
00001111011001011000
11100110110000010010
11100011000011001110
10111000101011111011
11101101011000011010
01000010010001111101
01101101011101101101
11100011010101000100
10111000000111101010
00100001010010100010
10011011001001111111
00100101010100111101
11111111100010001011
00110110011001111100
01001010000010001101
10100111100111000110
11000101001000111100
11111000110101011110
10100100101101011010
10011000100011010110
10101011101010000110
01010100001110001110
00010001010110010100
10111011110100101010
11000100011001000110
00110101010111010011
01101100101010101101
10111111010101101011
11110101100011000001
00001110010110001101
01110110000100000101
11100101110000011001
00101110011101000010
10111010101111100111
10010110111111010001
00100101001101100001
01110000011011111001
11001111101010010101
00101000101111110000
01010011001011100111
10001001100100101100
11010111111010101001
01000111110111011000
01110100001011100000
00010100011011111001
00000111111010101101
10010010011101001001
00011010001100010010
01001110010001111110
00000011001111111010
01100111010010000011
01000000110001010101
10011011011000011001
11101100100000011101
01100001000001011101
11001100100111111000
00000010000011001000
10001111100011101100
10010001111001101101
10111110101100001000
01011111101001010110
01000000111000011000
00000001000110110111
00110000001100000010
10010001011011100000
00110000000010011101
10011111010011110100
11011001100011101101
11000110000101001000
11100010111101001100
10110100110111011110
11010110010110010110
00110001100101100001
11110011000100001111
00101000110000001101
01100000010100011111
00110010101111101000
11110100011000001101
01110111111111101110
10110011101101110111
11111010010001110010
00011100101100111101
00011001011010001100
00010001100101100000
00011100111001110010
11101111111101001101
11101110100101010011
10011010001111000111
10111001101000010110
01101010110101000001
01000010110010001000
10100101010111001001
01010110001100010001
11101100011110011111
01101101000011101101
00100010111010100010
01000000110100001010
10010111011011000000
01110101000101011000
01101000100000111011
00111010010001010110
00000001001110111000
00001010111101101110
11011111010111010110
10100010100110111011
10100110111001110110
01110001111101111000
00010001001111100101
01001000011010011111
01001111000111000011
01101010100011111100
10010010001101011001
11100001010111000101
10000010000001111000
00010110111011011011
10101001100100001110
11111110110001110111
11011011111010000001
01110001000111011110
11101011010110011110
01011111001111101010
11111111011001110010
11010100011100111001
01001111110111110000
01101110011000011110
01100011100000000111
10111011011111101100
01100111101110000101
01001011000001011100
11011010100001111000
10010101001101000111
00100110100100001001
00101010110110100001
00111101111111001100
01111011001011010101
00100101110001101010
00010000100001010010
00011010110101000001
10110111101101100001
10101101100001000011
11010111011111100010
10110110001110001111
11100000101111000111
11010101101001111110
00011101111000000110
