20 255
01011110001000101111
00011110111101110101
00000100111100010110
01111110110110010110
11101000001100011010
00110100001110101100
00110100100000011110
10111000000010011111
00010110100111111001
00001101101111101010
01110100011111110110
11010001001110000011
10010111110110010100
11001101101001111001
01001101100100011000
11101001111100011001
01011100001001011000
10101110110000111111
01111111011011000010
01001110011011111000
10110111100111111011
01100001110010011110
10011100011110100111
00100001100110000000
11101100110101011101
00110100110111101101
11001110110000110000
00101001110010101101
01101100111001110001
01101111111001110010
11110110001001010111
10111001000001000101
01001101110001011010
00011110001100110100
00111000010010101000
00000110010010111110
11011001010011000111
11100010111110100001
01001001010101111111
10001011011100111011
00101100011000001101
00010011101011000001
10100100000000111101
11110000000000100110
00010101010110011110
11010000100110001111
10010100101010000101
00110101001000100110
10101001000001110101
01110001100110010011
01110011110110111111
00110110010110010111
00110010010000001011
11111010111001110011
00111001011001111010
10100110111101000110
00011100000001011110
11000010001001000011
01001000011100101101
00000111010100001001
11101011001001011010
11101010110011100111
00101111011110000010
00111000010111110011
00010001011100101110
01011111011010001100
01110011011110110010
00000100001010110100
00001111010011110101
11011101000011110100
01010000111010101001
10101101001010010011
00000101101000111101
01111000111100010101
01000100101000111011
10111100111100001111
11000010010011100101
01011000100100101010
00110100101101011110
11000011111100001110
10000101001010111111
01001100100000000100
11101010010010110000
10000111111001100010
01010011100110011011
01111011110010100000
10110100001110011001
11000000000011010100
11000000011111100101
01011011101101001110
10110011011111011101
11011100111010101110
10001111111010111111
00110110001111110001
00010110010001100110
10110110101100110111
11111010000100001010
01001110000110011101
11100110001100110111
10111111111100001101
00100000000011110100
11000100011011001011
10101011100010010000
01111011000110100001
00001111000010001111
00110100001010001011
11110001010011011101
10001001101101001110
11100100100100001001
00100010101010000001
00010100110111010000
11000000100101011100
00001101011001100100
10011101000100110011
10110111111100000110
11001110100100011010
11111100011000010100
11100010110111000010
01110100011110110011
01100101110011000101
01101000011111110011
01110000101011000011
11100110000100110110
01100111110100101101
00101101101111000111
11010000010110011010
01100101110100101010
01000001100000000110
11101000101111001101
10011010011000011100
00100010011011111000
01010100111011101111
00011101111110010110
00110001010100011000
10011100111001110110
01010010111000100011
10110111010011001010
00011100010001010111
11011100100010111011
01001110001101001000
01101101110010011001
00111101110110100100
00000110010010111001
00101110000001011010
11101101100000000110
01010000000110101101
00111110011111011110
11101100111110010110
10010011111101010000
11110011100000011011
11011010101010100110
01001000111100000010
01111011100010010101
00101010100011110010
11111110110000000111
00010010010011110101
01111101000000101101
10111110111011011111
11111001110111000010
00110100010000110000
11010110000010011111
11001010011111001100
00011001101101111011
01110001000010011111
11000111001110101001
11111000001111001110
00111100101001010000
11110110110011000101
00010010111011101110
10011111001111011101
10000101010000001000
11000101111100001110
10110010000001001011
11101111011011110110
11111110011011000111
11101000011011001000
11100111101111010010
11010111010000000110
10101101010000011111
01010111100101100100
11011000110101110010
00011000111011001110
01001111011011000010
01111101000101110110
11010010010111111111
00110000101000010000
10101100111000010010
10110010011110111010
11001010000001111111
10000101101110001101
01010110000101001101
11110101110101001101
10001001110100100001
10011110011101110010
00100010110111001101
10101001000000000101
01000101111001101011
11100011001001001001
11100111101011000101
10111110001100101010
00100011011000001011
10100000011001111101
11110101111011100100
10010100111001010011
01000011000110111101
11010111111101110110
00011011110000010011
00110100001111011101
00100000111101101101
01100011101111100101
11010110000011110100
11010110110000100000
11111110000110010110
00111111111100100110
11010101000101000100
01100011010110101000
00111111001000011001
11100010100000000111
01101110011001110001
10011100001001010000
01110110110100001101
01111011000001101011
01111100101011010110
01110111101000011000
01101001011111001101
00011101110100110111
01000001100101011110
11000111111110111011
11100000101001110101
01110100010100011001
01110011100010001101
10011010001111000001
11011000000100010100
11011001100010000110
11000100110000010101
10010011110011100011
01001110000010001101
01010001001000010101
00001000011010100000
00110110010110001111
11111110011010100100
00100101000111110000
01101111100011011001
01001011000101000110
01001000100001000000
00000001000010100001
11101001010100011011
11111100101010111001
00010110100011100101
00101100111111101110
00001100000110001011
10101010111110111001
00100111101110100111
11100101001111010001
00100011111000011011
