20 255
10011001111001000110
01000111010011111101
01110001001111101000
10000000101000101010
00111111001000001101
10100011100011010100
01010101100010101011
11101010100101101110
11101101111100011000
11011000110010110000
10100010101010011001
11010011001010000111
00000100101101111000
01010110111001001001
11010110111000100100
00110011011101011000
01001010110011110010
00100011111000011000
11110010000100111001
11001011011001011001
10100010110000000011
10100110100101101110
10100111000011010100
01100010001100111110
10111111011110010000
00011100101100000101
10111100010110001000
11111011010011110001
01000011111010000011
01110010110110110011
10011011101111100101
01111100001111000111
00100001110011110111
10110101110101000100
01011000100111010110
11010011000100000100
01101011110110001000
00011111111100101001
00100001010100101110
01110110101100100111
10100100001111001111
00001001001110101111
10101110011101101101
10111110011100100010
10001110011010010010
10111011100011000010
01010100100010100011
00101000010100111101
11011010001001010000
01111000010100011001
10000101100101000011
01010001111110010110
01111100101000001000
10010100100101101010
00011111110000100111
11100100011110111000
01100010101000011100
10001011111111010101
01001110101111110000
10100100111010100011
10001100111000110100
11110000111100110110
00010100000000110111
01000000111001100000
10111110001111100011
00100100001111110010
00110111000110111101
01110000011001111110
01011110100010111110
10000011000110001100
10010110110110011111
00101001110000011010
01100010110110100000
10010000110010011010
00110011001110011000
10101101011010101111
10011100001011000101
00010010101110101001
00111000100111011000
01101111010010111011
11011000001011111011
11101010100000110100
11001001111011011110
01001010111100101100
10101110011011010111
00010011001011011010
01100011111000001011
01011101111010011001
11101101100110110011
01011101111011110010
10000101000000100111
00000000001111001111
01100001000100110001
01010111111111001011
01011110000011111000
01110111111011010000
11011000101000100010
10110110011000011111
00011010001100001111
10011111101101100100
10101000100110111010
00010000011110100010
10001110101011010110
11110010001111101101
11100010111111001011
00111010011101001101
01111011000001000101
10011100011100001000
00001101100010001101
11010110000010010110
10110001100000000001
10001010010110000001
00001111111110100001
11110100111111000001
00101000001000001110
11100001000111111001
01101001001111111110
10110101101100110011
10110101100010111010
11010101000101101010
00100010011110101100
11000011111000010010
10110110000101101011
11000100111000011011
10011010101101100000
01010110110011000111
11010011011100101110
10100100111110100110
11001000100000111011
00100000100010011001
11100010010000001101
00001010111011001110
11101010101110100101
10100011101010011100
01001100011001011100
00001011011110001000
11011101101010110001
11111001111010001000
10101000010000111000
10101101010000101000
10101110100100000100
10000001100100100000
01001000101111111000
11001001000110000000
00001100000111010111
00100101001001010001
00110110100000010011
01111111010010001000
00100010010100110111
01100001010101001110
10110101000001010000
10100001001111100111
00110101101001100111
11110011111100010100
00111100100101110101
00110001000010000110
01011100000111100010
00111001101011001011
11110001100001011100
00101100101101001011
10000001100001101100
11011011100111111011
11000110100111110011
00001001011011110100
01010001001110100011
11101011100100001110
01111101110100100011
10011110110011010100
01000101100000011100
01101100001000010010
00111110101101011111
01101100100000000101
10100100010111110000
01110000111001011001
11011101001010100011
01101011101001010101
01001100111001101001
10000000100001001010
10011010000011100111
11111101110110000011
01110010101000001011
01111000001001001111
10001010000100101100
01010100001010100011
01100100001000001011
11111001001111100101
11100101100100110011
00100100010001111010
10111111011011001110
11100000000111111110
11001101011011101111
00111101111011001111
11111000111101001100
10000011110100101111
01010001100011011010
10100110111001101011
01001011011101110010
01101101010000101110
00000001001000010011
01111101111001100110
00111001110111110110
11100001110110110001
01101001010000111101
10101001110100010111
10101100111110101000
00101001010011011110
01110011001111110110
00000001100100010100
01011010000011011010
11011100001110101011
11101111011101111011
00000110111001000011
10001000111001010010
10010111000110011001
01100101010101101000
00011101100111110011
10001001000110000101
00100101000011110110
10001100000101100010
01011000101110111110
01000110010111000111
11011011000011011000
10101111001000010111
01110001100010101110
01010010110100110001
11101010101001110111
11110101110010110001
00101110010111111000
01111111001111011100
01011110111110001001
01011101101010010110
00100001010011001111
11000011110010011110
10100110001011000101
11000111000110011010
10101000101110010100
01111001000110000110
00000101011111001001
00111001001111101111
11000111001010011111
00010110111100010011
10011011101010001111
01100000111101110110
10000101110010000001
11100100011011101000
00100111010111011010
01010010111001010010
10101100110011001000
00100110001000101101
00100011100000010011
11110101110011110010
00001010000010111001
10011101110001001010
01001100011000011110
01000011110110100100
