20 127
01010100101101110111
11100110010111001000
10001110101011101100
10000001111000100110
10100110100000011010
00101101000100000011
01110110011111010110
00000011011100000111
10001101111111010101
10010111110001110101
00101000101100010111
01000100111100010010
11010001000101110100
00100100111111010100
01011011000100001001
00011110110000101100
00011001011101110001
00000000001101000111
01011000010011110100
00001000100111000101
10100001010101011010
00010100001100010010
10110110101010101110
11010110011100111111
11110110001111001100
11011000100101111101
01110101000100111000
00100101011100011010
10000001100110110101
00010111000011111100
11100000001011111111
00010000010101011111
10101111001111100111
11010100010111010010
01000011011000110100
10101111111101101110
10010111000110111110
11011100000110000000
01110001001001010000
11111010111000111101
00100010000100011010
01000001100111010110
10111001110010101010
00001000001111000001
01000111100100101100
00111010000001001001
00111000100100101100
00101100110101000101
10100001111110011110
11000011001001110000
00111111110110000010
11000110001011100010
10111011111101011010
10101101001010110000
10010010001111100110
00011100100100111011
10110000011101010010
00101111100100010001
11001101100110110100
11000100100101101100
11001110001001100000
00100101000110111100
00010101101110100101
11111110100001110001
10010001100001010011
10001100110110110011
01010111101110111110
01110101000100100110
01101100010110100101
11110101000111111010
10100001010111010101
10110101110001010011
10110011100100111000
10100000111111110000
01001110101001100000
10111101110001110100
01101101001111011100
00011100110001010001
01001100010011011011
00010010001111000010
00111001000000011111
00001100111111000001
10011101111101010011
01101111100111011110
01000000010111101010
10001010010000110001
00011111110100000100
10100110010101010101
01010110111100000101
01010000110011101101
11010001000110000110
11000100011010011001
11101111100100011001
10011101000001011101
01110011101110001011
01011011110100111110
01101000110011110110
10111000101010011010
01011111110111000110
00111100001011000110
11111100110100100010
11001111001001001101
11001101110001100100
00010101001010110010
11111101001010001101
10010001101110101010
11110001000011111100
10111001011011010010
00100111110100010101
10001001101101001110
10110001110001001101
00111110111000111010
01100100101000111000
10001000110011001111
10011000110100010011
00111101000111100001
10011011011011011001
00011111110101010111
10001111000001001101
00010111001111000101
00101101100101001011
00011111000111011011
11010000000000010001
00011101111110111001
01000111101100110100
11100000110010001001
01001001011101011100
