20 127
11000110110100010010
10110001110001110011
00010010000001000111
00001111011111110010
00010111011110111011
11010110011110001011
00101011011001111101
00011101011100101100
01101110001110111011
10001011101000001001
10101000010101001101
01111001001000010111
00111101010111110001
00000010000100010000
10111110001001110100
00010111111101101000
11100111011111001101
10010011100101111101
11100001000010011010
01101101100110010001
01001000001000110000
11100101001100010101
01011010011110010101
00001110110100100001
00001011011100100010
10010011111011100000
01111000110111111101
00100011001100001110
01100101101111111111
00011111111001110000
00001100100011100011
00011101011101110011
10101101101011101101
01010010100011100111
11110111010000100110
01010000101000110110
01010000101111011101
10000001111100010011
10001011001101000010
01011001111100001110
10110011000001001110
10000111110011010011
01111111011000010001
01001000001000110111
10110101110000111111
01011011000111000010
10000111011110000111
11111100011000111000
00101011111000010101
01000110001001101010
00111110110000100010
11001011111001110010
11010000010101100100
10010001000010111110
01111000011111110010
01111101001111010010
10011110100000100111
11010000011110010001
01111100000111110000
01010101011010101001
11110000011000011001
01000000001000001110
00101001100101111111
10010011111110111110
01111101101011110010
10011001100110000001
11100111110110101101
11010100101100011101
00110000001000101110
01100000100111011101
11000000000010010011
01001000011100010010
01110011110001010110
01111110100010100000
00010100110101110000
00100101110011110000
10011001110010110000
00001101110011011011
11001010000010111110
00111111101010101011
00100001110011111110
01110010010001110110
00110000101011100010
01110010010101011001
10100110010101001001
01101111101000000010
10101111110011010110
01000010001101101111
11011000010100111100
11011111000111111000
11010110100010111010
11110100000011001100
01110100111010000010
00101000111111011100
00001100011001001000
01001001111101111111
10010110001011110001
11000110000011001011
11111111011011000101
11101100100100000011
10111010001011000100
10001000010101101010
11110101100011101100
11110001010011001101
10101111000011101110
01111110101111100001
00100010011100011110
00110010011011011010
01011101101110010011
01101000111101111011
10100000101101100111
00001011010000001001
01111001011011011000
01111100100101111101
00000111111111000111
10101101000011111001
11010110000000001101
01111011101100000111
00001101110000101100
00000110111111000001
00111110101110100000
11110000101110000011
10111001100100111100
01011110110100011111
01101111001101111100
00011000011110001010
00111111110110100101
