20 127
01010001110111100100
10010010011110010011
01010011101100010100
11111100011100000101
00111111001010100010
10111110010111011001
10101100010101100100
10000011110001001011
10110110101111110100
11100000100011110010
10000101001101010101
00000101011010111110
11111101011110100000
10101100011011110001
11011000011111001001
10110101010000111111
10011000101010101010
10100001100110000000
01011111011011101001
10001101001000111000
01000101111000011011
00101011011100100011
11011001100111010110
11110110110011010110
01011000000010000001
00111110000111110111
10010010101110111010
10101000010100110111
01011001110111100011
01110111011010111010
11111001011101100101
01110000001011001011
00100010100100000101
01000000111010000101
11100001000100101000
00110001000010100011
01000110001111010100
00010000111010101011
11000110001100110001
00000111100100100001
00101011111101100010
01101011110011011011
11001000000011000010
10011111100000100110
01101011111001000100
00111011111110101100
10100101101000011101
10011011011010011101
10111110011010101111
11101011111101011001
10101101000100000101
01111111000001011100
01000111100010111001
10111011110000011000
10011110011010101001
00011110001110010110
01001110011101100100
11011011010111010101
11001000110010100000
01111010001100101001
10111100101100111010
01111010011110000111
01001011100011011010
10011101001010101110
00100001010100000100
11111011000010100111
10110110000000010011
01010111110000111001
00011111111011010000
10100110010010011011
10100100010000110011
00001101101010110011
11111110000110010101
01101101101001000010
10100100101000010011
11011111110010010110
10001011101110011100
10010001010110010001
10101101101010100111
10100001001010001110
00111110011010110101
11100101000100111000
10111001100011101100
10011101010001011110
00101111111110001001
11000001010000011101
10101000101000011111
10100001010010101111
01001100101110001001
01001001110001011000
01110011110111001110
01100111001011100101
11100011111011001110
11100011100001010001
11101100000101001111
11111001101011001011
10100011110001101111
10011110110101100010
10000110010010111010
11100101011100000110
00100001011111110101
10110111111001001101
11010001111111000011
01111111011010000010
01010000110100110000
01011001001111000010
11110111010110111101
01011010101010100001
11100110101111011101
00011100111000011010
10011001100000010000
10100001101000011101
01001010001010001100
01011110110111000101
11101010011111000011
00110110100111000100
01101111111101111001
01000110111111000011
10000111110111100010
11000000100001011010
10010110111101010010
10100100101100011000
01010100011101110000
00100000110111010100
01001010011100100101
01000000111000010000
11100110110000111110
