20 127
10011001111001000110
01000111010011111101
01110001001111101000
10000000101000101010
00111111001000001101
10100011100011010100
01010101100010101011
11101010100101101110
11101101111100011000
11011000110010110000
10100010101010011001
11010011001010000111
00000100101101111000
01010110111001001001
11010110111000100100
00110011011101011000
01001010110011110010
00100011111000011000
11110010000100111001
11001011011001011001
10100010110000000011
10100110100101101110
10100111000011010100
01100010001100111110
10111111011110010000
00011100101100000101
10111100010110001000
11111011010011110001
01000011111010000011
01110010110110110011
10011011101111100101
01111100001111000111
00100001110011110111
10110101110101000100
01011000100111010110
11010011000100000100
01101011110110001000
00011111111100101001
00100001010100101110
01110110101100100111
10100100001111001111
00001001001110101111
10101110011101101101
10111110011100100010
10001110011010010010
10111011100011000010
01010100100010100011
00101000010100111101
11011010001001010000
01111000010100011001
10000101100101000011
01010001111110010110
01111100101000001000
10010100100101101010
00011111110000100111
11100100011110111000
01100010101000011100
10001011111111010101
01001110101111110000
10100100111010100011
10001100111000110100
11110000111100110110
00010100000000110111
01000000111001100000
10111110001111100011
00100100001111110010
00110111000110111101
01110000011001111110
01011110100010111110
10000011000110001100
10010110110110011111
00101001110000011010
01100010110110100000
10010000110010011010
00110011001110011000
10101101011010101111
10011100001011000101
00010010101110101001
00111000100111011000
01101111010010111011
11011000001011111011
11101010100000110100
11001001111011011110
01001010111100101100
10101110011011010111
00010011001011011010
01100011111000001011
01011101111010011001
11101101100110110011
01011101111011110010
10000101000000100111
00000000001111001111
01100001000100110001
01010111111111001011
01011110000011111000
01110111111011010000
11011000101000100010
10110110011000011111
00011010001100001111
10011111101101100100
10101000100110111010
00010000011110100010
10001110101011010110
11110010001111101101
11100010111111001011
00111010011101001101
01111011000001000101
10011100011100001000
00001101100010001101
11010110000010010110
10110001100000000001
10001010010110000001
00001111111110100001
11110100111111000001
00101000001000001110
11100001000111111001
01101001001111111110
10110101101100110011
10110101100010111010
11010101000101101010
00100010011110101100
11000011111000010010
10110110000101101011
11000100111000011011
10011010101101100000
01010110110011000111
11010011011100101110
