20 127
11000011100010001001
10011111101100101010
10100110000110110100
00001000111111100010
01001111111011111001
01101001011111010010
10111100101000010001
00011100000101111011
01011011110011110010
01010000011000010001
00010100011001111110
00011100101011011001
11000000100010110001
01101010100000101001
11011100111111010111
01001111100000110110
00001100000100001101
01110100000010110110
11101100011101010011
10011010101000101100
11001100011101100011
11001100110100111000
00100011100011011111
11100000000011100110
11001110000010010010
01110110011001010011
10000000011100111010
00011101100101001100
10000010111110110011
01100100011111101110
01011110101100001000
10001101010010110111
10010001111010111101
01000111000110111100
00100101010000011010
01001111000100011010
11011000110100011011
10101010101011101001
11001101010001101011
00000101001101000011
11011100101110111010
10001110011001001000
01110100011110100110
11010111000010000111
10011110100010110110
01100011111011000101
01111001101110101000
11010100111010100000
00011101100110100010
10001011011010010000
11000111100010100101
10101100110001001011
00000000010100100010
00111101111000110110
11011110101011011100
10010111001010011111
10101100111101111100
11111111101111100010
11101100010011101010
10101101110011010001
01100011101100000101
01010001101011000000
00011100100101101111
11110001011000100010
01011001100010110001
10110000100001000010
10011011100100110101
00100110011011100110
10111001110111111001
00000011011000001100
10110101101001110110
01001101110100000100
10111110101100101010
11110011001001110111
10010100111011100100
10101000101000111001
10100011011101001101
01101111001010010100
01001000111100001111
00110100110100001110
00111011101000010101
00011001110011011010
10001111011101111110
00011101011110000010
10100011001001101111
11000100011100011111
10001111011010100100
00111001011010100111
11111000001110001011
11101100000100101000
00110100000011100001
10101011010101010100
11110110001101011010
10000101000100011000
00111111000100110101
11000001010011111000
00111011110111110101
10101110000000111000
00010011111001001010
10101111101101000000
00010000010110101111
01000101010101000010
01100010010100011010
00010110000110000110
00000010111110000100
00000100100111100001
11111111111110011100
00111011010111010101
10111111000101010100
00000010111010101010
00001111011001011000
11100110110000010010
11100011000011001110
10111000101011111011
11101101011000011010
01000010010001111101
01101101011101101101
11100011010101000100
10111000000111101010
00100001010010100010
10011011001001111111
00100101010100111101
11111111100010001011
00110110011001111100
01001010000010001101
10100111100111000110
11000101001000111100
