20 127
01001010100000011110
10001110001100001101
00011101010111101101
10010101001000000001
11110011001111000000
10000111101111000000
00111011011001110101
01111100000011001011
01000110110000010101
10010010011100101111
01101010110111001110
11111001100100000000
10111011101101000011
01110100011000111111
00011111010111011111
00010100110001000011
11000111111111001010
10000010111001011001
11000111001101100000
00110010111100101100
01010111110110010111
11100101101101011110
11011001010000111110
01110001000101100011
01110101110111110010
00101101001101101101
10100011000000100010
01011010011100010011
01101010110001101011
00111111010001101011
00011101010100100111
11110000010011101010
10010010111001000001
11110001000011010010
11001000110011101001
01010010110011110100
11100110001100100100
00001101111110001011
11100111000001010011
01010101111101110000
11001001110101111100
10100001110110101001
00011010000101101101
10111100100110100010
01011101000111101101
00010011101011001110
11111010011010111011
11011101110011111110
10101111110000010101
00000111010111010010
00000001011111000100
11101000000000001001
11011001100000100100
10010101001111001011
11100001000110001010
10001101111100011010
00111001100101101010
00100111111111010000
00000111000101100100
00000001010010111011
00110010101110010011
00101100001111011101
11011010010111001010
10010001010001110100
01101000011010111110
11110100111101000100
11010111101100001001
11010010110101011100
00010011111011001010
11101001001010010110
00001111111001111000
01011100001110001010
11000111101100111100
10111001000110100001
10000100110011110101
01110001111000101111
01011010000111101100
11010110101101010100
00010000010111101111
00110101101111111001
00011010100001101001
01010000100010101011
00110010101010010000
11011000110010011110
00111100100001010001
10000100100100110111
10010010111111110011
11000100110111111011
10001110010011010110
00011011000010110101
10001100110111000100
00001110001010000011
00100101100100111110
00011111010111111000
11111101101011111100
11011011100101100001
01011111110110100110
10000000101111011110
01110001110001100100
11000101111111101100
01000110110010000110
00001001001011111010
00011001111111110010
11101011000000010101
11001111001000011110
00001101000111001111
10000000111110100100
00011111001110110111
00101001110011100110
10101100010110011011
01011110011001010001
10110110111101000001
11001011100000010000
01010010111100001110
11100001011100001101
01011110111110010011
00000000000000000101
00010010100100110010
01111000000110001111
11111001110011111100
01011111101111110011
00010011100010110110
10000111001010100110
11010110100010011001
01110100011010111011
11001111001111101000
11001010011111010000
