20 127
11010110010100111000
10011100000100011010
10101100100000000011
01110011000010100100
01110111101000110110
10011001001110011101
00010101111000101001
10100010101101111011
10011111011101010010
00111011101001100110
10111010111100000100
00000101011101001100
10100100011001000011
10010101101101010010
11110010010100010110
11101110000111001100
00001011001000011010
01001010111110111100
01011001001010110001
11000001011110111001
11011010110000011011
01101111101110100011
10001010010110010110
10001101111010001010
10011000001011110110
11001011101011101011
10000000100100000101
00010110111111011101
00111111100100011101
01111001010000100101
00011100000001000101
10111000111001110101
11101111111100011010
11100111001100100000
10000001010011110001
00011011001111111111
10111001111010100101
00010011110111011010
11111100010100010111
10010010111110010001
00000000011011001000
01101110111101101011
10001111000000011000
00000010101000111001
11000011011001001010
00010001110111001010
00110101101001000111
11011011000000011100
00011110011001000010
00111010110010100110
00010011001001101101
00101001010000011000
00111101011101110001
01110110000111100110
00011010111001110000
00010111001111111010
11000010010001000001
00111011111111110011
01100001011110010000
00110010001010101110
10000000010111001011
00111100100010111010
11000011101101010011
01000010101110011111
11011110101100001001
10110111101100011111
00101101111110010011
10001000100011111100
00001100001110001101
11110111111110010010
00110100011011111100
10110100101100110010
00000001111010100101
01010011001111111001
00110110110010011001
11101001000011000010
11000001110101111101
11010010100110100010
00110101110110000000
00110001001100010001
10101111110010011000
11111000001001011011
00000101010111010001
10001101010011100101
01111110110011010110
11110111111000111000
01111000010011111110
01001000110000010101
10000000100011000011
10111100001000111110
11110000000110010111
01001110001010001010
10110111111011010001
01100001110101001110
01001010111111010101
11101111100111010100
01010001111001011010
11001100011110110100
00010001100110011101
11111111011101111010
01101010101010000111
10000001010100111011
01100000110010011100
10110111100011111101
10000010011001111010
11110100000010011100
00110100011011111111
00001101001001000111
10110010010101111011
00110001101001000010
11011101100010101001
11001101010001000111
10100110100111001010
10000111110110110000
11010111000110110010
10000001110111010100
10110110000101101111
00101010111001111010
01001101100101010110
00101101001110111111
11111110010010010100
01010000110110101000
10100010111111011100
11101011000001010101
00000011110111111100
00101000011111011001
00001100101111000001
