20 127
11010010111011001110
11101110010011011001
01101001110111000100
11100110000110100111
11001110101111011011
11110011001001101001
11111011100011110011
10010001011011000010
01000001011100010000
01000110100011000000
10100100110001010001
00011100001111101111
10111100100111010011
00101111010011011101
11000000000011011000
11110001110110011010
01101000100000001100
11001101011110001100
00000111100011010001
00000010110111111100
10101001011001111010
00011111110110000101
11010010101100010111
00100111000100010000
10011011100010100000
01001010100001000101
10000101010111110010
11111101001110000100
00011011100111010110
11100110010000000100
11000100010100100010
10000100111011111010
00000001100111110001
01010001001010101110
10110100011100001011
01010001011000100010
00010100110110010011
00110011001000001011
11011111101100001011
11010001110110001111
01001010000010011010
00101101111010011010
00000111001100100101
10111100010010100100
00111001100101110111
11011111000000101001
00000000001001100011
11011101100100001100
11000101100010001111
01101010000110000101
10111001100001111010
01000111100101101010
01001010101100011110
11100011010101000010
00010111111111011000
11011000001000111110
00000110101101111111
01001111010101001001
00001110001001010010
00110110101110101101
10110100101011110100
11011101110100100100
10010100000010110000
00111111110100101110
00101011110111000101
11011100001101100001
00100000010101000000
10011101111001010011
11001010101000001011
01100101110111111000
10110011100100100100
01001011100101000100
10110101011010000010
11101000111101111001
10001000001000111011
10000000111101001000
01110100100111000000
01010100111010101010
11110010011101100011
10111100111111001101
11011000010010100010
01111101010111011101
01100110001111111111
11101001101111000001
01000101000111101101
11010100100110000111
11001100000110111110
01100000111100001011
11110010100100000111
10001000010110011000
00111010010001000101
00100110111101000011
00001111001001001000
01110010010001110101
11011101000111001101
11000111000110110000
00100000111100001111
10111100110100000111
10100000001010000101
01000010001111101001
11011011110010101000
00100110000010000011
10111011110101111010
11101101010110101010
00110100101101110010
10011001000010100101
11000000010001100101
11111101001100111010
11101101111011001010
11110011100100100111
11111001110011101010
00101111000100111111
00100010111111011110
00101100111110101101
01000110111111000011
01001101001100010010
10011110001000111010
11001011011010000100
11111000110101100111
00111100110011001011
11110101000000011100
01011101000100111100
00101001100110000001
01100000011110000100
01101111110101100101
01010100111100010001
11001110011000110011
