20 127
11110101000011110001
00011100100000100011
00100111010011000101
11001001100001000011
00010101111000110110
11111001010000010101
10001010110000100110
10011101110000001110
11001011000010110011
01100101111111101001
11000000101011001001
11011110011001101100
10000101001011100011
10101010000110111010
01011111100111010011
01111001101101110010
01110001101110110101
10111001000111101000
01010000101100011100
00100001001001110110
10010010000000011001
10101000101100101100
01101000011101101000
11111000111001001000
01010100010111111101
10101101011001011011
01010110000111010010
00100001000111001101
01001000001000001110
01010011001000011111
11111110011001111110
10011101100011100001
00100010001000000100
01111011010100001101
10100011100101100111
10111111111011101011
10000011101100111110
00011000011110001101
00101010001101011101
10101010000110000110
00000000011110111110
10010010011011010010
00101100100001110000
10001110110011010111
00000101001101010101
11110001011111000011
10010010011000000011
11110011100000110101
11001000111110001101
10110001011100111101
10110000001101011000
11010011010000110110
00000101011011001111
11010111010110001001
00011010101000101010
01100111110111001110
00011100111100011010
11111011011100011001
00100001110001100111
01111110110100001101
00011100110000101010
11011101001111111010
01100000000011100011
11111000110000000011
11011111010010011011
11011001100110111101
00111101000000101000
00100000001111110101
11011100110011110100
01001000111001110111
10011011000111001000
01001010111101011100
10010011000111010111
00010011010001110011
10101011100101100011
00010110010001011110
11110110010100110010
00001100010100111101
00010111011101111001
11100001000000001111
10010001001001101110
10000100010011101010
11111100011001110100
11101100011110111010
01111111101000011100
00110010011000011110
01000110000100100011
10110101100000000011
11001010111111101100
00011101101000001101
11001110001000101101
01011000000010000011
11111110100011000000
00110110010101111101
11101110000010011001
01010001110110011000
01101110101111110000
11100010110011111001
11101000011100011101
11101011101010101011
01000101101111100011
01011101010111011000
10111001001110100101
10010010101011111010
00111111010000001010
00011100111111100010
01101111011011000101
11101110100010011000
00010010100110100101
00000111111101010101
10111010100101110101
01011001001101100010
11000100110100111000
00010110101100000011
10101100011100100100
11101011110010101000
01100011001000111110
00011010101110011100
10101111111010010010
11111000011000001010
00111010000000110001
11111011010011101111
01001001111010010100
10010000011100100000
10010001001001001010
10010110010011010101
01100010001001101001
