20 127
10010000101000101010
11101010001110111110
00111001110111100011
00100010011111111111
11110010101000001111
00000100111010111001
01111110000000101010
00110110110001000101
10001110101101101001
01101000111011011110
00111001100011011111
11010011100100100100
00011111001010111001
10111110010001111001
11111110101110110100
10010010101010101001
00001111101000100011
00011001110010111001
11100101100011100110
00001000111011111100
00101101010011000101
11111110010101110001
10101101000100000010
01000100110101000011
10010010001001000011
11111100001000000000
10011011010100101101
01000101011110011110
11011110110000100001
01000000111010111001
01101000011011111001
01001111111001100100
00100101101111011100
11101111010111001110
10011101011100001111
01010000100001101001
10001000001011110010
01101000101100110000
10001011111101110000
00110100000010000000
11010001100100110001
00000110101001101100
00010000111110001100
00010001101010110001
00110000001001111101
01101011011111100000
00001011010111100011
10000001110101001100
01111100010000010111
00110011100110000100
01111110011010111110
00000001001100101111
00100011000111010010
01101111101011010101
00000111011100111100
01100001110101010010
10001101011011001001
11000101110111001101
01111100110011110101
01110110110000110100
11101110010100011011
00100000111001110111
01101101101000111011
11001110010110000100
10110000000011000010
01110101000111001111
01011000011001111001
01101001100110000010
10100110001001000111
11101010001101011010
11100011101100010100
00101100100111111010
00111010111100010101
11101010100101101010
10100000001010010011
01010111100011110111
00000011011101000111
10010101111111011000
10001110100110100000
01000101111011001011
00110001010100011101
10001111011010000010
10111001110111110101
10001111100001011111
10100100011110011001
11001101111000011001
00010010001001001110
00001011101011000001
11011000100000110001
00110000100001001000
01110110000000010110
01011011101000000100
11001110011100001011
00100000110110111011
10011001011010011001
01110010111111000011
11101001110110001100
01000111001101111010
01010001001000001100
00000001111101010101
01010001101000011101
00011000101000010101
00111001001110010110
11001011100100010111
01010010001111000110
11110010101000011011
00101110100111011000
10101001000110111000
10100010111100011111
00000001101000010100
11101000010010000111
00101100011110101010
00001011101101010101
11110011001001101110
01000010110000101001
01101110001000101000
01110100101110000001
10101011001100110101
11001000110100011010
11100010010000101011
10001001011000001000
01100101101101110101
10100110100000000011
00001110000100100000
11000101000011101101
00110101101000101010
00000101001110001100
