20 127
10111010011011111110
11110001100001110110
01010100110011000111
01101010111101000010
10000111010000110100
01101010000110010101
10010110000101011100
10101110110011111100
11001000001000010111
10001110110100101100
10011001001110101100
01000101001010100010
00100000010000101111
10010111010110011011
00101010010000101100
00100110111100110101
00011101101011101111
11001010100001101000
01110110110100100101
00000100010100001101
01100000001101011010
00011111001101101000
01111000100001100111
01110011111001110011
01010000100000000110
10000100000001101010
10011111001010011101
11110100110010001101
10000000110111110011
01101001010101011101
01000101111001010010
11000111011001011001
11110000111111010110
00101110110011100111
00010000100110101001
10110000101111110000
10110001001100011110
01001111001010100010
11010001111000101000
10111001010111010001
10010000110100001000
00101011000011010011
00010110001101111101
11001001001100001100
01010001111011010010
00001100010010111000
10111000101010101101
00101110011011000010
10100110110101011001
01111111111011100111
11111011010011110001
10010011101111001001
00001111011001001000
10101101101011011111
10111011100011101011
10000111101000010001
01000011000001001001
11000001111010101100
00000111010010001100
01101100010010101111
11101110011101001001
11001001110001101100
00001101111011000010
01100101011110100001
00010110111001000001
11101111101000111101
00111101110000010010
01011010011011010001
11101100010011111010
00101000000101001100
11110001000001011011
01110000000011100011
10001100110100010000
11100011100100100011
01000100000101011101
10010110110110111101
01010100001011010011
10110001101111111110
10111001011111111001
00011010110100100100
10001011101010110101
10010010010100110000
11011010110111101001
11111100101110101010
11011101001000101000
11011000100011111000
10101010101101011101
11000101000000000011
00101011001000101110
01001001011110001000
10011101101101101001
00101100101110111000
10001110001110011010
00101101010110011001
10101101100110011000
00110111011011100011
11001101101110111010
10010000100011011011
10110001010101110111
00111110110100001001
01011001000011011001
00011100001011011001
10011101110100001111
10110101101010110001
10111011011010100111
11001010100000100110
01001001111000111011
00011101111010111101
10111101001001110111
11011001100001101101
00011010001111011111
00100000010100000110
01101111001110100000
11000011010000000001
11100010110101101100
10101001011100011000
00111101010100011100
01001111001000000011
11101010010011100011
11010000001010110000
11111101000011101010
10011010101000111110
01111101111010101100
10111111100101101110
11100010001011000000
01000011111000010000
01101101111111000110
