20 127
01010110111010001000
00001011000100011001
01100000110110000100
10001001111100110100
10010010101011011100
00010110011101100000
11101011000111011101
11010001111001010010
00010011110001101111
00001111100000000000
10011001101000110100
00011010100011000110
01111101100010011011
11111101010000011001
00100111110010010101
00101100011111110110
01010011011011101100
11101010011111010110
11010101001100110010
00001001111111011010
01100100000001001001
01010110001101100110
01010000010100010111
10111011000010101100
10101001110110011010
11101111110011101110
00101111001101001011
00000110010110111111
01001111111010000000
01111001011100011011
00001110001010010110
11111111101110001101
00110101111011111010
01011110000010111010
01011111011011001010
01001110010110100000
11001111001011100111
00011001100011000000
00101110000111111011
00100111010001100101
01011000011100000000
11001110110010001010
10001111010100101110
00100101101110100001
10011001010110100110
10010101000011111000
10110101010000101100
01101011100001111110
01000000100100110100
00101110100111111101
11111000011100111001
01110011110010110101
11000100011000001000
00010100110010110000
00100011110011011111
00001000100011110001
01011010110000001000
00101001111110100010
01111010011110100100
00100001011011011000
10000000111001100111
01100100100000100010
01010110100001100110
11100100000110110001
10111001100110001010
10010001001001010110
01100101101101100111
00100001100100111110
10001110100011011101
11111001110100110100
01101001011111001100
10011000001100001110
11100000010101001000
01100110001000011111
11011110000101000001
01001101010100110100
10000110001011101000
01000111100001110110
11010001110111101001
10100110111110000011
11110010101011010100
00111110001100001101
00001010001100101000
10111010010011101011
10110110011100100010
10000011100010001111
10000010011110101101
11000100101100011100
10001100010101111111
10010010011110101001
10101000010010101100
01101111111010000001
01010111111011010111
00110110101101101101
11110111001011111011
11110110001010100000
00111000011010110101
10111001111111101110
11111000100100010010
01000110110001101010
10000100001101010000
00000010001011100010
11001010000000110100
01000000010011100111
10010111110111111010
10001111001101001000
10000100110000010001
10110010111010100010
00100100011001101111
11011110110000100011
00000110101001010111
11001001110100110110
00011101000100011101
10011110100000011101
11101110100101111001
01101110001111110111
10100010111001011010
01010001011110000001
10010011101111110110
01010111001101110001
01110101011111000011
01010110110110000100
01000001111100010011
10101000111000010000
11010111101000001000
00000011010010111001
10011100101010101111
