20 127
11110110010101001111
01101101001010001111
00111111000100010111
01001111000100010001
00101011111000010110
00011010110111111000
00011011011010011000
00011110000010001100
10011100101001010011
00011100011100001111
01010111100001101000
10001011010111101011
11010001011100110110
10001000011111101110
10010011111110000010
01100010000010010110
00100010100111101010
00000001010111100100
01110011101110100101
10000010101110001001
00101100110001010011
01011110110010001100
00011100111000000110
11010101101011001001
10000001110100111110
11001000010101110111
01100000000000000101
00001000100000111111
11000100001110111001
01000011010110011001
11011010000111010110
10110000100101010000
01010000110100100001
10000100111101000111
10001011000110000111
11011100000101101000
11111010111100001111
11001111101101100000
01001001011000001011
10111000110010111011
11011011111111010001
00110001000001100101
00111000011010010000
01111101101111111011
11010100111011001001
01001110000011011000
10110000100111010100
10101000101100111110
01111000000101110010
00001110010110001000
10110000000010111010
00100111011111001001
11111100101100011011
01110000111101011110
01111000101001110000
01010110111100011001
10001101100010110010
11010011001000000100
00010001000100111101
11101011110011010000
11011101000001101010
00011001011110001110
00010010011001111110
01011001001000000000
01100101000000111110
11000011001001000000
00101000011000100101
11100011010000110000
11111101111100010110
11011101101100001010
01100001100111101011
10101100011010100110
10110001011110010010
01111101000000011100
01010010000101111001
00111101100010001000
10011100110010100101
01110101001110000100
11010110110010101111
10111100100111100110
01001100110001110110
10110010010010001100
00111100000111111101
00100011110001001011
10000101011001001001
11101000110001100010
01010101000100000011
00100010010001110000
11001101100000110100
00010010000111011000
10010010100010111110
11010100111111001110
01100100010000111101
11101111001010101011
01010010111010111110
01000000110010110100
11111100000110110100
01110100110011010111
11001101010011001100
00010101100000100010
00101011001010111101
10100011000011110100
11010011000111011011
10111110011010001001
10011101111101111010
10001011100111110011
11101100001010001010
10000111011001000010
01011100000010000101
00110110000010100001
11010001010000000100
10101000110011011010
10001100101000011000
11010001010000011011
11100100110001010101
00011000110100110010
00000010101101010001
00100110010101110000
01110011000000110100
11000010101001111000
00110011101000000011
10001001110000101000
11000010110101111000
11101010111011111101
00110101011011111111
00001000101101001010
11000111010110111001
