20 127
01111110100001111110
01010100000000111010
10001010101100101011
10100111111001011011
01011110000000011010
11111000000011100011
11111110011011011111
11110101011101111110
00011100000110100111
01111000000011011111
01100101010000100100
01000110100111001000
00101111000010101011
11100010011010000110
00100100100000100100
10001001011011000000
01101000011011101100
11111110110000101101
10001001100010010000
01111101110001011010
11000100110101100001
01001010111100101100
11000100010111110111
00011100000111111100
10001111000101000011
11101100010000011111
01110111001000011010
10001010111001100011
00011010101001101101
10101001100101001110
00011010100001011011
01011000010101111110
10111011010110111000
11010101010000111011
11010010010010110000
10100000000111111100
10010111000001110011
11011100001011011101
11111010011101110000
01100100111011001111
11011101001100010100
10000011110100011011
10010110110101111001
00000101001111110001
00010011111011110001
11011100110100011111
01001101101110111011
01010001100111001101
01111100110001100000
01010100100101010111
00011100110101010100
01000011111011010011
11000111101001110001
11100101101010001011
01000100001100000010
01111001110101010101
01001000100110000001
01101100111101101011
00011000111111000011
00010001110101110000
10101001101100011000
00010001001001001011
11001101000111011111
00010011111010001111
11000111010101000000
11110100011011010001
10000010010101001000
01011010010111011101
01100011100011011100
10001011001011011001
00001001011001111010
11010101010011001011
11101110011111010101
11011100010110010001
00110000011011001110
11100000101101111100
00011011110000110001
11001010110001100011
00001111100011000001
11011011000000000110
11111101110001111000
00111011001100010110
10010110001010011010
10111011000101110110
10111101110111111101
11011000001110111101
01011000010111000001
00101011011011010100
10000101101100000111
00100010100010110011
01110011101001101010
00011011101101010011
01001010100010000011
01111011011010110000
01001111010111111110
10110000110110111110
01101101000100100001
00100110010111111100
01111001111110011010
11000110100011011110
11111010001110110100
11011000111011011011
00110111000101001011
10101001000100011111
00100000110100101001
00001101111110101111
00010101111111101111
01001100011010010111
00110110110101010010
11000010101100111100
01111100010111010001
01011011011100101001
00000001010011001110
10011111101101010010
11000110000110101101
00110001110110010011
10000000000101110000
10010001000100101111
11010000001000011000
00010111100001000011
11110111011101111101
00010010100110100000
10001001011100110001
10100010111111010100
11001000110010000001
10000110110001010101
01101110110010011001
