20 127
00010101001110101011
10011111011011110000
01010001100001101111
01001011011110011000
11000101011000000001
00100110111010011110
01110111011010000111
01010110110100110001
11010100100111100111
10010100111101001011
10010010100011101111
01101101001000100001
00011000001111100001
01101001110010111001
11010110111000001011
01010111000001001010
01000101010010110000
10010010101010001101
10000001000100011110
01001111101001011011
11000110001011001101
00100101010100010111
01001101101010110101
00010001000101111001
11110100001010001010
11010111100011111100
11010100011011010011
00101111100010111110
00101100001111100101
10110101001101110010
00100010001010011001
10001101111110000101
00111110000001010100
00001111100100101110
01110010111011101000
10111010010011011011
10101110111000011110
01010101001101011011
01110101110000110010
10111100111001000100
01100110001011011000
01011111111000100000
11011011100111101100
00010101010111001010
00011100011010011101
01101100111011101100
11110100110011000000
10111000001000011101
11100110100111011101
00001001001101100100
01110111001101000100
00100101011111111000
01111001010110111000
01000111110000101011
11010001010111000111
00100110000101111110
00111110110010101010
00100001011011111111
00000010000111010001
10111100001010111011
01110010101101001010
00101010010111000110
00101000000110100010
10111001110000011111
00100011011100111110
10101000000101110100
10100110100100000011
00100110001110111001
01101101000010001111
10101010001110001101
10010010110010110011
01101001100110110110
10011110000110110111
11011011100011111000
00000010011011010001
10000100001110010101
10100001011101000000
10100111000110110001
00000100001011000110
00111001000101111110
01110111001100100010
00110001100100110011
11011111101010110000
10010100110000110111
11011011100111000010
00010000110001010011
00011100010110110101
00110000011011011000
11111100101100100101
11100010001111110011
00111111101001100001
11001000110001101110
01010011110010011110
01001110110001110001
10011010111111111110
11100110111101010100
01110101110101110000
00111110111000010001
01011001010010000111
10100100110110001110
10100101110011001011
01111011111101011111
11101110010111111000
11011000111111000101
11110000101111111011
11101110010110010111
01101110010101011101
11101011011110110111
11100000110100110001
00011000110011101010
10000001111011110101
01100111110110010101
10001001101001101101
00001100011001101001
11000001111101110011
10010001111101001011
11010100110100110101
11111001111000010101
10111111101011101110
01001101111000101001
10010010011100010110
10010111100010011101
01100110001100011001
01001001011011101010
00010000011001000111
01101000000100100110
11001101001111110110
