20 127
10100100001011111000
00110101011011010111
00000001111000101111
11110011000111110100
11100110000111010001
00100010100000111101
01110111111111110111
11101110000000000000
10010001110000110011
00110000010011010011
01010101101001101011
00101010000101111000
10000011111111111111
00101101001110001001
10100100000000111100
10100000111000111100
00001001000000011100
01011110100010000001
00001010011000011010
01100011001111111101
01110101111101001110
00100111100001110010
11000110101101110101
01010110111000011010
00111111100111100010
11101101010101100001
10110001010010011010
01101001100010111110
11111110111101110100
11010010011111110111
10010001001010001010
10111110010100011011
01111111001010100000
10101101011010100110
10001101010011000000
10100100100111010001
01010110111101010010
10111001001100010010
01100001110100011101
11110110101000101100
00111111000001000110
00011000111001010111
10110010001100110000
01110011100101001001
10100011010111001011
10011111101101000000
11100000011100011001
10101111001100010001
01001100010000111100
01011101010100100010
01010110100111111001
01111110101100111110
00101011010101101110
10111111101011010000
10101110100101111101
00100110000011110001
10001111010000100100
00100111011011101111
10100110000011111100
01000111101110110101
01010110000011110000
01101110001101101101
01001100011010100010
00010010001011100011
10110001000110011011
11110011001110010111
11101011100100101110
11011001000110111111
11111011111011111110
00000010000110000001
10110011111111001000
10010011110000001010
10111100110100111000
00111110100001101000
01110000001111001000
11011001110010100101
10100101001000011000
00000101000011011010
00000111000000011110
11111000111010111011
00111100100011110010
00001010011110001011
00011111010000100010
10110001000010101110
10100011101010000001
10110100011100000110
00101011101100010111
11101111111110010000
11001110010110010110
01111010001011110101
10000000010111101101
01000101011111110001
01010100111100001001
11100100111110110011
00000111000100111001
11011110010111010101
01111000010000101011
01001001100011100010
00100100110010111110
10011100000110101101
10110011110101100110
00111010000110001111
11010101101010011111
11000001110010101111
10001100011101110101
01101001011010011100
10100001101111100001
00011100000001001101
01001001010011000010
00111101101101111000
10001101000110001101
01001010010001010010
10001111100001011010
00110000101011010100
00111111100001100010
01000011001001100001
01111101111101010101
10000011001011100001
00010011001011001110
00000101010110101011
00001010101001000011
10011001011010110110
01010001011101010010
00001100111011001110
11111101000100001001
01001010111010010000
00000011010010111011
