20 127
00010011101110000011
00101001101110101111
01110011011000100000
10110011000111111000
00110011101101001010
00010101000011000110
11101001111011101111
11010101011110110000
00000001100110011001
01100011100000111001
00010011101100010011
10101101100101010001
00001001100010111110
00110011010100000001
01100010110100110110
11100001110010110111
10101010000110000111
01011110000101101110
01001010110001100110
00001111010111001101
00001010011100101011
10110000010001000001
01001011100010000001
00000100111110110010
10110111010000001011
00100001110111111001
11001000110110010011
10001110100000100011
00110010011011000000
01011000011010011111
11111100011111001001
00011110101011111011
01010000110100111001
01110101011111110001
00000101100010100001
00000010001100000100
11111001110000101001
01101100110000100001
00000001111001000010
00000000001111101101
10100100111001010110
00001011000111001000
00000001111110011011
10110011010011001001
00100000001111111011
00110100001100111001
01110011001111011101
00111000010000110110
10111001001001010110
01111010110011110010
10100100110001101010
10110110011000001110
00001011010101001111
00000010111101101101
00101101000111001100
11110010111111010000
01001110111101001111
00100110001110001101
00101001111010000101
00001000000000001110
10011011101110001111
10011100101001000010
11001100000001100001
10001001100010111010
10101010010100010000
01011111111101011001
11110010001100110100
10110100010111101111
01110110111110101101
00101000111111101010
01000010010011001011
00110000110101000011
10000011101101111111
10100110100000010111
01111001101011001001
11101010110010110100
11100001011011110110
00111100110100111110
01000001100101000101
00101111000001100010
01000101100100000111
01111000111100010101
00011010111110100101
11000110100001001101
00100000001110001111
11011111100111100010
01011110000101100001
10100000100011101110
11110011110111000000
01010001101000011100
11101111001111000010
01000011100111100010
01110011011110101100
01101001110010001011
10010001001000001001
10110100111001011101
11100000101101001101
00010011001001000010
00000110110111011001
10100101010111010101
10010101100100010000
01111101110111111011
11101001101001110000
10010110011001010101
11100001100011010100
11000100101111001111
01100101001000101011
10100001100010000111
01001110110110111010
01111010010001111110
11111001001111011100
01100101110101101001
10110100011110011001
00010010010111001010
11101011000001011100
10111000110110110111
11000001110101100000
11110001110100111011
10001101000101101010
01110101110011100110
11101110101011110110
11101100101010101100
01101001010011111100
01101011100000101111
10011100010001000011
00101001000000111111
11100110000110100001
