20 127
01011110001000101111
00011110111101110101
00000100111100010110
01111110110110010110
11101000001100011010
00110100001110101100
00110100100000011110
10111000000010011111
00010110100111111001
00001101101111101010
01110100011111110110
11010001001110000011
10010111110110010100
11001101101001111001
01001101100100011000
11101001111100011001
01011100001001011000
10101110110000111111
01111111011011000010
01001110011011111000
10110111100111111011
01100001110010011110
10011100011110100111
00100001100110000000
11101100110101011101
00110100110111101101
11001110110000110000
00101001110010101101
01101100111001110001
01101111111001110010
11110110001001010111
10111001000001000101
01001101110001011010
00011110001100110100
00111000010010101000
00000110010010111110
11011001010011000111
11100010111110100001
01001001010101111111
10001011011100111011
00101100011000001101
00010011101011000001
10100100000000111101
11110000000000100110
00010101010110011110
11010000100110001111
10010100101010000101
00110101001000100110
10101001000001110101
01110001100110010011
01110011110110111111
00110110010110010111
00110010010000001011
11111010111001110011
00111001011001111010
10100110111101000110
00011100000001011110
11000010001001000011
01001000011100101101
00000111010100001001
11101011001001011010
11101010110011100111
00101111011110000010
00111000010111110011
00010001011100101110
01011111011010001100
01110011011110110010
00000100001010110100
00001111010011110101
11011101000011110100
01010000111010101001
10101101001010010011
00000101101000111101
01111000111100010101
01000100101000111011
10111100111100001111
11000010010011100101
01011000100100101010
00110100101101011110
11000011111100001110
10000101001010111111
01001100100000000100
11101010010010110000
10000111111001100010
01010011100110011011
01111011110010100000
10110100001110011001
11000000000011010100
11000000011111100101
01011011101101001110
10110011011111011101
11011100111010101110
10001111111010111111
00110110001111110001
00010110010001100110
10110110101100110111
11111010000100001010
01001110000110011101
11100110001100110111
10111111111100001101
00100000000011110100
11000100011011001011
10101011100010010000
01111011000110100001
00001111000010001111
00110100001010001011
11110001010011011101
10001001101101001110
11100100100100001001
00100010101010000001
00010100110111010000
11000000100101011100
00001101011001100100
10011101000100110011
10110111111100000110
11001110100100011010
11111100011000010100
11100010110111000010
01110100011110110011
01100101110011000101
01101000011111110011
01110000101011000011
11100110000100110110
01100111110100101101
00101101101111000111
11010000010110011010
01100101110100101010
