80 127
11110101000011110001000111001000001000110010011101001100010111001001100001000011
00010101111000110110111110010100000101011000101011000010011010011101110000001110
11001011000010110011011001011111111010011100000010101100100111011110011001101100
10000101001011100011101010100001101110100101111110011101001101111001101101110010
01110001101110110101101110010001111010000101000010110001110000100001001001110110
10010010000000011001101010001011001011000110100001110110100011111000111001001000
01010100010111111101101011010110010110110101011000011101001000100001000111001101
01001000001000001110010100110010000111111111111001100111111010011101100011100001
00100010001000000100011110110101000011011010001110010110011110111111111011101011
10000011101100111110000110000111100011010010101000110101110110101010000110000110
00000000011110111110100100100110110100100010110010000111000010001110110011010111
00000101001101010101111100010111110000111001001001100000001111110011100000110101
11001000111110001101101100010111001111011011000000110101100011010011010000110110
00000101011011001111110101110101100010010001101010100010101001100111110111001110
00011100111100011010111110110111000110010010000111000110011101111110110100001101
00011100110000101010110111010011111110100110000000001110001111111000110000000011
11011111010010011011110110011001101111010011110100000010100000100000001111110101
11011100110011110100010010001110011101111001101100011100100001001010111101011100
10010011000111010111000100110100011100111010101110010110001100010110010001011110
11110110010100110010000011000101001111010001011101110111100111100001000000001111
10010001001001101110100001000100111010101111110001100111010011101100011110111010
01111111101000011100001100100110000111100100011000010010001110110101100000000011
11001010111111101100000111011010000011011100111000100010110101011000000010000011
11111110100011000000001101100101011111011110111000001001100101010001110110011000
01101110101111110000111000101100111110011110100001110001110111101011101010101011
01000101101111100011010111010101110110001011100100111010010110010010101011111010
00111111010000001010000111001111111000100110111101101100010111101110100010011000
00010010100110100101000001111111010101011011101010010111010101011001001101100010
11000100110100111000000101101011000000111010110001110010010011101011110010101000
01100011001000111110000110101011100111001010111111101001001011111000011000001010
00111010000000110001111110110100111011110100100111101001010010010000011100100000
10010001001001001010100101100100110101010110001000100110100100110000011010101000
11000101110000011011011111001110100001111001100111101000001100011100001001010011
00111010010110101101111011111011100101101111001011011011001010101101001000010101
10000111100010100000011000010010110010000010101011110011011110101101100111011100
01100011110101110010000001111000111000011010111011001000110000011111011101110110
10000100000001011010010000011101110111100011010111001100110101100111100010101011
10011101100101101001110101111000100111100011111110100111010110101101000000010111
10010010111001101110010011010011101110111100100001001100011101001000101111101011
01000111111010101111111011101111100111011011110111111001101000001100011100110010
01000001001011010000010000110110110010100010110011000000100000010100110111110000
00110100101101100100100110001101101100011111100110101000000111010110011001000101
11101110011010101111010000010101110000100111010010111011101000011101001100011101
01101010010000100101110111101111101011000101011011110100000001001101110111100110
00001000110000011011101000000000001100000101100110001011010101011011101010000001
01111001111010001101011000010100110000010000111010010111011110110101100110101101
10010001100010111111100000010011001100101100000111011100011000011100001011101011
11000010111101010111011001001001111011000100110101110001010011010110100100111101
00111110010010011001100100101111001010001000101101010010101111101010110010001110
11001011011101010011111111100011000111000010111111110001111010111001100110110000
11011100110011101101101011100100110001000001111100001000111100100000110011100101
00110100011001010010000010010010001011011110100111010100111001010100110101110001
00010011100110110000110000111100010110111010100000011010011110110101111101101010
00010000111011110110110001110011001000110010010011010100011101010111011110001111
11110111110110111001010101001110111010110011001100001100100110111011001111000001
11000011000101010100110110011100010101110001111011100100000010111010011010010101
11000001001000001101011011101011101110011011001000110101011010110011000111101110
00001001100001000011001110001101101010100001000111110010110101001001000011110010
10111000111111000110010001010000000100010111011101100001011011100110110001000100
10011110000110000110010101001101100101111011110110101110100001100010000100110011
01100011010100001111101000111110101010010111011101000000111001100011010000001010
01010000110001001101101111010100101011010111010111100001010000000100111111101010
10001011011100000111111000000001010101111110100110110000110010101111011110001110
10110101101001101010001100000010000101110011001000100110000100101101010010010011
00101101001100100111101001010100100101111100001101010001110011111001010100000000
11101100010101101011100000001010100100000100001001011000100100000001110101001110
00000010111011110110100010100001001111110111101111111010011000110111110100010000
00111100011110110110101101000010000001111101001101000111011011010001100110101110
00110000001110101101110110100001011000010100101010010100001110000001011110111011
11010111101011100100010111100110110100010011001111011101100000001001110011100011
01010110000001011110111011111110011101100111101010100100110001110010111011101000
01011110010011001000111110011110111000110011010110111010101011100110001000000111
01100111100011000011011100110011010101110010100011100101001000101000100001011001
10010110000011111010000000111111111001010011110011110010110101100001011001010000
10001100000000100100011011111010011011011010000000110100000001110011001010101001
01010011010001101001011001101011001100110110001000010111110010111101010111011100
00111011110011011101001110011110011011010000011111111111001101001111010101100001
00011111110100111010010110011110001000000110011010010011111101001011100111101101
11101010010100001010111011101011101010010110111011010101101001000010000010110100
11100110100100111101101110011101110001010001010100110010010111000101000000100101
10010111000000010101110110001000110100101001111101011111011111100110000011011111
00010110110110100001111011110100010110001001111010000111000110011010100000001011
10101011100011101110011010011110101010100000100001111110101101100111100101100010
01110001100011111101011011110000000010011001100100111011100101100000011100111101
00011100111000110001011001011101110011001110000100100101010100001110111100011111
11011100010010111110110100100111101111111000001110011110011110001000110101000011
00110001111111000111011011000001001100100010010000101011100000001011011011110010
10110101101101000010010111001111101010011101011011100011011011000101101000100110
10101010000110000000100101101110010111010110010010010001000011111001010011101100
10101100011100000110011100101011100000010110110011110001110011111101100101010001
11010100111101000010110000001011110111001011101101101001110110010100101011000001
10101010111001101111110001000001101010000010101100111001111010101100110001101001
00001001100101100101100010001111101000011111100110111001111101001100010000110010
01110011000001001011001001111010001011111111001100000100100000011011111101011100
10101110010101100100110100101001111010110101100101111101000101011111101111010100
01010110010011101000010100001011100101111000010010110100000010001111001000110011
00010101111011001011101010011100001011100110011010101010110100011101101110001100
01010100110010010111000110011010101110001101011010110100000101111010011011010100
10010110110011101110011100100000010101000011110000000010000100110000011011010011
11010000111101010100010010000011010001101101101111111010001111111100111100111110
00001110111110110111100100010000111011010001011111101110000111000110011100010110
11011010000100010100100111000110000011110011000110010000100000001010000000110011
10010011111000010001001110100001101100001000001101000101100111111010101010111100
00001011001111101101010111110011101011000110001010000000000100000110101011000010
11111000101011000101001011010100011100011100110000111111011000010000101100011110
11110110000001110000110001001111101000000011111110011001011101000000001100010111
10001111101101010001100111111001011101111100000110001001010011001000010100100101
01010100100001011010101111101000000100001000111011001011110111111100111100010111
11111111000110011111100000011101010010101011010111100110011011110000001001010001
00010110000110111011001110011000100100111010100101011100111010000010100011010100
01010000101111010110110001010100011111111110011011011100010101010010110110101110
11111100001001100101111110110010011100110111001111011000010110100111001110001111
00111001000010000101110100110001000100000011111000010111111010101110111101111011
01010100010101001000011110111110111111100010110100100110010101100001100010010000
10011011111111011111111001101110001101011001100101001000000100100111111101101101
00100000110001101100110111111001000010110111001101101100110110101110001011100001
01010100101100111010111011010000001110101010001001011010010010111110000001011110
01011000010000001000111101011100110011101100010111110001000101110100100100111010
00000001011000100110011100111011010010110011000110010010000010001110011100101111
10011111010001010011011111011101001000100110010000001101011101111000101111111111
00000011101100111111011110100000001101000011110010110001001000011001000001010000
00101010011000010111010011110101011110111100101000011101100101010101101001001101
01000111110011001001001010011000000011010000011011001010101101101111111001011001
11101000100010011101010110101100110011100100010010100000011110111110100011101100
10101001110010111100101100101010000010010001110100100000110000001001011111100111
00000100111010011101000000000110100110010011001001010110111101001111001100001111
00000101001101100101111110010000000101001100001000011000011111110010010001100100
