80 127
01010001110111100100100100100111100100110101001110110001010011111100011100000101
00111111001010100010101111100101110110011010110001010110010010000011110001001011
10110110101111110100111000001000111100101000010100110101010100000101011010111110
11111101011110100000101011000110111100011101100001111100100110110101010000111111
10011000101010101010101000011001100000000101111101101110100110001101001000111000
01000101111000011011001010110111001000111101100110011101011011110110110011010110
01011000000010000001001111100001111101111001001010111011101010101000010100110111
01011001110111100011011101110110101110101111100101110110010101110000001011001011
00100010100100000101010000001110100001011110000100010010100000110001000010100011
01000110001111010100000100001110101010111100011000110011000100000111100100100001
00101011111101100010011010111100110110111100100000001100001010011111100000100110
01101011111001000100001110111111101011001010010110100001110110011011011010011101
10111110011010101111111010111111010110011010110100010000010101111111000001011100
01000111100010111001101110111100000110001001111001101010100100011110001110010110
01001110011101100100110110110101110101011100100011001010000001111010001100101001
10111100101100111010011110100111100001110100101110001101101010011101001010101110
00100001010100000100111110110000101001111011011000000001001101010111110000111001
00011111111011010000101001100100100110111010010001000011001100001101101010110011
11111110000110010101011011011010010000101010010010100001001111011111110010010110
10001011101110011100100100010101100100011010110110101010011110100001001010001110
00111110011010110101111001010001001110001011100110001110110010011101010001011110
00101111111110001001110000010100000111011010100010100001111110100001010010101111
01001100101110001001010010011100010110000111001111011100111001100111001011100101
11100011111011001110111000111000010100011110110000010100111111111001101011001011
10100011110001101111100111101101011000101000011001001011101011100101011100000110
00100001011111110101101101111110010011011101000111111100001101111111011010000010
01010000110100110000010110010011110000101111011101011011110101011010101010100001
11100110101111011101000111001110000110101001100110000001000010100001101000011101
01001010001010001100010111101101110001011110101001111100001100110110100111000100
01101111111101111001010001101111110000111000011111011110001011000000100001011010
10010110111101010010101001001011000110000101010001110111000000100000110111010100
01001010011100100101010000001110000100001110011011000011111001110000101101111101
11100001110010101101100011111101001001000110101001000110110001101101001000001101
00111010100111010001110111000100001111000001111010000100011101010110111111100110
00110011111011101010001110101101010011101111111111100010101111110010001000001111
00011110101110101000010111010111110010101100111011110000111000100000011010110111
10100011000101111000110111111010111101001011100100001110110111011011111000011100
01010101101011011010100111011000001101100111110011011111000000000011100010101000
01100010001111100111111110110101100000010010001111011111101001101001000000001001
00000010111100000011111000101110000110101010001100001101110011011010110011011011
10100110000111010110001111000011010101000101010011111101101111100001010001000000
11010101000100101011001000000100000110100001000110010010011010111010000100001100
10000011001101110100101101100100111111001110011111000101000111100100101111101000
10011111101100110100001010011011101011011010101010011001011010010100010010111001
10101001000110011110100000111101001100111010101010110011111111000101011101001010
10010110000011000010001001011000011100101010011010111001001111001100001100101010
10001111110001001000011011110001011100010101101011111000000110111101111111001000
11010010011100010110100011101100010011101011100111000000001000101001101010110001
10000101010101010000010101000111001001000001001010111010011011101001011100000110
11111111100111110001100111111000000011011101010100111100001001011111110001101011
01110011000100110001110001000111010100111010000101010010011101000101111101100111
10110011010111100101110101100100000010100111100100101001100000011010000101010110
01100110101000100100011110011110010010111001111101011010000000101111011011110011
01101110111001101001111001101101101111000100111101100011011010000011011110111101
00111001111000111101010111011111010011001011101000001110110010111010001111011010
01100010101100011111011001100100000101110111010101000100110011010010001100110001
11011011101100101110010111000100001110001001101101000011011011100011001111101010
00110111110011011110110001011000111101010100011001110111101011111111000011110000
01110100111001100100101000010110001110100110000101001010100011000111001111110001
11111111000100101010101100010010111111010011011111111100011110111110110000000000
00110110110100110010110111100110001101010001110101000010111101101000000011110110
01101111101001000011011111110101110110100110100110001001011110100101010101110101
11011010011000001010101110100001111000000110011001011011100101001010101110010100
01000110011101010010011101101000010011111010010101001101110111000010100101101000
00011011000100111001011000000010111110111111010101100000100001010001010110101001
11101001010100001011001000011100110100011110001111100100000110110111011010101111
00011110010011100001101001001100000010101100101111001111000010000101011100010010
01011010110111100011001000110000000010101100000110110100101011111010101000000110
00110101011011001111101011101010000111100011011100101100001100001111001011100110
01101111000101011001110010110001111011110000101001001011110001100011010000011011
10111111110000100000110001100101000001011111111101101001010110010011001100100100
00100101100000100111011101000101110010100110100101110101110101010001000000101110
11101001000001111010111110111000011010011010100001000110100001000000110101001000
00000111101011011110010011010001101000101000011111011011010001011101101000101100
10100100010010110101110110111111110101100111110100010001101111100111111001101011
00010110000110001000010010110100111110101001000000011011110111101000101111100011
10100111100100100111110100001010100101011110101111110001100010101101100111110001
11110111001110110101101110011011111100011111011001101000110101011110111101110001
11001100011011011000111010010101111110101101000010101111110100011110001010011000
10011001010010101110001110000011100101000111101011010111100001100110001001100000
10100001110010000100000000101011110000111000001110101101110011010001001011100111
01111101011000101111001010010110110111111101001111100100101001001101010000000100
11000110101000000011011011111000010101011101011001001000000010011010000011101100
00101011100110111001110000101010000011100010001011000110011000111010110000010111
00011110000011010001011001100011000001101001000011010101010011001110100011001001
10110111101101000011111010110100001100100110100011101010010000011100000100010011
10110100001110011010010001111011111110011010010110100101110110010000100100010101
01001001000010111100011110110000000011010101000010100011110100101101001110110010
11000100010111011111010111110001101101110101011010001001011000000100000011001000
11010000110101010011011111111000100011100100001111000110111111100101110000001111
01110000101000011110000111000101001010000111010111101100100100111011111000100001
01111110000010011011100001101100001110000000001110011101010011010010101100010111
00000001110111010111110011111110000100111011111111011100101101010110011000100001
00001111010100000111110101111010010110010001001011000110010111000111100010001011
01001000001101110100110011001110100001100001101100111110110000000110101101110100
01100000011111110001001111111110111100110011000100011010011001011101001100000010
10010011111010011001100010001001000001010111001001110001010001111110001011101100
00010111001110000110111100001001001111000001101000001001010110000100100000001000
10001110101111000010101000010010000101100000010010000100110010011010010011101010
01111001110011010111010011000011000100100011111010011010000100100110100001011010
00110101111111111001010010110010000111010010110110100111110100001011010101010000
00001100010100001010010101001011000011010100011010010011010001110110001001000101
00111100110000010100001001010011100000010110111000101011111110000011011000100011
11001001000101111000001110011001000111110100000001001110101000001110010110001000
10011000111110011100101101100010100110000100101010010100010011111010010101101000
01001100101100101101101110001100001101011110001001101011110100101001010001110100
00101011110001011110100110001011010100111110111010100100100010000000100010011001
01100111111000000010001000000111110111101110001101000111011010111011100101001011
01101101110011101110100101100110111110111000110000111011101011010100001100011101
10110111011111000011000010110110011110111001101110001100111101111010100001100001
11110100010100110101010011010000011100000111110101100010100000100011111010011111
00000011100000010111101000110101011010000101101101011001111110111010100010101100
10010111110001110110001111011110010011110111011100110100110111010000001010000011
01100001111110011101101010010010100010001010010101000001111000101101100010011111
01000000100111110111110100010011010111111101110100001011010110101010101111010101
00000011101101100000001000000110010000011001110011100100101111000110101010000101
00110111001111110011000101011111110100001100010110011110010110100110101001000001
01010010011010010110010010110000010001000010111101010101000111101111001011011111
00001001110001101000001110111001100100000000000101011111111011111010100100000010
00011001101111101011100010001101100000010010110101111111001100100100010110000010
00100111111011100110111100100000111111010011100111000101001111001111101111001110
01000111001110010101110101111001000100011010000100011000001110001100011111111100
01000011011011001101000111010101110110110100110101000100100001000010100011001101
10011101001100010100010001010010110000111011101011000110000000010100010110000110
11010111110010101001110011001100100101001010101000111011001001010111110000000100
00011100001000110010010000001101001010111010011111111100111111100110010011110111
01110111101110001111000100100001111111010111001001000011011000000000110101010011
