80 127
00010101001110101011100111110110111100000101000110000110111101001011011110011000
11000101011000000001001001101110100111100111011101101000011101010110110100110001
11010100100111100111100101001111010010111001001010001110111101101101001000100001
00011000001111100001011010011100101110011101011011100000101101010111000001001010
01000101010010110000100100101010100011011000000100010001111001001111101001011011
11000110001011001101001001010101000101110100110110101011010100010001000101111001
11110100001010001010110101111000111111001101010001101101001100101111100010111110
00101100001111100101101101010011011100100010001000101001100110001101111110000101
00111110000001010100000011111001001011100111001011101110100010111010010011011011
10101110111000011110010101010011010110110111010111000011001010111100111001000100
01100110001011011000010111111110001000001101101110011110110000010101010111001010
00011100011010011101011011001110111011001111010011001100000010111000001000011101
11100110100111011101000010010011011001000111011100110100010000100101011111111000
01111001010110111000010001111100001010111101000101011100011100100110000101111110
00111110110010101010001000010110111111110000001000011101000110111100001010111011
01110010101101001010001010100101110001100010100000011010001010111001110000011111
00100011011100111110101010000001011101001010011010010000001100100110001110111001
01101101000010001111101010100011100011011001001011001011001101101001100110110110
10011110000110110111110110111000111110000000001001101101000110000100001110010101
10100001011101000000101001110001101100010000010000101100011000111001000101111110
01110111001100100010001100011001001100111101111110101011000010010100110000110111
11011011100111000010000100001100010100110001110001011011010100110000011011011000
11111100101100100101111000100011111100110011111110100110000111001000110001101110
01010011110010011110010011101100011100011001101011111111111011100110111101010100
01110101110101110000001111101110000100010101100101001000011110100100110110001110
10100101110011001011011110111111010111111110111001011111100011011000111111000101
11110000101111111011111011100101100101110110111001010101110111101011011110110111
11100000110100110001000110001100111010101000000111101111010101100111110110010101
10001001101001101101000011000110011010011100000111110111001110010001111101001011
11010100110100110101111110011110000101011011111110101110111001001101111000101001
10010010011100010110100101111000100111010110011000110001100101001001011011101010
00010000011001000111011010000001001001101100110100111111011010001111010001011011
01011011100010110011011101101111011111011001001000001110010000011100101000110001
00000000000000010000011000000000111110011110110011010100011010011110110111000111
00000100110011010110001001111111010110000111111111001110111010100100111110101010
11101101000010100001000111011010000011001000100100110010011010100011110001000010
01111111011001011100111010110110010100010011100001100100111100110001010011010101
01110011111101100100010000011110010100010101101000111100101010010011001101100011
10010001011000010010001111101110011011110101101010111000100100011010011111101100
00001100011000100110001011001110000101000010111101101010001110110110101000110011
01100011100111001000101011010001110010000000011011010110000010110001110000110100
00100000101010000100101110110000011011010100111110000001101110010001001110111010
00100010100010010001010101001011000101010110101010001011100110111000101000010100
00000111110000011011110000100101100000000001011001100011101010101100100100011100
10011111110111010110111101100000101111100011110011000100111111011010011110000000
11100010111111001000011001000010100111100111011001001001111110100000110010001000
00101011111110111110011011000111010110111010100010110110011111111110101011010000
01001111000011110110100111001111111011100001111111010100100101101010001100000001
00101100110111011011101100110011101001110110000010011101110011010101001111110101
00001000010110010001001111110111111110110010110101011011000101100010101111000011
11000111101111000010010011011110110110111101101001001010110101000000011101111000
11101011101011110000100001001001110000001101001010101111111100111111000010110110
11101100111111001001010001100001110111100100011111100101010010101010100101011101
11010010110110101101010000011011101100001100001110111011101110011000110111010000
00001011011111010000001101110111000101011000111111110101110111110110001010101010
01001000011011010101001101000101001111110000111010100101111010100110111000100001
11011100001101000110000010000001100010001101110100110110010001111111000101011001
11001011010010100111100101001111010111011011000110110011100001010111111001000010
01011000001111000101101101001001111001001110110011010000110001101101011111110011
00011011001001101111110011110000111111110010101111110111010101000100110010110111
00101001001011101101100100111101110011111101101011010110100000000110100110001111
11001000100001101101110100000111011111100101110110001101010110001010101011000000
00100110110101010100100011011010010111110101110101000100001100111111111101010011
01000001011011001101100001010101011011110010001000000000001010111011010100111010
01111100011010110101010010101001000101011001001000011011000001110101110110000001
01010001011000001010111100110111010000001011101000111010010010000110000110010101
00100100110101000100101100000001111111000011110100101100110001101101001000111000
01011110001000110111011001011100000000101111111001001100010010001101100001010111
10010011001000101110110001010110111000010101101100110001110010111000110110111101
01001011100110101001111101101100000101101001011001001010110001110011000010110001
10000001111001110111111010000101111100110011010100001000100111111101101100100001
11100001111010100111011101100111011110110011100000000111000001010110110110000110
11100111101011011000110000001010100011000000001111000110011011110001010010000010
11001101010100000011011010011101010001011010010101110100001000111110000010111101
11011101111110101010110010101111100100101101110101001010000101011101011110010000
11110101101100110111001001111010010011110110110001111011100100001001110101011100
01110110010110100000110101010110111110100100011011001000100001110000010011001011
01001011001001011110111011101011101101011110100100001000111010110110101010010101
10101001101010010100001010010011110101011100011000100101110101000101110001111001
01011100000100010100011110101111110011011000011110101000001001111000011111101111
01010111010100011101010011100011100011011110010000001100110010011111110101001011
01010010010001001100101100010110010010000101111010111111100010101000111001111011
00111010100111011111001111010110110011000001011111110101111111011000011000000011
01101010100110010001000000111000000011100011001111010110011010100001001011011000
01101010001101010001100011010001000110100000100010111010011110101111011010101011
00010001000111001101000101101000111111001110110010000000110110000000010011010111
11010101110001101010010101110011101000110101101101001001111010011101110011110100
00011010001100111111110000110000110001010001101011100001001100100110111110110001
00001010101111110110000111000010100101101010001000010100101001110011101010111010
01101111100101111111001100111000001110111011011101011110000100111100111011010110
10001001011101000110001001011111101001011011111110010010010100011001110010111001
11110111010101111111100110111011010000111101100101000100101101000111110001010000
00001011110110001010000111001011010101001000001001011001110111010000110001101011
10000101111110010010010001000011000111101010011101101000010000001011110010110100
11001000000010000011111001101011111110100010010100111010111010011000100111100000
10101010100100011011010000110001000000101011111000010010111101111000001001001010
10100100111101011100001000110001100100000000111001001101101001101010100100010011
11001000110011010010010110000010011000001110001001001111010111101011011101111100
11100101110011111011010111110111000101111101001101100011111101001110011110101011
11101101011011101100101010110100111100100011100011011111110110011111010001011011
01011010111111010001010001100010001001000011011111101110011011000001010011111101
11111001010000000110011010011000000100000000000011001000000111011011100010000101
00011101001100000001001111101000000100011001011000001001110100100011111010110110
00101011001101000111001101000000010011111111010010101110111100111011001111000001
10001100001100110010011000011000110011000011000011100010100001111100111000011100
00100101000100101101100111111000000101110001001111000011000100101010000011101100
11110010001110100100010111100001010000011100101010111000100100100110100010111100
01011000011000101010000010001010011101010001111010100001001110001000001101100000
01001011010010111101010100110001101001101001110010100101011110111011101010101010
10011010000110110011000100011000110000010110001000111011000111110111000010111111
01100001100000010011010010100100100011100111100101000001001100000011010000010101
01000110100000011010000001011000001101101101110000001001110000110001001110101010
10100011011100000000110100100101001011001111101100100110100101000001111011111011
10101010100101000111110011000110110001000001110001011001100001111000001101111011
11001010101000000110010001101011111001101111010111100101111011001010011001011101
00010110000111011001100100010101110001111011110110111110001010100111010010110000
00100100010110100011010011100101111100010110001101110001111110011010101101000011
11000001001100110100100010001111000100101001001001101000111010111111111111100000
10111010010111100100100000001011011100001011101010100011010111000000001000001010
01111101110100011010001111101110010001100010110111101010000110101011010100100000
10000100111111100101011001101000011001101011001111111000001000001110001001101101
00101011111000000000011000000001011110101111011110001111100011001011011011011010
01001010001101101011111111000110101110111100111111011111011010011111001000011101
00000100100101111011011111101110011110101011000000111001110111100001001110001011
00101001101010101111001100001000010110101100000101000100111010000000101100100111
01000100110100000110000011000101101011011101101001100101100110010001010010100110
00011001101011000011101100100000101111110001000001111000110101010110000111001111
