80 127
10010000101000101010111010100011101111100011100111011110001100100010011111111111
11110010101000001111000001001110101110010111111000000010101000110110110001000101
10001110101101101001011010001110110111100011100110001101111111010011100100100100
00011111001010111001101111100100011110011111111010111011010010010010101010101001
00001111101000100011000110011100101110011110010110001110011000001000111011111100
00101101010011000101111111100101011100011010110100010000001001000100110101000011
10010010001001000011111111000010000000001001101101010010110101000101011110011110
11011110110000100001010000001110101110010110100001101111100101001111111001100100
00100101101111011100111011110101110011101001110101110000111101010000100001101001
10001000001011110010011010001011001100001000101111110111000000110100000010000000
11010001100100110001000001101010011011000001000011111000110000010001101010110001
00110000001001111101011010110111111000000000101101011110001110000001110101001100
01111100010000010111001100111001100001000111111001101011111000000001001100101111
00100011000111010010011011111010110101010000011101110011110001100001110101010010
10001101011011001001110001011101110011010111110011001111010101110110110000110100
11101110010100011011001000001110011101110110110110100011101111001110010110000100
10110000000011000010011101010001110011110101100001100111100101101001100110000010
10100110001001000111111010100011010110101110001110110001010000101100100111111010
00111010111100010101111010101001011010101010000000101001001101010111100011110111
00000011011101000111100101011111110110001000111010011010000001000101111011001011
00110001010100011101100011110110100000101011100111011111010110001111100001011111
10100100011110011001110011011110000110010001001000100100111000001011101011000001
11011000100000110001001100001000010010000111011000000001011001011011101000000100
11001110011100001011001000001101101110111001100101101001100101110010111111000011
11101001110110001100010001110011011110100101000100100000110000000001111101010101
01010001101000011101000110001010000101010011100100111001011011001011100100010111
01010010001111000110111100101010000110110010111010011101100010101001000110111000
10100010111100011111000000011010000101001110100001001000011100101100011110101010
00001011101101010101111100110010011011100100001011000010100101101110001000101000
01110100101110000001101010110011001101011100100011010001101011100010010000101011
10001001011000001000011001011011011101011010011010000000001100001110000100100000
11000101000011101101001101011010001010100000010100111000110001100001110011111000
10000100110110010111010000110001001010111010111101001010110111010101111101010011
00111101100010110000011011111100111000011100010000011011100111000111011101001100
00110100000000100100101000100011101000010101000101011010110110110010000000010010
10111111001010111110001000010111101000000101101000011010101110011011001011110010
00011010111010010000110010000011010011001110010011011111000110010011011010100100
00100011110100100110110100111000101010101111101101000100100101011001001001000111
00010110100000101110010111011111111100001101110100101010110010101011001110111101
11100101111011100001101011011110011111000101010011110001010100110000110000000111
10111111110100110011111000100110011000010001010011010011110100100110111100100000
10110111111010001010101001010010001110011000010001010111010111111100110001001011
01101001010101110100001111101011110100000110011110001101011001000000111001011001
01101101000101010011000011001010101010100100011000111011010111010111011000011001
00000111100010001101110110001111011111000000011100101101111101100110111110100000
10101011001111111001110100011100110011001101101010001111111110100000101100101110
11110010011011000111001001101001001101101001001100111110110010110001011100000011
11000010011001000101010001110000010110100000001010110111010100100110101111010100
10011100100110101011011100011001110101110100100100110101101001101000011011011111
11111000111001110100110011010011000010101100010110110100010100110001101100010001
00010101111011101011101011111010100110111111011011101000111010011001001101011101
10111001000000001010010101111010011100000101000000000001010111001111111000110001
01001001110000100000111011011010111010000101110010000001000001001100000001100001
10000110001010001011100011010010101101100010100000001000111110010100110001110010
00101010101111101101010000111100010010101010000001010101001010100000111001101110
11001111000101010111000001111101100110000110001111001100001101001110000011101100
11110010001000110101110001010000110011110011101101011111110011001000100011001100
11001111101101100100110101001110110000000100011010101100001100001111100100001010
10011001110000101000100110011100011101101010100010001111010001010000110111111001
10011010101110000101011100101100010101010001101010001000110110010000001010101001
00000101101101100001000011010000100010101011101001110001110111001001011101111000
01000010100001110000101110011111111011100111000110010100001111011100011011000011
01011010000111100001100001100001001100001000111101010011000001110100111110100110
00011011100110100111100010000111100001110101011010001011001110010000100100101101
10001001100001001110000011011001001111111100010110011000010010110000100100110001
01001110110000010000000100011101010011100100010011111001010010111101000010011001
10100110101010101111001101011001100100110000100100000100110000100000001111100110
00111110000100100010111101100111101000001011001000111110100011111100010110000001
01100101100110010000000101100000011111110101000100011011100100000110100001000001
10101001101100100000011001110000110110001010101001000010111101010001111110111100
11000010001110111000100000000000011111011000111010111101011100011111101000111011
01100100010101011100011010001000101000110000100111011001110011111111100100000110
01001010001000100100010110011110011111000001000110000110111111010110111101110011
00101111010100101011001001100011001111111100010001011111100000110100111000001000
11010110101011001110101011000110000011000010011111001001010111111010111010100110
01001011101110111011101111101000111011110110101010110111011010100010111100101111
11010011100000011101110101111110100011111110001101110001001111101100111001101111
10000100010111110110101110110110011110001101100010100101101100010110101100001110
11010000111101010011000011101010101010011100101001011110100010101000010111101111
11100111101010111111101001010110100010001010000111010101011101001110010011101110
00011011111111010000000000101001000001110101011010100011111010001010011101100110
11011001010110111001001000111100101100110101101100010101010010110111011010001000
10100110101100010110101001101010110101011011111011010111011011101101011101110110
00110100110110010101101010001011101101000001001111100010011010011110101100111000
00010001010110100110111111101101101010110111101001111100110100010001001010010001
10100000011010010011100110000010011000010001110111111111001000001111111010010000
10110110110010000110010110111011011110000111100100100011100110101101111000101100
01110001101001001001101111000010101101000000100110011001011101001110111001011000
01110011000110001101110100110010100010111011111100101001101111101010101100101010
00010100110000010111110111110010000111101110000010110000001010100001011000110101
10010101011100110001001000011001100001011101011100000011000101000010000001010010
01001101001011001110101101011000001101110011000001111010101001110101011111001100
00111000010110001101111001101010111001000100010100011000000110111101101010001000
01010101110110001110011000001011010000111111000010010000110010010011001110110100
11100000101010011011001111111110011010010000100110100011010001110000010000010001
11011001111111001100000011110001000100011011101010010000011011011111110111001010
00101101001000101000000000011100001100111101100011111101000000000010001101101001
11000101000000110111100100011000010001011101001001100011101011100011101011011000
01110111110000110010010100111111000111101000101001111001011111010010111011111010
11000000101111000101001010011011110000100001111001111000111110111111110111011101
10010001000100101110010010011001010000001001000101001010011011111000001111110110
01010011101001000101111110101101100000110000101110001111111001110011100011110100
01100111110110110001110110001101110011100100111011000100101001010101011110110100
00001111101011001011000101000111010011100011000011010011101101101000100100100001
00101101100010001010010111111100101000010100100110111000110011111011101100010010
11011011010100011111011111101010110101000100110100101010100010111011000001011100
00001101110110000001100111100111011111011111010000100101100001100101010011100010
00111011101001010100010101001110111010000011011100010101000111011010011000011010
01110100000011000010011100110111000001011110111000100011000010001110111110100001
01101000100010010111101010001000110111100001110001101010001100011000100100010001
01011101001001110101010011000100101000111011101110110011110000000001111010110100
01010001011111011011010011011001111010100101111101001000000111010000001100011010
01001101101000000100110101001001000011111011001110000111110010010011010001101001
00001101010100111000000110110100100110001101010011111100100111000100001111110001
11010110110000010001110110010000101100110101000010011001000001110100100001111110
01001100100010111101100111011011101100011010100111001010010011011011111111110011
10100101011101001110111010101101111000111000101010111100000011000001101110010010
01100000011001001110011000100000100000011111101011110001010011110111010110110110
11101100000001101100000101111101011000011110001101000101100011010011010011110111
10110101111101001001000000111010000100110101100001001100111001010111011110010110
00000000000111111001000100001110001101000101010011000100110111000010001010011100
00110001010101000111000010101011110010101110010110110111100110101001001110000001
10101110000010000111010111000011001000011010101000110101100010110110000111000101
01011101101010110101010000111100100010001110100010010011001010011100101001101100
00110100011100101000101100110011000011101000111011000010011011111101111101111000
00110101000010010010011111101000010110110100001001011011101111101111101101101001
01100100110100000000010010111011001010011001110101101101010011001001000111101011
