80 127
01111110100001111110010101000000001110101000101010110010101110100111111001011011
01011110000000011010111110000000111000111111111001101101111111110101011101111110
00011100000110100111011110000000110111110110010101000010010001000110100111001000
00101111000010101011111000100110100001100010010010000010010010001001011011000000
01101000011011101100111111101100001011011000100110001001000001111101110001011010
11000100110101100001010010101111001011001100010001011111011100011100000111111100
10001111000101000011111011000100000111110111011100100001101010001010111001100011
00011010101001101101101010011001010011100001101010000101101101011000010101111110
10111011010110111000110101010100001110111101001001001011000010100000000111111100
10010111000001110011110111000010110111011111101001110111000001100100111011001111
11011101001100010100100000111101000110111001011011010111100100000101001111110001
00010011111011110001110111001101000111110100110110111011101101010001100111001101
01111100110001100000010101001001010101110001110011010101010001000011111011010011
11000111101001110001111001011010100010110100010000110000001001111001110101010101
01001000100110000001011011001111011010110001100011111100001100010001110101110000
10101001101100011000000100010010010010111100110100011101111100010011111010001111
11000111010101000000111101000110110100011000001001010100100001011010010111011101
01100011100011011100100010110010110110010000100101100111101011010101010011001011
11101110011111010101110111000101100100010011000001101100111011100000101101111100
00011011110000110001110010101100011000110000111110001100000111011011000000000110
11111101110001111000001110110011000101101001011000101001101010111011000101110110
10111101110111111101110110000011101111010101100001011100000100101011011011010100
10000101101100000111001000101000101100110111001110100110101000011011101101010011
01001010100010000011011110110110101100000100111101011111111010110000110110111110
01101101000100100001001001100101111111000111100111111001101011000110100011011110
11111010001110110100110110001110110110110011011100010100101110101001000100011111
00100000110100101001000011011111101011110001010111111110111101001100011010010111
00110110110101010010110000101011001111000111110001011101000101011011011100101001
00000001010011001110100111111011010100101100011000011010110100110001110110010011
10000000000101110000100100010001001011111101000000100001100000010111100001000011
11110111011101111101000100101001101000001000100101110011000110100010111111010100
11001000110010000001100001101100010101010110111011001001100110100101111100010100
01111001110011000011001000111001000101000111101100101010111101100010000110001010
00110000111111101101111110110111000000000001100100010010100000010011101001011110
00000011111001101000011111000100100000000000100100000001111101100100010010001011
11111000011001111011011111001000110010110111101111011011001110101011000101011111
00110110001111010110111111110100110011101011001011000000011101111011001100010110
11010000000011011110001110110010101100010010011011101111001111100101100000101101
01001110011001000100100001010010111100011001011110011011001101110000111100001101
01101000100010100010111110101101100110000101000001110100001110001010010100111111
01100111000011101001010110100101010000111100101000011111010100001011100110000001
11101010110001010100110110011001001100011101010001000110100010111000110001101110
10111100011111000011100111100010011101101011001010101001101100001100100101101010
01100010111001101001010100010011111110111001000001010101010100010001111000110101
01001100100101100110011011010100100011111010111101101010101111001100100110111110
11100110110100110000110101010000011101101011010010001011001100010000010110010100
00000111001011111101101100000100010001001000011000100001110001000000100100000100
10001111100010000010011111000011000110100101101001010101011001110010110101000101
00011100111010000001000000111110000011100111100000000011011110110111000001011011
01111001010011011101001100100111111101010101101010111001011010010001100010110011
11100011110111101110011100010000110110101100101011010010001000100000010111000110
01011110111000110100101101110110110010110001011100100101101101010001000001011110
11011011110110010101101110100000000000100010111011011100010010001000000111010000
00010000000001100110011011101110001111001110011100110110110101001101100011001100
11101010011100110100011110110011011011101010100001000011111010101000010100011000
11010100100000001110111111101010100011011000111000110111111011011001110111101100
01101011110010000110000111111110010010110110001100100011010111011010101110011001
01001000010101100000011011011110110110111000101000001001010111101001101101101100
10011101111001010100000100110001101010101100110110101110111011001100101110100111
10010110100100001110101101011110000111101101110010111111001110000110110010001011
00001111010110101010010101011101011110101011010000011001001000010011001010100101
10011110010101100111111110111011011111110010000111110011100110100101111010101001
11010001101001001101100001101011011010000001101100110001011111101001010011010011
10101000010000000100001000110001111010000111011001100110001100111001001001101010
00110011001110011001100000111101101010111111001100111000110010010000110000101100
00100110011100011001011111111001010100010100010000001101110011001001111010110010
10101011100101111100100110100100010010001101110001100001000111111010111011000011
01010111101100000101000010010010111100011001110011001111000010110001000101110001
01101000000001100110000111000100101110001111010101000001011011111100011101101100
00110110101110010111110100101101011101101110110110000000011100001111011110111110
01100010101111010001111010001001100001110001100011000111011101000001101110010110
10101101100100110001100001100011110111111101100001100110101101000111011110111111
00010100111110011000010001010001100010111010010010100100010100001110000100100001
11110000010100100101010111010010001100000001001000000000000000111000011001011000
10110101010011111000110011001101100001000000100000011001101111101111011001010001
00101100011001000101110101000011000010111000010111000100100110110111111111110011
01101011100110100001110110010000010001110010101110100101111000000000100101001000
11100000000000011110101001101101001001000110101110111100010110001100011010101000
00100101111011011011110101011010010001110010101111001001010100110001010010101111
00100101111010011101010001100101011100000100001100011101010111101011101110000000
10001110011010100010010011000010010010001011101100011101111100110010101001111011
10001011100110000101001101011001010111100000111111010100001001001011001101010111
00010001001110111010110100010100100001000110001000011110001000010110101111111011
00100000110111110010011111100101111101000100010010011110000100000101111001100111
11010100000001011111001100111000110010000010101001100101100010001010101011010011
10101110111010111000110010001100000000101101110110011011101100011101001111010001
00111111111100101111000100101110010000011101111110001011010000101000110111010001
00010101010000111110000010110010100101101100100110001100101110010001011110011101
00011111001001010001101000001010010111001100100010000000111100110101010010001011
11100101010100111001001011001101011101001011101011101110100011001101110001111110
11000011110100111100000000110111001000101101100100101000111011110100101010111011
11010110110100011100011110010100110011001010000101010000110001110101010101010000
11000010001101100011010011100111100001110101010100001111100001111011100010001100
11001111111111000101110101100011101101101000100101000100100011000000000110100001
01010001110010100100010111000000011100010011000100011110100000011101000001000101
01100000010010010110001111001110101001000000101111001101101011000111001000011011
11110010110110110011110101001000101110000010111001010001110010001000011010010101
10001000011010111011101110101010001010001110001101000111010001100100011110110011
00111111101111010110101110000011001011011101010100100000000101101001100011101010
10111011111100111011111001111011001010101001000001100011010001101001000111011101
11110111110000110101011000100011111100111101111110010101000100001101011001001100
01110011101101011101111111101101011011010101001110101110001101110111110011010111
11110100101101100100101011001001111011001100101000010110111100010101011101111010
00001011110111100011100001110110001111011110111110111110101011111011011110111000
10101011011000100100111101110010100001011010111101111101110011111100010001111110
10000011011010100110101001110001110000101101001001010000010010001101100011011101
10111110000101101111110011010100100111100101111100110001110011010010111011011110
11101000110000101011000111101110000011011001110110101001101010111010101100110010
01000001011101101001101100100111010110010010110000111000010010001001100100001010
01101110111011011111110101101110100000010001001010101010000010011000010101110101
01111001000100010001100001101111001110101000000101101011111010110100101000000101
00001001010111111001001100100001011001001010010100101111110011001010000100100010
00010101001101011011111010110010101110100111111011000110000100000100110010000000
11010100001010110001010111000101001110011001111110001101000011111010010101111100
00000010101010111000110111110101111011010001111101010100001011010011001011111011
11010101111110010101001100011111111101001001000101110101100100000000011110100100
10010001110111010011111010000110010000010111010001111100000101101001010111100111
10011101101101000100110111011111110001111111011011011100001110111010001101000111
11101001110101110011011001101010001001010111010001010001001010000100100111100111
00111110001011001111001000111111111011011011001111100000100000010100000010101110
11000101100101111110111101110101100100111001101100011010100100111000111100001010
01100010011011100000100010111001000100100111110100001101010001001111111110010101
10010100011000011101101111101001111101110000101100111010000100100010100111100001
00001111100000010000100001010100000010010011101111000010110001101001001011010011
11000000011010110000110110110100110110000100011101000001001111100110000010110111
11100110001010010010101110000010101101010000000010110100011111010000110101101110
01111011001010000001000000001110000100000010001000011010001101011001001001010100
