80 127
01010110111010001000000010110001000110010110000011011000010010001001111100110100
10010010101011011100000101100111011000001110101100011101110111010001111001010010
00010011110001101111000011111000000000001001100110100011010000011010100011000110
01111101100010011011111111010100000110010010011111001001010100101100011111110110
01010011011011101100111010100111110101101101010100110011001000001001111111011010
01100100000001001001010101100011011001100101000001010001011110111011000010101100
10101001110110011010111011111100111011100010111100110100101100000110010110111111
01001111111010000000011110010111000110110000111000101001011011111111101110001101
00110101111011111010010111100000101110100101111101101100101001001110010110100000
11001111001011100111000110011000110000000010111000011111101100100111010001100101
01011000011100000000110011101100100010101000111101010010111000100101101110100001
10011001010110100110100101010000111110001011010101000010110001101011100001111110
01000000100100110100001011101001111111011111100001110011100101110011110010110101
11000100011000001000000101001100101100000010001111001101111100001000100011110001
01011010110000001000001010011111101000100111101001111010010000100001011011011000
10000000111001100111011001001000001000100101011010000110011011100100000110110001
10111001100110001010100100010010010101100110010110110110011100100001100100111110
10001110100011011101111110011101001101000110100101111100110010011000001100001110
11100000010101001000011001100010000111111101111000010100000101001101010100110100
10000110001011101000010001111000011101101101000111011110100110100110111110000011
11110010101011010100001111100011000011010000101000110010100010111010010011101011
10110110011100100010100000111000100011111000001001111010110111000100101100011100
10001100010101111111100100100111101010011010100001001010110001101111111010000001
01010111111011010111001101101011011011011111011100101111101111110110001010100000
00111000011010110101101110011111111011101111100010010001001001000110110001101010
10000100001101010000000000100010111000101100101000000011010001000000010011100111
10010111110111111010100011110011010010001000010011000001000110110010111010100010
00100100011001101111110111101100001000110000011010100101011111001001110100110110
00011101000100011101100111101000000111011110111010010111100101101110001111110111
10100010111001011010010100010111100000011001001110111111011001010111001101110001
01110101011111000011010101101101100001000100000111110001001110101000111000010000
11010111101000001000000000110100101110011001110010101010111110000110101100001010
10101110000011011000100000010110111011101100110110001000000010010101001111101110
00110000000111101101011101111100111000011111110100111110111110010011011100100010
00100111110100100000100000111001110001100111011101001101010100101101101101010000
11110000001011000000100111110111010101001010111011111111100110100010101011100101
00001010110011111101001000111011000001010111001110100101100101010000100111010101
00101000011010010100111111001001011111110111101101001000100101010100100100010010
11010010111110010011010111110011111011010001000110010100111000100000011011000101
01100011111110101111101100111000010001100010111010110001000010100000001011001000
10100101101000111010100100101100011110011010001010101101010000110000110001110001
10110001110011001011110111101100110010100000100010000100101100111110100111000001
00101100100111100111001011101011100011111001010100101010011010000011111110001110
00001010100011010100111101000010001100111101111001000000000100010110010001001110
00111001001010011110110100111010001001000001101001000011001110100101101011001111
01010100101011010001011101100011011110000010000100110101010000110101010011111101
00001101000111011100100010101110110111001110111011010111000011010101001111001011
00001111011100110110110100000100011101100000110100001111101000000001111100001010
00100111100000100010010111111010110110100111011001000000000110111000111110000111
01010000110101011010100010001100010000101011111010001110010010100000000011101010
00011100111000101010001001010001000101100111100101000101010010011110010010000100
10111110110010111011100010011000000101101100101000000101001110111110000110100001
00001101011000001010111110001110100100000010011010000001001001001000010000111010
00000011111100001111011110100100100001101011001011101111100111111111100001111100
00111101100100001001100101110011000110110100111101011101000111111110110010110110
01010011100010101101000010001001111000001101110000101011001100001111011010100000
01010001110101010010000010001101000011101000100110000001110111100000101101100101
10100001011001010011001000010101100101010110000000100010110010000010101010011101
00110100101100101011011010000001001101000001011011111001100111101101111111000000
00100000110101111100100010101111011111010001100100001001110111011101111100101100
00011110000101110010010010001000010001110100101100111111001101111110010101110110
11001001010010000100110100100101011111110110001010000011111010000000111101001100
11000100000101100100100010110100101101010011101000000111011001000100111100000110
00100001101111110010110000001110000001011001100010000000101100011000101010001101
01001000111001101001100010000100111111011111110000110001000000110100000000111001
11000101101100011110101101111010000000111011100011000111100001010010100000001100
00101001001001000010000001101000011111000001011100111101110011111000101111111010
01100110010101010110100000111000011111100111010100111011100100110111101000101010
11010111110000100000000101010001111000010100010010101001001110101001110110010011
10010000101011011000011110101100111101010110000111010101110010000111000111000010
00000100010110001101110100110110001111110010011110111100101101110011101001100100
10111011100010110011110011011010101010110110101100001001111011011111110001001001
11011000110010000000111110011101101011001001111000001001100001111101011010000000
10001111010111100001000001011010001011110011001100101000110010000010100111101011
00010000110011010010100110011010000110010110100000010101011111010111001111001100
01001011101000110011001001111000110100001001010111001000011100110000000110100111
00100110000100100101111110010111100100011111100110100100100100110101100000010111
11101100010001010100110101000110101100010001001000111100000100100111010110111010
10100001000000110010001110000111001010110001110011100001101100011110111110001100
01111001110100011111101011111111101000100100110010010111100000101001111111001011
01010110011001011101010010001100100010101011110011001011110111001001000000111110
10100011100111010000010001010011111101111100110010110001001110011000111100010011
01111111101000011010101010101111001101000000111011011011000111111110001001101001
01000100001000110011101011000010100110111001101100100100101011001000110000001100
10111110111111110001010011010001010101011111101010010100000111100001001100010001
00111111011010000011111110001011101001010000000101011000001100110110010010111110
00011001100111111111100000110100001010010011110010110001101101110111110000100110
00100110001100100011010100011010100001011001001101111001011100010000101100100010
10001001010001001111010000111110001011101000001111010000110001110000010000001100
10110001001011101010110101101010101010110000000101101010010101111011001111101100
11100100010101000111111001001001001111001101101110111010101101001111101011110011
00010101111010100000010000000000100110110100100011101011101111011000100000111001
00011010100001111100111000100111100001011110001100000111011110000011111010111001
01000111110001011010101010010001011011111001000011001100101101101000110100100100
01011010001001100111111111111111111100110001110000100000010101100011101010011100
00011001001000101101000011100110010010010011000001101111011000100001101110000010
10010111101111101001100110101100001111110101111110001011011000101000100000001101
11110000110111011100110110000100010011100000001011100010110111111111010101100101
10110000000110000100101110100111111110100100101001111001010111100010001111001101
01001011101010111111111111000000000110100110001001111011010111110010111010100100
11111100000110000001111101100101100101001011101010101011011111111011000000000111
10011011001011111011001111110000100010001101101000000110011000100111111011110110
00011011010000110000100000110001001111000010110000101111100010001111010111111001
11100111101111100010010110111110111000110111000011101101010100101000110010000100
01010111000100001110110010101000000111010110111000110100001110111010101101111010
11110101101011110110001100110111000101111110110011101010101100101111011001010001
00111011100001101110000011001011001100000000111111000110011010110011100111011110
11110001111111111111011010001010111000011101010001110110011100011010001110111111
01010001100111111010010101000010110100011101000010111010000101001100010000001110
10100100100011011010101100001001101111100001111000111011000110000010001010100111
10001100110111000101100010101101000100100011101011101100111010101001101100000101
01010000111010100100010000110110011100010000100011010000101011000111101001001101
10011010010011110110110010111011000111111010010111101001111111011001101110111001
01101110010100101101110101011100100101001000101100100001110010011110110110111101
10101010011100100010000010011011101110110010011100101110000101000000000011101011
10000111001010000001110111111000100101111000110101111010001110100010001101110010
10110101011000101110011011101011111000111101001100111001111100011000011011000101
01100100010111010100011100011111110111101101011110101001000111100111011111011010
01000101001001000101001000011000010111110110101000010000010111010111011101111111
00010111111001101011100001111000001011011100010001010101100000110001101110010001
11100000110011100110101000001010011110110111011001010010011001010111100101100011
10010110110101100011001010100101100110101111001011010011111011110000100100000111
01101111101011110100011011101011111001010010000111011010111001001001110011110110
10100100111111101000110111011011111100101000011110101111000100100001010000101101
11100111001101110001000100110011001101101110001011010011101101010011010101111010
00111101000111111010100010000110111010011111100101111010000100111000010001111010
10010100010001010000111011111111111000110111011101101110001011000011101101000101
