80 127
01011110001000101111000111101111011101010000010011110001011001111110110110010110
11101000001100011010001101000011101011000011010010000001111010111000000010011111
00010110100111111001000011011011111010100111010001111111011011010001001110000011
10010111110110010100110011011010011110010100110110010001100011101001111100011001
01011100001001011000101011101100001111110111111101101100001001001110011011111000
10110111100111111011011000011100100111101001110001111010011100100001100110000000
11101100110101011101001101001101111011011100111011000011000000101001110010101101
01101100111001110001011011111110011100101111011000100101011110111001000001000101
01001101110001011010000111100011001101000011100001001010100000000110010010111110
11011001010011000111111000101111101000010100100101010111111110001011011100111011
00101100011000001101000100111010110000011010010000000011110111110000000000100110
00010101010110011110110100001001100011111001010010101000010100110101001000100110
10101001000001110101011100011001100100110111001111011011111100110110010110010111
00110010010000001011111110101110011100110011100101100111101010100110111101000110
00011100000001011110110000100010010000110100100001110010110100000111010100001001
11101011001001011010111010101100111001110010111101111000001000111000010111110011
00010001011100101110010111110110100011000111001101111011001000000100001010110100
00001111010011110101110111010000111101000101000011101010100110101101001010010011
00000101101000111101011110001111000101010100010010100011101110111100111100001111
11000010010011100101010110001001001010100011010010110101111011000011111100001110
10000101001010111111010011001000000001001110101001001011000010000111111001100010
01010011100110011011011110111100101000001011010000111001100111000000000011010100
11000000011111100101010110111011010011101011001101111101110111011100111010101110
10001111111010111111001101100011111100010001011001000110011010110110101100110111
11111010000100001010010011100001100111011110011000110011011110111111111100001101
00100000000011110100110001000110110010111010101110001001000001111011000110100001
00001111000010001111001101000010100010111111000101001101110110001001101101001110
11100100100100001001001000101010100000010001010011011101000011000000100101011100
00001101011001100100100111010001001100111011011111110000011011001110100100011010
11111100011000010100111000101101110000100111010001111011001101100101110011000101
01101000011111110011011100001010110000111110011000010011011001100111110100101101
00101101101111000111110100000101100110100110010111010010101001000001100000000110
11101000101111001101100110100110000111000010001001101111100001010100111011101111
00011101111110010110001100010101000110001001110011100111011001010010111000100011
10110111010011001010000111000100010101111101110010001011101101001110001101001000
01101101110010011001001111011101101001000000011001001011100100101110000001011010
11101101100000000110010100000001101011010011111001111101111011101100111110010110
10010011111101010000111100111000000110111101101010101010011001001000111100000010
01111011100010010101001010101000111100101111111011000000011100010010010011110101
01111101000000101101101111101110110111111111100111011100001000110100010000110000
11010110000010011111110010100111110011000001100110110111101101110001000010011111
11000111001110101001111110000011110011100011110010100101000011110110110011000101
00010010111011101110100111110011110111011000010101000000100011000101111100001110
10110010000001001011111011110110111101101111111001101100011111101000011011001000
11100111101111010010110101110100000001101010110101000001111101010111100101100100
11011000110101110010000110001110110011100100111101101100001001111101000101110110
11010010010111111111001100001010000100001010110011100001001010110010011110111010
11001010000001111111100001011011100011010101011000010100110111110101110101001101
10001001110100100001100111100111011100100010001011011100110110101001000000000101
01000101111001101011111000110010010010011110011110101100010110111110001100101010
00100011011000001011101000000110011111011111010111101110010010010100111001010011
01000011000110111101110101111111011101100001101111000001001100110100001111011101
00100000111101101101011000111011111001011101011000001111010011010110110000100000
11111110000110010110001111111111001001101101010100010100010001100011010110101000
00111111001000011001111000101000000001110110111001100111000110011100001001010000
01110110110100001101011110110000011010110111110010101101011001110111101000011000
01101001011111001101000111011101001101110100000110010101111011000111111110111011
11100000101001110101011101000101000110010111001110001000110110011010001111000001
11011000000100010100110110011000100001101100010011000001010110010011110011100011
01001110000010001101010100010010000101010000100001101010000000110110010110001111
11111110011010100100001001010001111100000110111110001101100101001011000101000110
01001000100001000000000000010000101000011110100101010001101111111100101010111001
00010110100011100101001011001111111011100000110000011000101110101010111110111001
00100111101110100111111001010011110100010010001111100001101100110001000110100000
11111101110111010011011000110000011001110101011101010010101000011111001001010000
10111000001110000001011110000110000110010111001011011100101001000011100011110101
00101100100111001001001010101011001011000001101000000011110000010000001110011000
11010111101101111110101101101000111010100100100101001111111001111000000010000100
10000110011101001011111111101011011101010101001010100011001010110101010111111010
00111011001111100001111011100101000101101001001100011111111110011010011011110011
10001100001000010011000100001101111110011100101011111001010000010011111101110010
11000001011001011100010010001001101111001011011101111001101010100100111111110111
10000010111000111101110101010101110000011111011000101110001111000110101001101111
01001000011001001110111010101111000000101101111001010010110110101100101010111010
00101001011001010101011010110111000010110011011011000101101110111110000000111001
01010110101101001100110101010010001101011001101001010000001110110011010011100100
11100111101111111100011000001100100101000101101110011101111011110110101110101101
10111111000111100110111110111011110010000100101011110001011100101011000100100110
10010100100110011100001101000111110000001000110001001110011110010101001001001011
10111001110100010100011001010111111100111111011011101001000010110000000011111010
01100110110100111101001101000010111000000100100110110000110001001001011011100011
11101001100101100010110001011110101100110011100000111001000010111010001011010110
11010011111001001000000101001000110011100111100010100000111001110000001110111000
00011110100011001010010110000100000100110101111100000100001100111111110100000000
10011000101011000100010111111001101001001111111010101110000001111110011110110001
11010010101010001010000000110000000101111111011110010011101100111010010111011101
01010010110100011011010100000001000110011100101001111101101101010100111110001011
11011010111111011011100000111100011011101100101110111011111000110001111100111110
00100100010010010100111100011010101111011010111100000000100000000100000000100011
01001000111100001100100111101100110110100110111000001011010110100000010100111001
11000111001000001011110010100100011010000011011011111101111110000011100010010100
10110000111100101001111101100001000011100100001100110011100000010100101100000011
00001001110010101111101011010011110011011101110011111010100000110011001111000011
11011001000101100011001110110000010001110101011111011001011011010011100110001111
00101111110101001100000101110111000101001010101100111110001101000110010011100001
11001000111010001111111001110010101100101000111111110010101111101111111110001100
01011011001010100101010011101110110011011010011000111101111100010111110010110001
11001010110000111110000101001010110101010100000011011000110010110001110100000011
11001111101000010101101101011100100110110100100100001100110111111011001001000011
11110110100100001000110011111101000101001001111100100000011010000101100110101000
00010110100101101100001001010000110000001110010100110001100101010011000110001101
01101000001000000000011111011000110001101010100101001111010010001010100011010001
00101111100011011100100001011101010110000010110000110101000100000111011110011100
10100001111001110110001110010111000010100001010110001011110110011110001000100000
10011110000001101111011100010001000011110001100110110001101001111001110001001001
11000101010101011100010111100101111111110000000110001010001011011101111100001110
01001101011100110010011010111001111100010000110100000011101000101111001100001101
01111110010001001111111100000001101110001100111111000100011001110100101100011110
01000101101110111111011001011101100111101010010011001110010001010011100001001110
01111001100000000011011011010011101001111011111000110010110100011011011010011000
01011010010101001000111001110111101011001010100101101101100001010100000010111101
01101001111101111110100000010011001111011001001011110010100111101011111111111110
10010111001001111001101000010110101010001111101110111011000101100110111000110110
01001000000100110111011010100000110010011111001110100100000100101001010101011010
01011011001110011001000000100001100100110101001110000000101101111111011000100010
00111010101111101001101100110001111101100001110101101111001000000100101101111011
00010000101100001101001010110001011111011110101010010111101001110011010001101101
11001010011101001011100011010110100001011100010010101100110111110101101100010110
11010111011010000010001101011101001010010001110000110010110000110010111000010110
01011101000010010110110000111011001001011011111101000011101000111110100000100111
01001011100001110101101101001000100000101111111011101111000010101100100110100100
11111110010001001110110111010101001111110000001111111010010010011100111010111101
00101001011111011101111011100010000011000100110101001110101010110011011111001001
00111001011110001010111010001011100111010110100011101001101101101101100001011100
11001000001111010010101000101011000101001000000011000100011000111010011110010010
11100110100100110111001011111111110001011001001101010111001000101111010000001101
10110010110101111010100101100101001111110101011010100000111010101001011101011011
