80 127
11000110110100010010101100011100011100110001001000000100011100001111011111110010
00010111011110111011110101100111100010110010101101100111110100011101011100101100
01101110001110111011100010111010000010011010100001010100110101111001001000010111
00111101010111110001000000100001000100001011111000100111010000010111111101101000
11100111011111001101100100111001011111011110000100001001101001101101100110010001
01001000001000110000111001010011000101010101101001111001010100001110110100100001
00001011011100100010100100111110111000000111100011011111110100100011001100001110
01100101101111111111000111111110011100000000110010001110001100011101011101110011
10101101101011101101010100101000111001111111011101000010011001010000101000110110
01010000101111011101100000011111000100111000101100110100001001011001111100001110
10110011000001001110100001111100110100110111111101100001000101001000001000110111
10110101110000111111010110110001110000101000011101111000011111111100011000111000
00101011111000010101010001100010011010100011111011000010001011001011111001110010
11010000010101100100100100010000101111100111100001111111001001111101001111010010
10011110100000100111110100000111100100010111110000011111000001010101011010101001
11110000011000011001010000000010000011100010100110010111111110010011111110111110
01111101101011110010100110011001100000011110011111011010110111010100101100011101
00110000001000101110011000001001110111011100000000001001001101001000011100010010
01110011110001010110011111101000101000000001010011010111000000100101110011110000
10011001110010110000000011011100110110111100101000001011111000111111101010101011
00100001110011111110011100100100011101100011000010101110001001110010010101011001
10100110010101001001011011111010000000101010111111001101011001000010001101101111
11011000010100111100110111110001111110001101011010001011101011110100000011001100
01110100111010000010001010001111110111000000110001100100100001001001111101111111
10010110001011110001110001100000110010111111111101101100010111101100100100000011
10111010001011000100100010000101011010101111010110001110110011110001010011001101
10101111000011101110011111101011111000010010001001110001111000110010011011011010
01011101101110010011011010001111011110111010000010110110011100001011010000001001
01111001011011011000011111001001011111010000011111111100011110101101000011111001
11010110000000001101011110111011000001110000110111000010110000000110111111000001
00111110101110100000111100001011100000111011100110010011110001011110110100011111
01101111001101111100000110000111100010100011111111011010010110111110111010000000
01110010000111000010101001000010110110011110100101101110000111011011100111110110
00001110101100111000010011000110001000110101010110011011010111111110101101111011
10101010110010111100010011001100111000011000101010011100001101110000100001000101
00011010010011010111101000111000100010010000000001110000000010100111001011001001
01011011110001100000110000011110111110001111100100010110001010011001000010010001
10000010110111110110010001100001110000010000100011110100111111001000010001100110
00001001000000000000011010110100101000011010001100001010000010110100010110001010
01110110111010101011010101001001001001111101000111011101011101111100101111011001
00011001100011010110101010100011101100011010010101010000010011000110111010001110
00100100001111101101011100110011101110001111100000010111010110111100111011100000
11111000000101001110001011110111000001000011000101100100011010000011001010000110
00111001111100100011010100111100000100010011100010100001111100110011011010011110
01110001100110011000101000000010111101010001100010110111111100000111101000001101
00100000111011110100101011001111001111100110001000000001110101101101110110000101
11100111111110100101101110011100111000010010010100001000100010110110101100101111
11010110100011111101111111111101010101110000100100001000010010001010100100000110
00000010001011010110010101000101000100001000111011100010010001100101101110101011
00011011111100110011010000000000000010101011001001111110010010001101110010110111
10100101010110000010111110001100011110100001011110000101100101111101001110111000
11111110001111011010000111010011011001001100101110010111010101011100011010110111
01101001110101011011100000011000001011010000011110010100111101011010001011010101
10110110001110100100101101111101000110010011011000111101011110001110100010010000
11011010111001100011111100001001101110000010010001111011110100010001101100000111
00010000111011000001111001000000000010111101001110000111000011001100110000010100
00111011100011011110100010110000111100110101011111101111101010110110001011100001
00110010000011001100010001010001101010100001101111110110110011111111000110111010
00101000100110100001001100100101100011010001101110010001011111001111111110011001
10111010010001000001001001011011010100011101001100000101011101011011110010110100
01001011001001110100010001011010101100000010101010000101100010100011101100111110
10110001110001011101111110011001111111010010111111110111010011100000101001111110
01001001001111101000000001011100001011001011110000000110101010011000101010100100
00100000001001110110100000110111101011100000111101011100111000010111110101110111
11001011111010111101000110001111001011101000111010010011101010001101011111111011
11101001001110000011101011000111011011011111001111001011111011001100111111101011
10001101110100001100100101111111001000001011001010101001000110100100101000001000
00110010010110101100111100001011111100111001100000100100000001101101011111011110
10010101000110001110010001000110001010001011110000111111101111010000010100111001
01100101010000010101000011000100011101101111101011111000010110110101000001101111
11110000101010000000000010010000001111101100111011011000111110100110100001110111
00101000111001000110001000100101010101001100000010010001100111010101101001001010
11111100000000111010100000111011011110100111111100101000011110000111000010000011
10001110001110000100001101110010001010000011101001011110101101100010111001011110
10011100011100111010100101001101110010010101001000011001100110110000001111001010
00001011010100110001000001111011101000111100000100010001001011000001110001001110
11011111110001110010101001001110100111100111011101000001000111111110001110100000
00110111001100110011000011111000011111010100000100101001011110100001110010100000
11011100110111110000111000111110000100110100010011101001010010010101001100101110
00110101101100000110101111110110000010101001011000111111110101011111000011111100
00010011001101111000110000111111000001010110011000100001100000111111000101100101
00010100101100110111011000000101110001010000010110100011101011100000101110110000
11000100010110010111111011111101011111010110010011000011000011001101011110010101
10011011001111111101010100011101100010111100111000100110000110000110000011101001
00000000110000000010111111001101010000010001101110000101100000010100000111011000
10000000101010101000111110011011111110011110110011011011110110111110010000111010
10000011010111100110111101001001101101010111111010100111110101111110101101001001
11010100000100111111111100000100100001000010111110000000100000001001000100101011
11101001111010000111101000010110010011010111001101101101101111000110101001000011
00010000011001111100100001100111011110110101101101101100010111101101000100101010
00011001110000010100000100100100000000110101101001110100101010001011001000101111
11100001010000111001001001101111011010110110000110000001110011010011111101110111
10010000100110001011010010010101000000101001101001010010111011010001011001111001
01011001001001111110100110011111111000110000010011100101000010010010100011101111
10011110110111000000101011111000001000110111001001011000101000111111011101111001
10101111010110011000101110001010001010100100001111011010001111110011001111011111
00100100011000111010001110101101010011100000101111010001111001111000011011101111
00011001110011011110101000100010110010110100001010100010001010111111011000100011
00111111001110101100001100011001001001011110111101110110100111110100100111000000
01000001101010100100010010000011110101011111101001111000001000010011000001001110
10110010011100001100001010101000100001100110101110011000101001010100111011001000
10011010101111001100010011001111111011101110101010111000000110001100110100011100
10000000111100011001100000011011010010100000011100101000101110100010100000011011
00011011000001011001011100000011000011101111001100000001010100101111110011001100
10001110011011100100011011110000010001011100101101100001100001100111001100100110
01000100110011101100110110100111001000000110000101111001100011111101010000001011
00010100110011101010011100110101010100100000010010100101110000101010001110101001
00000000000100100101111111010000110111000000100011110010101010001000011100000011
10101101001000110101111110111100001011101100111010011001110011011100100110110100
11100011101010000111010110101000101010010001100001011001000000010101001101110011
10011111010101111101100001011000101010100100000110101001110101001001101100100001
01110000000110100110111101011000010000000100110010011100010110011101011110001011
10100111000001100011000100001011100010011010100110101101001101110111101011111011
01110110111100111000111000100010011010000100001100000011001011001000011101101001
00111001101111101101000010000111000100011110000000110100010101111011111011111100
10010101010110110111000100011110000010101111000000000011000000010100010111010100
11111000101000000101000011101111101101010001000000001101101010011010000101110110
11010100010010010101100110110000111000111001101010010101110010111000111010110010
11001011000000100001100010111101001110001010111010000110110010111101001110000101
01010110111000001100010001001001111100110001010100001111100111001110001000110100
11001011110110101101000100111111111011011101000101100010010001001100000011110110
00100001110110001110100001001010000011110101111111000001110010001110110100101001
11111010001011101101100101110111010000000010001011010000100111100110110001000111
01010011001011011011101111101100110111110110010101100101010100010000010111110111
01001001100111100101011110111100111101101001110000011101001111011110001111000100
00011111111000000000001100010001111101100100011011000101111100110100101011010001
00111110100010010100001111000111111011101010010110111010101110101010010001110111
