80 127
10100100001011111000001101010110110101110000000111100010111111110011000111110100
11100110000111010001001000101000001111010111011111111111011111101110000000000000
10010001110000110011001100000100110100110101010110100110101100101010000101111000
10000011111111111111001011010011100010011010010000000011110010100000111000111100
00001001000000011100010111101000100000010000101001100001101001100011001111111101
01110101111101001110001001111000011100101100011010110111010101010110111000011010
00111111100111100010111011010101011000011011000101001001101001101001100010111110
11111110111101110100110100100111111101111001000100101000101010111110010100011011
01111111001010100000101011010110101001101000110101001100000010100100100111010001
01010110111101010010101110010011000100100110000111010001110111110110101000101100
00111111000001000110000110001110010101111011001000110011000001110011100101001001
10100011010111001011100111111011010000001110000001110001100110101111001100010001
01001100010000111100010111010101001000100101011010011111100101111110101100111110
00101011010101101110101111111010110100001010111010010111110100100110000011110001
10001111010000100100001001110110111011111010011000001111110001000111101110110101
01010110000011110000011011100011011011010100110001101010001000010010001011100011
10110001000110011011111100110011100101111110101110010010111011011001000110111111
11111011111011111110000000100001100000011011001111111100100010010011110000001010
10111100110100111000001111101000011010000111000000111100100011011001110010100101
10100101001000011000000001010000110110100000011100000001111011111000111010111011
00111100100011110010000010100111100010110001111101000010001010110001000010101110
10100011101010000001101101000111000001100010101110110001011111101111111110010000
11001110010110010110011110100010111101011000000001011110110101000101011111110001
01010100111100001001111001001111101100110000011100010011100111011110010111010101
01111000010000101011010010011000111000100010010011001011111010011100000110101101
10110011110101100110001110100001100011111101010110101001111111000001110010101111
10001100011101110101011010010110100111001010000110111110000100011100000001001101
01001001010011000010001111011011011110001000110100011000110101001010010001010010
10001111100001011010001100001010110101000011111110000110001001000011001001100001
01111101111101010101100000110010111000010001001100101100111000000101010110101011
00001010101001000011100110010110101101100101000101110101001000001100111011001110
11111101000100001001010010101110100100000000001101001011101101100000001111111001
11110000000000000110010010111111000000100011011011111000100101010010001100010011
11100001111111011001100000001100010101100011001011110110101101001101001111100010
01000111011110111010110001001110111010111010110001110000010100111110000111100100
10111011000111000101100010100000101101100101100010011001011111111110001101001000
00010110011001001001010101001110011010000010000000000100000111101001000011101101
10011001000101111100001101111101011110010001100011100111110100100101010011010010
01111110001000101100001011100111111010001010010111010101100100101011111010110111
01101001011110000010011010110001100100101000010011011001000000101001101001100001
10100101110111001010111100100000100111001000101000010110101010001100101001010100
00010011101101010110010100110110111011010101011100010001010000101011010001101100
00000100101001001100100010010111010001011011101101011111110000100101000011110101
01100001001100101110100010111101111010111011111011110001011000010101100110101001
11110111010101001001010110110000111010100011100111111011000010011001100011111010
10011111010010011110001111110000110101001011100111001111000000000000100110100100
00111010101000011111101100101111010100100101110100111011011010010111110100100001
11110011010000100111010010111010110001001100110100000101110010111100010011011100
00011011011010010100110001011000111010010010100000001001000100011110110101001001
11111111100101101000001010100100111101001100111110001110101011000010001110001101
10110010111001001001110001111110110000001110010111100000010101100000000111010011
00100110010100010001111111111101100100110011000010111111001010110110111111000011
10110011100000010000110010010001011000001110001111011001110100000010110001001110
01110111100101011010101110001011001010111100010001100011101000111111001111000001
01000000011011110101101101010011001100100110111100001011100011111101101111110000
10000101111000001010100100011110000101000110100111010011010000010010100001000111
11100000100110101010001011100111101100100001100010001110010100010001001101010001
10001100110001001101001000101011011101010100111000110010101110011110010111000100
11010100001000001100011000100111001010000100110010001101011100110111100001111010
10010101000001100010010001100100011100111010011011100110110011000110101110010001
11100000111001010010101001010100101101001111000010111111011001010010001111001100
10001110101101111001110001011001110111100011101000001111011101001110000010011010
00111111101110011011010001001001010010110001110010101100000000110000011000000010
10010010110001011011000010000000110110111001110101010000001101000110101000000100
11101000100110100000010001000111001111101111110010001101000011011000101011011111
00010101111110011110000111100111010010111010010110011110110000111011110000000011
00011001000000111101100101011010010100110110011010001010100110100011101110111100
11000110110000110010100101111111100110001010001000000101100101011010001011011010
00110001001100110001101010100111100000110011110101101101000000110111101001000110
11101001101101100011110001111001111110011000011110010111100000111111111101101111
00011001000000110011111101000000010010101011001011101011100101011100111011001000
00100001111111101000011011001110111001001111100101000001000100000010011101001000
00110111101111111111101010111000001110110110010110101110100100111110011001011101
10001000110011110100011011101101011001100000100001010000100011101011010011001110
01101101011110011010111101011010000001101110101010001000001010011001011110011100
00111000100011110100101011100101110111100001011001101011100100110101110010000110
01100011001100111011010100111100010000110101110101110010110000111110001010000111
11000010111001111110011111111100111000011010001100001101000101010011101101001001
01101100011011111010010010110010111100000011100000111101000000001010000111011100
01001011101000111000100110101100101111111011100101010101000101100110010011100100
00101000000000001111100111001010011011100101101010000100001010010000110111100010
10110111011000010110100010011010011100100100000010100111100110001011001101000111
10110001111100111100000110101101100011111110000001101110110110100100111001010111
11011110000111101000011001000011101010010001011110101101011010100011110111000011
00101010111000010010100111111001010100000011000011100101111011100000011000111011
00110000001000001110110100000010101110110010001010111100100110011111011110110111
00011100011100111001011100101011100110110111100101111011000011011010100110000101
11000100101100011110011100110001000010101111111100000110001110110000111110001000
10011111100000010111100000110100110010111111100000101111000111101001100000101010
11011000110001001000111110101011101001000111110101110001110010010111110101110111
10110001000100000010010010001100001010110011010101000110010011010010111001111000
10111011011011101101010011000110101001110000100001100001011100001001111101011100
10110011011000000110011010000011000111010100000100111000010000011101110111100000
01111111000000111111000111011101001001101010110000011000011010101101001000110111
11011111110011001111100100110000100100010011111001100100011011010100001110000100
00101011001000011110001100011100000010111111100010101100111101100101100000110100
10100010101110110110100010100000001001011001001100101110101001101010011011000011
10101101011000000001111101010010001111101101100010101000000110001111110011100000
00010100101101110100000101000001101100100000110111100000111111001101101100010001
10100100010110001000110101010011010101000011101110001110100101101001011110010010
11110100101010110000111110010001101100111010000100101010110111000001010110111101
10100001101100010111001110101000100111011110111110110100011010101111000111101011
11101010111001111111110011100010000010010100101110010011111110000011100111110101
01110011110111000101011100101001000111101110001010110100011111000000111011101000
11000011100010100010111110101001001011101100011111110111100010010100001010110110
11101100000111110111001111011100101111110101011001110100101101011111100111110001
00000001100111110101010001111010101110011000100001100011001000001111110000001110
00000100000010111101001011000010011011110011001111000100011011011011010001010010
10101101110011000010010111011100101110111001111101100101111011011000010001001110
01111001011100110100000101010100010101110011100100101011101010110101001011000110
11001010011011111001001010110110000011000010100010001000101110110110110011111101
01011110000000110000010010111010110000101111110110111111000001001010000110110110
00111001010000111010011001110001111011000001111001010101101101100100101101011101
01110111010001001111100010100011101001010011101000111000001000110110101011110000
01111011000011001000001011100100010100101011101000001000111110000001000100101101
11010111111101111011011000000011111001101101000011000110011010111001100101010111
00000100001111010010000111011000000100000111011001110100000100110010101001101000
00010011100111001011001111011101111000111011100101001100010011100110000101101101
11110010010000101110110010010000100101010011100110010010111100010000001011000011
10000001111001010011011001111011011011001100000011001011001010010001110010000100
00011000000101110011011001001000100011100010010011011010110100100101011111010110
11111001111011110010100011011010011110100011101000110100000100001111011010001001
11110000101001001111001001100010011110010110000011010000001011001101101110000101
11110111010010000111000111010110000110010000001011001111101011100100111101100100
11001000111110101101011001111101110111110010101111111010100101000101100101010101
11100000010011001101011100010110111100100000111101101010000011111100101100101001
11100001100001010100000011111010110001110101110011001010000111111010110000111111
