80 127
11000011100010001001100111111011001010101010011000011011010000001000111111100010
01001111111011111001011010010111110100101011110010100001000100011100000101111011
01011011110011110010010100000110000100010001010001100111111000011100101011011001
11000000100010110001011010101000001010011101110011111101011101001111100000110110
00001100000100001101011101000000101101101110110001110101001110011010101000101100
11001100011101100011110011001101001110000010001110001101111111100000000011100110
11001110000010010010011101100110010100111000000001110011101000011101100101001100
10000010111110110011011001000111111011100101111010110000100010001101010010110111
10010001111010111101010001110001101111000010010101000001101001001111000100011010
11011000110100011011101010101010111010011100110101000110101100000101001101000011
11011100101110111010100011100110010010000111010001111010011011010111000010000111
10011110100010110110011000111110110001010111100110111010100011010100111010100000
00011101100110100010100010110110100100001100011110001010010110101100110001001011
00000000010100100010001111011110001101101101111010101101110010010111001010011111
10101100111101111100111111111011111000101110110001001110101010101101110011010001
01100011101100000101010100011010110000000001110010010110111111110001011000100010
01011001100010110001101100001000010000101001101110010011010100100110011011100110
10111001110111111001000000110110000011001011010110100111011001001101110100000100
10111110101100101010111100110010011101111001010011101110010010101000101000111001
10100011011101001101011011110010100101000100100011110000111100110100110100001110
00111011101000010101000110011100110110101000111101110111111000011101011110000010
10100011001001101111110001000111000111111000111101101010010000111001011010100111
11111000001110001011111011000001001010000011010000001110000110101011010101010100
11110110001101011010100001010001000110000011111100010011010111000001010011111000
00111011110111110101101011100000001110000001001111100100101010101111101101000000
00010000010110101111010001010101010000100110001001010001101000010110000110000110
00000010111110000100000001001001111000011111111111111001110000111011010111010101
10111111000101010100000000101110101010100000111101100101100011100110110000010010
11100011000011001110101110001010111110111110110101100001101001000010010001111101
01101101011101101101111000110101010001001011100000011110101000100001010010100010
10011011001001111111001001010101001111011111111110001000101100110110011001111100
01001010000010001101101001111001110001101100010100100011110011111000110101011110
10100100101101011010100110001000110101101010101110101000011001010100001110001110
00010001010110010100101110111101001010101100010001100100011000110101010111010011
01101100101010101101101111110101011010111111010110001100000100001110010110001101
01110110000100000101111001011100000110010010111001110100001010111010101111100111
10010110111111010001001001010011011000010111000001101111100111001111101010010101
00101000101111110000010100110010111001111000100110010010110011010111111010101001
01000111110111011000011101000010111000000001010001101111100100000111111010101101
10010010011101001001000110100011000100100100111001000111111000000011001111111010
01100111010010000011010000001100010101011001101101100001100111101100100000011101
01100001000001011101110011001001111110000000001000001100100010001111100011101100
10010001111001101101101111101011000010000101111110100101011001000000111000011000
00000001000110110111001100000011000000101001000101101110000000110000000010011101
10011111010011110100110110011000111011011100011000010100100011100010111101001100
10110100110111011110110101100101100101100011000110010110000111110011000100001111
00101000110000001101011000000101000111110011001010111110100011110100011000001101
01110111111111101110101100111011011101111111101001000111001000011100101100111101
00011001011010001100000100011001011000000001110011100111001011101111111101001101
11101110100101010011100110100011110001111011100110100001011001101010110101000001
01000010110010001000101001010101110010010101011000110001000111101100011110011111
01101101000011101101001000101110101000100100000011010000101010010111011011000000
01110101000101011000011010001000001110110011101001000101011000000001001110111000
00001010111101101110110111110101110101101010001010011011101110100110111001110110
01110001111101111000000100010011111001010100100001101001111101001111000111000011
01101010100011111100100100100011010110011110000101011100010110000010000001111000
00010110111011011011101010011001000011101111111011000111011111011011111010000001
01110001000111011110111010110101100111100101111100111110101011111111011001110010
11010100011100111001010011111101111100000110111001100001111001100011100000000111
10111011011111101100011001111011100001010100101100000101110011011010100001111000
10010101001101000111001001101001000010010010101011011010000100111101111111001100
01111011001011010101001001011100011010100001000010000101001000011010110101000001
10110111101101100001101011011000010000111101011101111110001010110110001110001111
11100000101111000111110101011010011111100001110111100000011001100010000001001010
11001010110010101100001110111011000100001101011010010000011101110100010110010101
01001000001011001001010011010000110001010001111010110101111000110011011000110010
01101001001100111010101111101110001100110101001001110011100111100011101110010101
10110001000010111010101010111011001110100111111010001100010000011001101110111100
11000101100101010000100111011001101110010110100010001111111110011011100011000011
10100101100010110011011101101100011010001110000100000011000101110001100011100001
00001100011011000101010101011001001111010111010111110110000011110001110100011110
00110111110000100110001111100101111101001001110111100101101100010110110101110110
00011000101000001100001110110100100001101101101101010011100000010000010011001010
01100101011110010001100100011100001111000110011011110011101100111000111111110001
10010100101101100001100110010010011100000011111001110110110000111011001100001100
11011011110101111010101111111010000000010111001100111100011011010111011010010110
01010001110011010100111000110010010000010100010001110011101011001011100001110100
10110110110001000111101111001101101001110011011101000000000011101001010101000101
00110001000111000100001101010110111111101111111000000100010000000100011010011100
00100011110001001110001111101001000001111001001111100000001001111110000110011000
11100011001001000001000100000001011011000001011010001110110101111011110011010100
11000010111111110101000000010011011111000011001000001110011010000101011111011111
00111110010101110101110011001111110001001100101110000100010111000100110110011101
10111010011010101111000010110011011010011001101100101101111110010010011101000110
10001010111100110010100000001011101001101001110011001110100101110110001010110010
11001110001111001100110011010010111100011011010111001001100100011110010000010101
00001101101111111111000011100011001111110000011111100100010111110010001010100101
01111111100011010110111101001000000100101101110100010100110100010000011101110111
11111101100110001101111000011000001000111001011111011011010001100110101100011101
11100100000000011001111000100001110101011001010000010111010111001011101001101110
10101110001010111111101001000010110111100000001100001100000000000011010100001110
01100101011001000000110001011000110101001011111101000110100011011010010000011101
11000010110011011101010100000111010101101001101100001010101100011010011001100100
11011001111011000101111010001000000010110000111010111000101000000101111101011001
01010011111110011001111101110011110001101101011110001011000111100111010100000110
11001001111100011001101111110001011101111101101001100000001110111001011110100101
01011011101011011111111011100001001100111001010100011110101001100101001011111100
00011001000010011001111111010000110100101100010101011101111011101100011010101011
00111001110011100010101111111000010011010001000100101000000010000011000110010111
11011001011101100110101111101011010111001101100111011000110010110110001101111110
10001011110000110011011100000001100010101111001111001111010101101001001110101010
10010000100101001100100010110111111011000101101011110100010101111101110010100100
00111011000100010000000001110101000001111001000110010010110001010100011101100100
11011110110010100001100011000100011000000100011100000011101110010000101001001100
10001011001001111001011000010000101011101101011111001000011011100101111111101011
01001001101101100011010101110111111011000110010011001101100110011011110100000111
01000111101101000001101000011101111001000111101000111111100111100011001001100101
10111001101010011010101001011000100110000111101010000101100010110001111110110110
10000010100000101101100110111100011000110011110001001000001100000001011101010111
00011010001100001001110001001101101110100011000100110111010111011110101100110100
00011011000000100010011000000100000001011010101100010001011100011010100010001010
10100100001010010010010101110101110011011110000100010011111101011111100111010100
10001001010110000100101011010001011010100001011010110110101100000000000100011101
01110001001100100110000111111001110011010001111010001111101101100011000110111011
00101001011001010001011110011100101000001011111010001011000110111110011010101110
10001111111100111011010111000100000111001110111010000000111010100111001011000100
10001011010000001001101000000011011100001000011001101100011010000010111001101000
00011001000100111000010101110011100110001011011001001010000110011101110001111010
11001010100000001111000110001101011001000010011000100110101101001111000110100111
00000000110000011100100011111000001111010000001001110001000010001111011001011110
00110111111111111000110100111100110101001011011100100110111010101101111000100010
11001010001001101100110001100100110111010011011111101110111000100001101110000000
00101011000101110001011010010111010101100110111000010111111000100101010000011000
10011100101011010000101010110110101111101001000100101011111110010001000111111011
11101010101110011011001000110110000011100011000001100001001100010110000010100011
10100100000100011101010100001101100101010001111110010101101011011010111010111101
11101000000111101000100110100011000100010100010000100110011101111000110011001100
