// 3入力の分解パタン
const ymuint n_pat3 = 2;
int pat3[n_pat3][5] = {
	{ -1, 0, -1, 1, 2 },
	{ -1, -1, 0, 1, 2 }
};

// 4入力の分解パタン
const ymuint n_pat4 = 5;
int pat4[n_pat4][7] = {
	{ -1, 0, -1, 1, -1, 2, 3 },
	{ -1, 0, -1, -1, 1, 2, 3 },
	{ -1, -1, 0, 1, -1, 2, 3 },
	{ -1, -1, 0, -1, 1, 2, 3 },
	{ -1, -1, -1, 0, 1, 2, 3 }
};

// 5入力の分解パタン
const ymuint n_pat5 = 14;
int pat5[n_pat5][9] = {
	{ -1, 0, -1, 1, -1, 2, -1, 3, 4 },
	{ -1, 0, -1, 1, -1, -1, 2, 3, 4 },
	{ -1, 0, -1, -1, 1, 2, -1, 3, 4 },
	{ -1, 0, -1, -1, 1, -1, 2, 3, 4 },
	{ -1, 0, -1, -1, -1, 1, 2, 3, 4 },
	{ -1, -1, 0, 1, -1, 2, -1, 3, 4 },
	{ -1, -1, 0, 1, -1, -1, 2, 3, 4 },
	{ -1, -1, 0, -1, 1, 2, -1, 3, 4 },
	{ -1, -1, -1, 0, 1, 2, -1, 3, 4 },
	{ -1, -1, 0, -1, 1, -1, 2, 3, 4 },
	{ -1, -1, 0, -1, -1, 1, 2, 3, 4 },
	{ -1, -1, -1, 0, 1, -1, 2, 3, 4 },
	{ -1, -1, -1, 0, -1, 1, 2, 3, 4 },
	{ -1, -1, -1, -1, 0, 1, 2, 3, 4 }
};

// 6入力の分解パタン
const ymuint n_pat6 = 42;
int pat6[n_pat6][11] = {
	{ -1, 0, -1, 1, -1, 2, -1, 3, -1, 4, 5 },
	{ -1, 0, -1, 1, -1, 2, -1, -1, 3, 4, 5 },
	{ -1, 0, -1, 1, -1, -1, 2, 3, -1, 4, 5 },
	{ -1, 0, -1, 1, -1, -1, 2, -1, 3, 4, 5 },
	{ -1, 0, -1, 1, -1, -1, -1, 2, 3, 4, 5 },
	{ -1, 0, -1, -1, 1, 2, -1, 3, -1, 4, 5 },
	{ -1, 0, -1, -1, 1, 2, -1, -1, 3, 4, 5 },
	{ -1, 0, -1, -1, 1, -1, 2, 3, -1, 4, 5 },
	{ -1, 0, -1, -1, -1, 1, 2, 3, -1, 4, 5 },
	{ -1, 0, -1, -1, 1, -1, 2, -1, 3, 4, 5 },
	{ -1, 0, -1, -1, 1, -1, -1, 2, 3, 4, 5 },
	{ -1, 0, -1, -1, -1, 1, 2, -1, 3, 4, 5 },
	{ -1, 0, -1, -1, -1, 1, -1, 2, 3, 4, 5 },
	{ -1, 0, -1, -1, -1, -1, 1, 2, 3, 4, 5 },
	{ -1, -1, 0, 1, -1, 2, -1, 3, -1, 4, 5 },
	{ -1, -1, 0, 1, -1, 2, -1, -1, 3, 4, 5 },
	{ -1, -1, 0, 1, -1, -1, 2, 3, -1, 4, 5 },
	{ -1, -1, 0, 1, -1, -1, 2, -1, 3, 4, 5 },
	{ -1, -1, 0, 1, -1, -1, -1, 2, 3, 4, 5 },
	{ -1, -1, 0, -1, 1, 2, -1, 3, -1, 4, 5 },
	{ -1, -1, 0, -1, 1, 2, -1, -1, 3, 4, 5 },
	{ -1, -1, -1, 0, 1, 2, -1, 3, -1, 4, 5 },
	{ -1, -1, -1, 0, 1, 2, -1, -1, 3, 4, 5 },
	{ -1, -1, 0, -1, 1, -1, 2, 3, -1, 4, 5 },
	{ -1, -1, 0, -1, -1, 1, 2, 3, -1, 4, 5 },
	{ -1, -1, -1, 0, 1, -1, 2, 3, -1, 4, 5 },
	{ -1, -1, -1, 0, -1, 1, 2, 3, -1, 4, 5 },
	{ -1, -1, -1, -1, 0, 1, 2, 3, -1, 4, 5 },
	{ -1, -1, 0, -1, 1, -1, 2, -1, 3, 4, 5 },
	{ -1, -1, 0, -1, 1, -1, -1, 2, 3, 4, 5 },
	{ -1, -1, 0, -1, -1, 1, 2, -1, 3, 4, 5 },
	{ -1, -1, 0, -1, -1, 1, -1, 2, 3, 4, 5 },
	{ -1, -1, 0, -1, -1, -1, 1, 2, 3, 4, 5 },
	{ -1, -1, -1, 0, 1, -1, 2, -1, 3, 4, 5 },
	{ -1, -1, -1, 0, 1, -1, -1, 2, 3, 4, 5 },
	{ -1, -1, -1, 0, -1, 1, 2, -1, 3, 4, 5 },
	{ -1, -1, -1, -1, 0, 1, 2, -1, 3, 4, 5 },
	{ -1, -1, -1, 0, -1, 1, -1, 2, 3, 4, 5 },
	{ -1, -1, -1, 0, -1, -1, 1, 2, 3, 4, 5 },
	{ -1, -1, -1, -1, 0, 1, -1, 2, 3, 4, 5 },
	{ -1, -1, -1, -1, 0, -1, 1, 2, 3, 4, 5 },
	{ -1, -1, -1, -1, -1, 0, 1, 2, 3, 4, 5 }
};

// 7入力の分解パタン
const ymuint n_pat7 = 132;
int pat7[n_pat7][13] = {
	{ -1, 0, -1, 1, -1, 2, -1, 3, -1, 4, -1, 5, 6 },
	{ -1, 0, -1, 1, -1, 2, -1, 3, -1, -1, 4, 5, 6 },
	{ -1, 0, -1, 1, -1, 2, -1, -1, 3, 4, -1, 5, 6 },
	{ -1, 0, -1, 1, -1, 2, -1, -1, 3, -1, 4, 5, 6 },
	{ -1, 0, -1, 1, -1, 2, -1, -1, -1, 3, 4, 5, 6 },
	{ -1, 0, -1, 1, -1, -1, 2, 3, -1, 4, -1, 5, 6 },
	{ -1, 0, -1, 1, -1, -1, 2, 3, -1, -1, 4, 5, 6 },
	{ -1, 0, -1, 1, -1, -1, 2, -1, 3, 4, -1, 5, 6 },
	{ -1, 0, -1, 1, -1, -1, -1, 2, 3, 4, -1, 5, 6 },
	{ -1, 0, -1, 1, -1, -1, 2, -1, 3, -1, 4, 5, 6 },
	{ -1, 0, -1, 1, -1, -1, 2, -1, -1, 3, 4, 5, 6 },
	{ -1, 0, -1, 1, -1, -1, -1, 2, 3, -1, 4, 5, 6 },
	{ -1, 0, -1, 1, -1, -1, -1, 2, -1, 3, 4, 5, 6 },
	{ -1, 0, -1, 1, -1, -1, -1, -1, 2, 3, 4, 5, 6 },
	{ -1, 0, -1, -1, 1, 2, -1, 3, -1, 4, -1, 5, 6 },
	{ -1, 0, -1, -1, 1, 2, -1, 3, -1, -1, 4, 5, 6 },
	{ -1, 0, -1, -1, 1, 2, -1, -1, 3, 4, -1, 5, 6 },
	{ -1, 0, -1, -1, 1, 2, -1, -1, 3, -1, 4, 5, 6 },
	{ -1, 0, -1, -1, 1, 2, -1, -1, -1, 3, 4, 5, 6 },
	{ -1, 0, -1, -1, 1, -1, 2, 3, -1, 4, -1, 5, 6 },
	{ -1, 0, -1, -1, 1, -1, 2, 3, -1, -1, 4, 5, 6 },
	{ -1, 0, -1, -1, -1, 1, 2, 3, -1, 4, -1, 5, 6 },
	{ -1, 0, -1, -1, -1, 1, 2, 3, -1, -1, 4, 5, 6 },
	{ -1, 0, -1, -1, 1, -1, 2, -1, 3, 4, -1, 5, 6 },
	{ -1, 0, -1, -1, 1, -1, -1, 2, 3, 4, -1, 5, 6 },
	{ -1, 0, -1, -1, -1, 1, 2, -1, 3, 4, -1, 5, 6 },
	{ -1, 0, -1, -1, -1, 1, -1, 2, 3, 4, -1, 5, 6 },
	{ -1, 0, -1, -1, -1, -1, 1, 2, 3, 4, -1, 5, 6 },
	{ -1, 0, -1, -1, 1, -1, 2, -1, 3, -1, 4, 5, 6 },
	{ -1, 0, -1, -1, 1, -1, 2, -1, -1, 3, 4, 5, 6 },
	{ -1, 0, -1, -1, 1, -1, -1, 2, 3, -1, 4, 5, 6 },
	{ -1, 0, -1, -1, 1, -1, -1, 2, -1, 3, 4, 5, 6 },
	{ -1, 0, -1, -1, 1, -1, -1, -1, 2, 3, 4, 5, 6 },
	{ -1, 0, -1, -1, -1, 1, 2, -1, 3, -1, 4, 5, 6 },
	{ -1, 0, -1, -1, -1, 1, 2, -1, -1, 3, 4, 5, 6 },
	{ -1, 0, -1, -1, -1, 1, -1, 2, 3, -1, 4, 5, 6 },
	{ -1, 0, -1, -1, -1, -1, 1, 2, 3, -1, 4, 5, 6 },
	{ -1, 0, -1, -1, -1, 1, -1, 2, -1, 3, 4, 5, 6 },
	{ -1, 0, -1, -1, -1, 1, -1, -1, 2, 3, 4, 5, 6 },
	{ -1, 0, -1, -1, -1, -1, 1, 2, -1, 3, 4, 5, 6 },
	{ -1, 0, -1, -1, -1, -1, 1, -1, 2, 3, 4, 5, 6 },
	{ -1, 0, -1, -1, -1, -1, -1, 1, 2, 3, 4, 5, 6 },
	{ -1, -1, 0, 1, -1, 2, -1, 3, -1, 4, -1, 5, 6 },
	{ -1, -1, 0, 1, -1, 2, -1, 3, -1, -1, 4, 5, 6 },
	{ -1, -1, 0, 1, -1, 2, -1, -1, 3, 4, -1, 5, 6 },
	{ -1, -1, 0, 1, -1, 2, -1, -1, 3, -1, 4, 5, 6 },
	{ -1, -1, 0, 1, -1, 2, -1, -1, -1, 3, 4, 5, 6 },
	{ -1, -1, 0, 1, -1, -1, 2, 3, -1, 4, -1, 5, 6 },
	{ -1, -1, 0, 1, -1, -1, 2, 3, -1, -1, 4, 5, 6 },
	{ -1, -1, 0, 1, -1, -1, 2, -1, 3, 4, -1, 5, 6 },
	{ -1, -1, 0, 1, -1, -1, -1, 2, 3, 4, -1, 5, 6 },
	{ -1, -1, 0, 1, -1, -1, 2, -1, 3, -1, 4, 5, 6 },
	{ -1, -1, 0, 1, -1, -1, 2, -1, -1, 3, 4, 5, 6 },
	{ -1, -1, 0, 1, -1, -1, -1, 2, 3, -1, 4, 5, 6 },
	{ -1, -1, 0, 1, -1, -1, -1, 2, -1, 3, 4, 5, 6 },
	{ -1, -1, 0, 1, -1, -1, -1, -1, 2, 3, 4, 5, 6 },
	{ -1, -1, 0, -1, 1, 2, -1, 3, -1, 4, -1, 5, 6 },
	{ -1, -1, 0, -1, 1, 2, -1, 3, -1, -1, 4, 5, 6 },
	{ -1, -1, 0, -1, 1, 2, -1, -1, 3, 4, -1, 5, 6 },
	{ -1, -1, 0, -1, 1, 2, -1, -1, 3, -1, 4, 5, 6 },
	{ -1, -1, 0, -1, 1, 2, -1, -1, -1, 3, 4, 5, 6 },
	{ -1, -1, -1, 0, 1, 2, -1, 3, -1, 4, -1, 5, 6 },
	{ -1, -1, -1, 0, 1, 2, -1, 3, -1, -1, 4, 5, 6 },
	{ -1, -1, -1, 0, 1, 2, -1, -1, 3, 4, -1, 5, 6 },
	{ -1, -1, -1, 0, 1, 2, -1, -1, 3, -1, 4, 5, 6 },
	{ -1, -1, -1, 0, 1, 2, -1, -1, -1, 3, 4, 5, 6 },
	{ -1, -1, 0, -1, 1, -1, 2, 3, -1, 4, -1, 5, 6 },
	{ -1, -1, 0, -1, 1, -1, 2, 3, -1, -1, 4, 5, 6 },
	{ -1, -1, 0, -1, -1, 1, 2, 3, -1, 4, -1, 5, 6 },
	{ -1, -1, 0, -1, -1, 1, 2, 3, -1, -1, 4, 5, 6 },
	{ -1, -1, -1, 0, 1, -1, 2, 3, -1, 4, -1, 5, 6 },
	{ -1, -1, -1, 0, 1, -1, 2, 3, -1, -1, 4, 5, 6 },
	{ -1, -1, -1, 0, -1, 1, 2, 3, -1, 4, -1, 5, 6 },
	{ -1, -1, -1, 0, -1, 1, 2, 3, -1, -1, 4, 5, 6 },
	{ -1, -1, -1, -1, 0, 1, 2, 3, -1, 4, -1, 5, 6 },
	{ -1, -1, -1, -1, 0, 1, 2, 3, -1, -1, 4, 5, 6 },
	{ -1, -1, 0, -1, 1, -1, 2, -1, 3, 4, -1, 5, 6 },
	{ -1, -1, 0, -1, 1, -1, -1, 2, 3, 4, -1, 5, 6 },
	{ -1, -1, 0, -1, -1, 1, 2, -1, 3, 4, -1, 5, 6 },
	{ -1, -1, 0, -1, -1, 1, -1, 2, 3, 4, -1, 5, 6 },
	{ -1, -1, 0, -1, -1, -1, 1, 2, 3, 4, -1, 5, 6 },
	{ -1, -1, -1, 0, 1, -1, 2, -1, 3, 4, -1, 5, 6 },
	{ -1, -1, -1, 0, 1, -1, -1, 2, 3, 4, -1, 5, 6 },
	{ -1, -1, -1, 0, -1, 1, 2, -1, 3, 4, -1, 5, 6 },
	{ -1, -1, -1, -1, 0, 1, 2, -1, 3, 4, -1, 5, 6 },
	{ -1, -1, -1, 0, -1, 1, -1, 2, 3, 4, -1, 5, 6 },
	{ -1, -1, -1, 0, -1, -1, 1, 2, 3, 4, -1, 5, 6 },
	{ -1, -1, -1, -1, 0, 1, -1, 2, 3, 4, -1, 5, 6 },
	{ -1, -1, -1, -1, 0, -1, 1, 2, 3, 4, -1, 5, 6 },
	{ -1, -1, -1, -1, -1, 0, 1, 2, 3, 4, -1, 5, 6 },
	{ -1, -1, 0, -1, 1, -1, 2, -1, 3, -1, 4, 5, 6 },
	{ -1, -1, 0, -1, 1, -1, 2, -1, -1, 3, 4, 5, 6 },
	{ -1, -1, 0, -1, 1, -1, -1, 2, 3, -1, 4, 5, 6 },
	{ -1, -1, 0, -1, 1, -1, -1, 2, -1, 3, 4, 5, 6 },
	{ -1, -1, 0, -1, 1, -1, -1, -1, 2, 3, 4, 5, 6 },
	{ -1, -1, 0, -1, -1, 1, 2, -1, 3, -1, 4, 5, 6 },
	{ -1, -1, 0, -1, -1, 1, 2, -1, -1, 3, 4, 5, 6 },
	{ -1, -1, 0, -1, -1, 1, -1, 2, 3, -1, 4, 5, 6 },
	{ -1, -1, 0, -1, -1, -1, 1, 2, 3, -1, 4, 5, 6 },
	{ -1, -1, 0, -1, -1, 1, -1, 2, -1, 3, 4, 5, 6 },
	{ -1, -1, 0, -1, -1, 1, -1, -1, 2, 3, 4, 5, 6 },
	{ -1, -1, 0, -1, -1, -1, 1, 2, -1, 3, 4, 5, 6 },
	{ -1, -1, 0, -1, -1, -1, 1, -1, 2, 3, 4, 5, 6 },
	{ -1, -1, 0, -1, -1, -1, -1, 1, 2, 3, 4, 5, 6 },
	{ -1, -1, -1, 0, 1, -1, 2, -1, 3, -1, 4, 5, 6 },
	{ -1, -1, -1, 0, 1, -1, 2, -1, -1, 3, 4, 5, 6 },
	{ -1, -1, -1, 0, 1, -1, -1, 2, 3, -1, 4, 5, 6 },
	{ -1, -1, -1, 0, 1, -1, -1, 2, -1, 3, 4, 5, 6 },
	{ -1, -1, -1, 0, 1, -1, -1, -1, 2, 3, 4, 5, 6 },
	{ -1, -1, -1, 0, -1, 1, 2, -1, 3, -1, 4, 5, 6 },
	{ -1, -1, -1, 0, -1, 1, 2, -1, -1, 3, 4, 5, 6 },
	{ -1, -1, -1, -1, 0, 1, 2, -1, 3, -1, 4, 5, 6 },
	{ -1, -1, -1, -1, 0, 1, 2, -1, -1, 3, 4, 5, 6 },
	{ -1, -1, -1, 0, -1, 1, -1, 2, 3, -1, 4, 5, 6 },
	{ -1, -1, -1, 0, -1, -1, 1, 2, 3, -1, 4, 5, 6 },
	{ -1, -1, -1, -1, 0, 1, -1, 2, 3, -1, 4, 5, 6 },
	{ -1, -1, -1, -1, 0, -1, 1, 2, 3, -1, 4, 5, 6 },
	{ -1, -1, -1, -1, -1, 0, 1, 2, 3, -1, 4, 5, 6 },
	{ -1, -1, -1, 0, -1, 1, -1, 2, -1, 3, 4, 5, 6 },
	{ -1, -1, -1, 0, -1, 1, -1, -1, 2, 3, 4, 5, 6 },
	{ -1, -1, -1, 0, -1, -1, 1, 2, -1, 3, 4, 5, 6 },
	{ -1, -1, -1, 0, -1, -1, 1, -1, 2, 3, 4, 5, 6 },
	{ -1, -1, -1, 0, -1, -1, -1, 1, 2, 3, 4, 5, 6 },
	{ -1, -1, -1, -1, 0, 1, -1, 2, -1, 3, 4, 5, 6 },
	{ -1, -1, -1, -1, 0, 1, -1, -1, 2, 3, 4, 5, 6 },
	{ -1, -1, -1, -1, 0, -1, 1, 2, -1, 3, 4, 5, 6 },
	{ -1, -1, -1, -1, -1, 0, 1, 2, -1, 3, 4, 5, 6 },
	{ -1, -1, -1, -1, 0, -1, 1, -1, 2, 3, 4, 5, 6 },
	{ -1, -1, -1, -1, 0, -1, -1, 1, 2, 3, 4, 5, 6 },
	{ -1, -1, -1, -1, -1, 0, 1, -1, 2, 3, 4, 5, 6 },
	{ -1, -1, -1, -1, -1, 0, -1, 1, 2, 3, 4, 5, 6 },
	{ -1, -1, -1, -1, -1, -1, 0, 1, 2, 3, 4, 5, 6 }
};

// 8入力の分解パタン
const ymuint n_pat8 = 429;
int pat8[n_pat8][15] = {
	{ -1, 0, -1, 1, -1, 2, -1, 3, -1, 4, -1, 5, -1, 6, 7 },
	{ -1, 0, -1, 1, -1, 2, -1, 3, -1, 4, -1, -1, 5, 6, 7 },
	{ -1, 0, -1, 1, -1, 2, -1, 3, -1, -1, 4, 5, -1, 6, 7 },
	{ -1, 0, -1, 1, -1, 2, -1, 3, -1, -1, 4, -1, 5, 6, 7 },
	{ -1, 0, -1, 1, -1, 2, -1, 3, -1, -1, -1, 4, 5, 6, 7 },
	{ -1, 0, -1, 1, -1, 2, -1, -1, 3, 4, -1, 5, -1, 6, 7 },
	{ -1, 0, -1, 1, -1, 2, -1, -1, 3, 4, -1, -1, 5, 6, 7 },
	{ -1, 0, -1, 1, -1, 2, -1, -1, 3, -1, 4, 5, -1, 6, 7 },
	{ -1, 0, -1, 1, -1, 2, -1, -1, -1, 3, 4, 5, -1, 6, 7 },
	{ -1, 0, -1, 1, -1, 2, -1, -1, 3, -1, 4, -1, 5, 6, 7 },
	{ -1, 0, -1, 1, -1, 2, -1, -1, 3, -1, -1, 4, 5, 6, 7 },
	{ -1, 0, -1, 1, -1, 2, -1, -1, -1, 3, 4, -1, 5, 6, 7 },
	{ -1, 0, -1, 1, -1, 2, -1, -1, -1, 3, -1, 4, 5, 6, 7 },
	{ -1, 0, -1, 1, -1, 2, -1, -1, -1, -1, 3, 4, 5, 6, 7 },
	{ -1, 0, -1, 1, -1, -1, 2, 3, -1, 4, -1, 5, -1, 6, 7 },
	{ -1, 0, -1, 1, -1, -1, 2, 3, -1, 4, -1, -1, 5, 6, 7 },
	{ -1, 0, -1, 1, -1, -1, 2, 3, -1, -1, 4, 5, -1, 6, 7 },
	{ -1, 0, -1, 1, -1, -1, 2, 3, -1, -1, 4, -1, 5, 6, 7 },
	{ -1, 0, -1, 1, -1, -1, 2, 3, -1, -1, -1, 4, 5, 6, 7 },
	{ -1, 0, -1, 1, -1, -1, 2, -1, 3, 4, -1, 5, -1, 6, 7 },
	{ -1, 0, -1, 1, -1, -1, 2, -1, 3, 4, -1, -1, 5, 6, 7 },
	{ -1, 0, -1, 1, -1, -1, -1, 2, 3, 4, -1, 5, -1, 6, 7 },
	{ -1, 0, -1, 1, -1, -1, -1, 2, 3, 4, -1, -1, 5, 6, 7 },
	{ -1, 0, -1, 1, -1, -1, 2, -1, 3, -1, 4, 5, -1, 6, 7 },
	{ -1, 0, -1, 1, -1, -1, 2, -1, -1, 3, 4, 5, -1, 6, 7 },
	{ -1, 0, -1, 1, -1, -1, -1, 2, 3, -1, 4, 5, -1, 6, 7 },
	{ -1, 0, -1, 1, -1, -1, -1, 2, -1, 3, 4, 5, -1, 6, 7 },
	{ -1, 0, -1, 1, -1, -1, -1, -1, 2, 3, 4, 5, -1, 6, 7 },
	{ -1, 0, -1, 1, -1, -1, 2, -1, 3, -1, 4, -1, 5, 6, 7 },
	{ -1, 0, -1, 1, -1, -1, 2, -1, 3, -1, -1, 4, 5, 6, 7 },
	{ -1, 0, -1, 1, -1, -1, 2, -1, -1, 3, 4, -1, 5, 6, 7 },
	{ -1, 0, -1, 1, -1, -1, 2, -1, -1, 3, -1, 4, 5, 6, 7 },
	{ -1, 0, -1, 1, -1, -1, 2, -1, -1, -1, 3, 4, 5, 6, 7 },
	{ -1, 0, -1, 1, -1, -1, -1, 2, 3, -1, 4, -1, 5, 6, 7 },
	{ -1, 0, -1, 1, -1, -1, -1, 2, 3, -1, -1, 4, 5, 6, 7 },
	{ -1, 0, -1, 1, -1, -1, -1, 2, -1, 3, 4, -1, 5, 6, 7 },
	{ -1, 0, -1, 1, -1, -1, -1, -1, 2, 3, 4, -1, 5, 6, 7 },
	{ -1, 0, -1, 1, -1, -1, -1, 2, -1, 3, -1, 4, 5, 6, 7 },
	{ -1, 0, -1, 1, -1, -1, -1, 2, -1, -1, 3, 4, 5, 6, 7 },
	{ -1, 0, -1, 1, -1, -1, -1, -1, 2, 3, -1, 4, 5, 6, 7 },
	{ -1, 0, -1, 1, -1, -1, -1, -1, 2, -1, 3, 4, 5, 6, 7 },
	{ -1, 0, -1, 1, -1, -1, -1, -1, -1, 2, 3, 4, 5, 6, 7 },
	{ -1, 0, -1, -1, 1, 2, -1, 3, -1, 4, -1, 5, -1, 6, 7 },
	{ -1, 0, -1, -1, 1, 2, -1, 3, -1, 4, -1, -1, 5, 6, 7 },
	{ -1, 0, -1, -1, 1, 2, -1, 3, -1, -1, 4, 5, -1, 6, 7 },
	{ -1, 0, -1, -1, 1, 2, -1, 3, -1, -1, 4, -1, 5, 6, 7 },
	{ -1, 0, -1, -1, 1, 2, -1, 3, -1, -1, -1, 4, 5, 6, 7 },
	{ -1, 0, -1, -1, 1, 2, -1, -1, 3, 4, -1, 5, -1, 6, 7 },
	{ -1, 0, -1, -1, 1, 2, -1, -1, 3, 4, -1, -1, 5, 6, 7 },
	{ -1, 0, -1, -1, 1, 2, -1, -1, 3, -1, 4, 5, -1, 6, 7 },
	{ -1, 0, -1, -1, 1, 2, -1, -1, -1, 3, 4, 5, -1, 6, 7 },
	{ -1, 0, -1, -1, 1, 2, -1, -1, 3, -1, 4, -1, 5, 6, 7 },
	{ -1, 0, -1, -1, 1, 2, -1, -1, 3, -1, -1, 4, 5, 6, 7 },
	{ -1, 0, -1, -1, 1, 2, -1, -1, -1, 3, 4, -1, 5, 6, 7 },
	{ -1, 0, -1, -1, 1, 2, -1, -1, -1, 3, -1, 4, 5, 6, 7 },
	{ -1, 0, -1, -1, 1, 2, -1, -1, -1, -1, 3, 4, 5, 6, 7 },
	{ -1, 0, -1, -1, 1, -1, 2, 3, -1, 4, -1, 5, -1, 6, 7 },
	{ -1, 0, -1, -1, 1, -1, 2, 3, -1, 4, -1, -1, 5, 6, 7 },
	{ -1, 0, -1, -1, 1, -1, 2, 3, -1, -1, 4, 5, -1, 6, 7 },
	{ -1, 0, -1, -1, 1, -1, 2, 3, -1, -1, 4, -1, 5, 6, 7 },
	{ -1, 0, -1, -1, 1, -1, 2, 3, -1, -1, -1, 4, 5, 6, 7 },
	{ -1, 0, -1, -1, -1, 1, 2, 3, -1, 4, -1, 5, -1, 6, 7 },
	{ -1, 0, -1, -1, -1, 1, 2, 3, -1, 4, -1, -1, 5, 6, 7 },
	{ -1, 0, -1, -1, -1, 1, 2, 3, -1, -1, 4, 5, -1, 6, 7 },
	{ -1, 0, -1, -1, -1, 1, 2, 3, -1, -1, 4, -1, 5, 6, 7 },
	{ -1, 0, -1, -1, -1, 1, 2, 3, -1, -1, -1, 4, 5, 6, 7 },
	{ -1, 0, -1, -1, 1, -1, 2, -1, 3, 4, -1, 5, -1, 6, 7 },
	{ -1, 0, -1, -1, 1, -1, 2, -1, 3, 4, -1, -1, 5, 6, 7 },
	{ -1, 0, -1, -1, 1, -1, -1, 2, 3, 4, -1, 5, -1, 6, 7 },
	{ -1, 0, -1, -1, 1, -1, -1, 2, 3, 4, -1, -1, 5, 6, 7 },
	{ -1, 0, -1, -1, -1, 1, 2, -1, 3, 4, -1, 5, -1, 6, 7 },
	{ -1, 0, -1, -1, -1, 1, 2, -1, 3, 4, -1, -1, 5, 6, 7 },
	{ -1, 0, -1, -1, -1, 1, -1, 2, 3, 4, -1, 5, -1, 6, 7 },
	{ -1, 0, -1, -1, -1, 1, -1, 2, 3, 4, -1, -1, 5, 6, 7 },
	{ -1, 0, -1, -1, -1, -1, 1, 2, 3, 4, -1, 5, -1, 6, 7 },
	{ -1, 0, -1, -1, -1, -1, 1, 2, 3, 4, -1, -1, 5, 6, 7 },
	{ -1, 0, -1, -1, 1, -1, 2, -1, 3, -1, 4, 5, -1, 6, 7 },
	{ -1, 0, -1, -1, 1, -1, 2, -1, -1, 3, 4, 5, -1, 6, 7 },
	{ -1, 0, -1, -1, 1, -1, -1, 2, 3, -1, 4, 5, -1, 6, 7 },
	{ -1, 0, -1, -1, 1, -1, -1, 2, -1, 3, 4, 5, -1, 6, 7 },
	{ -1, 0, -1, -1, 1, -1, -1, -1, 2, 3, 4, 5, -1, 6, 7 },
	{ -1, 0, -1, -1, -1, 1, 2, -1, 3, -1, 4, 5, -1, 6, 7 },
	{ -1, 0, -1, -1, -1, 1, 2, -1, -1, 3, 4, 5, -1, 6, 7 },
	{ -1, 0, -1, -1, -1, 1, -1, 2, 3, -1, 4, 5, -1, 6, 7 },
	{ -1, 0, -1, -1, -1, -1, 1, 2, 3, -1, 4, 5, -1, 6, 7 },
	{ -1, 0, -1, -1, -1, 1, -1, 2, -1, 3, 4, 5, -1, 6, 7 },
	{ -1, 0, -1, -1, -1, 1, -1, -1, 2, 3, 4, 5, -1, 6, 7 },
	{ -1, 0, -1, -1, -1, -1, 1, 2, -1, 3, 4, 5, -1, 6, 7 },
	{ -1, 0, -1, -1, -1, -1, 1, -1, 2, 3, 4, 5, -1, 6, 7 },
	{ -1, 0, -1, -1, -1, -1, -1, 1, 2, 3, 4, 5, -1, 6, 7 },
	{ -1, 0, -1, -1, 1, -1, 2, -1, 3, -1, 4, -1, 5, 6, 7 },
	{ -1, 0, -1, -1, 1, -1, 2, -1, 3, -1, -1, 4, 5, 6, 7 },
	{ -1, 0, -1, -1, 1, -1, 2, -1, -1, 3, 4, -1, 5, 6, 7 },
	{ -1, 0, -1, -1, 1, -1, 2, -1, -1, 3, -1, 4, 5, 6, 7 },
	{ -1, 0, -1, -1, 1, -1, 2, -1, -1, -1, 3, 4, 5, 6, 7 },
	{ -1, 0, -1, -1, 1, -1, -1, 2, 3, -1, 4, -1, 5, 6, 7 },
	{ -1, 0, -1, -1, 1, -1, -1, 2, 3, -1, -1, 4, 5, 6, 7 },
	{ -1, 0, -1, -1, 1, -1, -1, 2, -1, 3, 4, -1, 5, 6, 7 },
	{ -1, 0, -1, -1, 1, -1, -1, -1, 2, 3, 4, -1, 5, 6, 7 },
	{ -1, 0, -1, -1, 1, -1, -1, 2, -1, 3, -1, 4, 5, 6, 7 },
	{ -1, 0, -1, -1, 1, -1, -1, 2, -1, -1, 3, 4, 5, 6, 7 },
	{ -1, 0, -1, -1, 1, -1, -1, -1, 2, 3, -1, 4, 5, 6, 7 },
	{ -1, 0, -1, -1, 1, -1, -1, -1, 2, -1, 3, 4, 5, 6, 7 },
	{ -1, 0, -1, -1, 1, -1, -1, -1, -1, 2, 3, 4, 5, 6, 7 },
	{ -1, 0, -1, -1, -1, 1, 2, -1, 3, -1, 4, -1, 5, 6, 7 },
	{ -1, 0, -1, -1, -1, 1, 2, -1, 3, -1, -1, 4, 5, 6, 7 },
	{ -1, 0, -1, -1, -1, 1, 2, -1, -1, 3, 4, -1, 5, 6, 7 },
	{ -1, 0, -1, -1, -1, 1, 2, -1, -1, 3, -1, 4, 5, 6, 7 },
	{ -1, 0, -1, -1, -1, 1, 2, -1, -1, -1, 3, 4, 5, 6, 7 },
	{ -1, 0, -1, -1, -1, 1, -1, 2, 3, -1, 4, -1, 5, 6, 7 },
	{ -1, 0, -1, -1, -1, 1, -1, 2, 3, -1, -1, 4, 5, 6, 7 },
	{ -1, 0, -1, -1, -1, -1, 1, 2, 3, -1, 4, -1, 5, 6, 7 },
	{ -1, 0, -1, -1, -1, -1, 1, 2, 3, -1, -1, 4, 5, 6, 7 },
	{ -1, 0, -1, -1, -1, 1, -1, 2, -1, 3, 4, -1, 5, 6, 7 },
	{ -1, 0, -1, -1, -1, 1, -1, -1, 2, 3, 4, -1, 5, 6, 7 },
	{ -1, 0, -1, -1, -1, -1, 1, 2, -1, 3, 4, -1, 5, 6, 7 },
	{ -1, 0, -1, -1, -1, -1, 1, -1, 2, 3, 4, -1, 5, 6, 7 },
	{ -1, 0, -1, -1, -1, -1, -1, 1, 2, 3, 4, -1, 5, 6, 7 },
	{ -1, 0, -1, -1, -1, 1, -1, 2, -1, 3, -1, 4, 5, 6, 7 },
	{ -1, 0, -1, -1, -1, 1, -1, 2, -1, -1, 3, 4, 5, 6, 7 },
	{ -1, 0, -1, -1, -1, 1, -1, -1, 2, 3, -1, 4, 5, 6, 7 },
	{ -1, 0, -1, -1, -1, 1, -1, -1, 2, -1, 3, 4, 5, 6, 7 },
	{ -1, 0, -1, -1, -1, 1, -1, -1, -1, 2, 3, 4, 5, 6, 7 },
	{ -1, 0, -1, -1, -1, -1, 1, 2, -1, 3, -1, 4, 5, 6, 7 },
	{ -1, 0, -1, -1, -1, -1, 1, 2, -1, -1, 3, 4, 5, 6, 7 },
	{ -1, 0, -1, -1, -1, -1, 1, -1, 2, 3, -1, 4, 5, 6, 7 },
	{ -1, 0, -1, -1, -1, -1, -1, 1, 2, 3, -1, 4, 5, 6, 7 },
	{ -1, 0, -1, -1, -1, -1, 1, -1, 2, -1, 3, 4, 5, 6, 7 },
	{ -1, 0, -1, -1, -1, -1, 1, -1, -1, 2, 3, 4, 5, 6, 7 },
	{ -1, 0, -1, -1, -1, -1, -1, 1, 2, -1, 3, 4, 5, 6, 7 },
	{ -1, 0, -1, -1, -1, -1, -1, 1, -1, 2, 3, 4, 5, 6, 7 },
	{ -1, 0, -1, -1, -1, -1, -1, -1, 1, 2, 3, 4, 5, 6, 7 },
	{ -1, -1, 0, 1, -1, 2, -1, 3, -1, 4, -1, 5, -1, 6, 7 },
	{ -1, -1, 0, 1, -1, 2, -1, 3, -1, 4, -1, -1, 5, 6, 7 },
	{ -1, -1, 0, 1, -1, 2, -1, 3, -1, -1, 4, 5, -1, 6, 7 },
	{ -1, -1, 0, 1, -1, 2, -1, 3, -1, -1, 4, -1, 5, 6, 7 },
	{ -1, -1, 0, 1, -1, 2, -1, 3, -1, -1, -1, 4, 5, 6, 7 },
	{ -1, -1, 0, 1, -1, 2, -1, -1, 3, 4, -1, 5, -1, 6, 7 },
	{ -1, -1, 0, 1, -1, 2, -1, -1, 3, 4, -1, -1, 5, 6, 7 },
	{ -1, -1, 0, 1, -1, 2, -1, -1, 3, -1, 4, 5, -1, 6, 7 },
	{ -1, -1, 0, 1, -1, 2, -1, -1, -1, 3, 4, 5, -1, 6, 7 },
	{ -1, -1, 0, 1, -1, 2, -1, -1, 3, -1, 4, -1, 5, 6, 7 },
	{ -1, -1, 0, 1, -1, 2, -1, -1, 3, -1, -1, 4, 5, 6, 7 },
	{ -1, -1, 0, 1, -1, 2, -1, -1, -1, 3, 4, -1, 5, 6, 7 },
	{ -1, -1, 0, 1, -1, 2, -1, -1, -1, 3, -1, 4, 5, 6, 7 },
	{ -1, -1, 0, 1, -1, 2, -1, -1, -1, -1, 3, 4, 5, 6, 7 },
	{ -1, -1, 0, 1, -1, -1, 2, 3, -1, 4, -1, 5, -1, 6, 7 },
	{ -1, -1, 0, 1, -1, -1, 2, 3, -1, 4, -1, -1, 5, 6, 7 },
	{ -1, -1, 0, 1, -1, -1, 2, 3, -1, -1, 4, 5, -1, 6, 7 },
	{ -1, -1, 0, 1, -1, -1, 2, 3, -1, -1, 4, -1, 5, 6, 7 },
	{ -1, -1, 0, 1, -1, -1, 2, 3, -1, -1, -1, 4, 5, 6, 7 },
	{ -1, -1, 0, 1, -1, -1, 2, -1, 3, 4, -1, 5, -1, 6, 7 },
	{ -1, -1, 0, 1, -1, -1, 2, -1, 3, 4, -1, -1, 5, 6, 7 },
	{ -1, -1, 0, 1, -1, -1, -1, 2, 3, 4, -1, 5, -1, 6, 7 },
	{ -1, -1, 0, 1, -1, -1, -1, 2, 3, 4, -1, -1, 5, 6, 7 },
	{ -1, -1, 0, 1, -1, -1, 2, -1, 3, -1, 4, 5, -1, 6, 7 },
	{ -1, -1, 0, 1, -1, -1, 2, -1, -1, 3, 4, 5, -1, 6, 7 },
	{ -1, -1, 0, 1, -1, -1, -1, 2, 3, -1, 4, 5, -1, 6, 7 },
	{ -1, -1, 0, 1, -1, -1, -1, 2, -1, 3, 4, 5, -1, 6, 7 },
	{ -1, -1, 0, 1, -1, -1, -1, -1, 2, 3, 4, 5, -1, 6, 7 },
	{ -1, -1, 0, 1, -1, -1, 2, -1, 3, -1, 4, -1, 5, 6, 7 },
	{ -1, -1, 0, 1, -1, -1, 2, -1, 3, -1, -1, 4, 5, 6, 7 },
	{ -1, -1, 0, 1, -1, -1, 2, -1, -1, 3, 4, -1, 5, 6, 7 },
	{ -1, -1, 0, 1, -1, -1, 2, -1, -1, 3, -1, 4, 5, 6, 7 },
	{ -1, -1, 0, 1, -1, -1, 2, -1, -1, -1, 3, 4, 5, 6, 7 },
	{ -1, -1, 0, 1, -1, -1, -1, 2, 3, -1, 4, -1, 5, 6, 7 },
	{ -1, -1, 0, 1, -1, -1, -1, 2, 3, -1, -1, 4, 5, 6, 7 },
	{ -1, -1, 0, 1, -1, -1, -1, 2, -1, 3, 4, -1, 5, 6, 7 },
	{ -1, -1, 0, 1, -1, -1, -1, -1, 2, 3, 4, -1, 5, 6, 7 },
	{ -1, -1, 0, 1, -1, -1, -1, 2, -1, 3, -1, 4, 5, 6, 7 },
	{ -1, -1, 0, 1, -1, -1, -1, 2, -1, -1, 3, 4, 5, 6, 7 },
	{ -1, -1, 0, 1, -1, -1, -1, -1, 2, 3, -1, 4, 5, 6, 7 },
	{ -1, -1, 0, 1, -1, -1, -1, -1, 2, -1, 3, 4, 5, 6, 7 },
	{ -1, -1, 0, 1, -1, -1, -1, -1, -1, 2, 3, 4, 5, 6, 7 },
	{ -1, -1, 0, -1, 1, 2, -1, 3, -1, 4, -1, 5, -1, 6, 7 },
	{ -1, -1, 0, -1, 1, 2, -1, 3, -1, 4, -1, -1, 5, 6, 7 },
	{ -1, -1, 0, -1, 1, 2, -1, 3, -1, -1, 4, 5, -1, 6, 7 },
	{ -1, -1, 0, -1, 1, 2, -1, 3, -1, -1, 4, -1, 5, 6, 7 },
	{ -1, -1, 0, -1, 1, 2, -1, 3, -1, -1, -1, 4, 5, 6, 7 },
	{ -1, -1, 0, -1, 1, 2, -1, -1, 3, 4, -1, 5, -1, 6, 7 },
	{ -1, -1, 0, -1, 1, 2, -1, -1, 3, 4, -1, -1, 5, 6, 7 },
	{ -1, -1, 0, -1, 1, 2, -1, -1, 3, -1, 4, 5, -1, 6, 7 },
	{ -1, -1, 0, -1, 1, 2, -1, -1, -1, 3, 4, 5, -1, 6, 7 },
	{ -1, -1, 0, -1, 1, 2, -1, -1, 3, -1, 4, -1, 5, 6, 7 },
	{ -1, -1, 0, -1, 1, 2, -1, -1, 3, -1, -1, 4, 5, 6, 7 },
	{ -1, -1, 0, -1, 1, 2, -1, -1, -1, 3, 4, -1, 5, 6, 7 },
	{ -1, -1, 0, -1, 1, 2, -1, -1, -1, 3, -1, 4, 5, 6, 7 },
	{ -1, -1, 0, -1, 1, 2, -1, -1, -1, -1, 3, 4, 5, 6, 7 },
	{ -1, -1, -1, 0, 1, 2, -1, 3, -1, 4, -1, 5, -1, 6, 7 },
	{ -1, -1, -1, 0, 1, 2, -1, 3, -1, 4, -1, -1, 5, 6, 7 },
	{ -1, -1, -1, 0, 1, 2, -1, 3, -1, -1, 4, 5, -1, 6, 7 },
	{ -1, -1, -1, 0, 1, 2, -1, 3, -1, -1, 4, -1, 5, 6, 7 },
	{ -1, -1, -1, 0, 1, 2, -1, 3, -1, -1, -1, 4, 5, 6, 7 },
	{ -1, -1, -1, 0, 1, 2, -1, -1, 3, 4, -1, 5, -1, 6, 7 },
	{ -1, -1, -1, 0, 1, 2, -1, -1, 3, 4, -1, -1, 5, 6, 7 },
	{ -1, -1, -1, 0, 1, 2, -1, -1, 3, -1, 4, 5, -1, 6, 7 },
	{ -1, -1, -1, 0, 1, 2, -1, -1, -1, 3, 4, 5, -1, 6, 7 },
	{ -1, -1, -1, 0, 1, 2, -1, -1, 3, -1, 4, -1, 5, 6, 7 },
	{ -1, -1, -1, 0, 1, 2, -1, -1, 3, -1, -1, 4, 5, 6, 7 },
	{ -1, -1, -1, 0, 1, 2, -1, -1, -1, 3, 4, -1, 5, 6, 7 },
	{ -1, -1, -1, 0, 1, 2, -1, -1, -1, 3, -1, 4, 5, 6, 7 },
	{ -1, -1, -1, 0, 1, 2, -1, -1, -1, -1, 3, 4, 5, 6, 7 },
	{ -1, -1, 0, -1, 1, -1, 2, 3, -1, 4, -1, 5, -1, 6, 7 },
	{ -1, -1, 0, -1, 1, -1, 2, 3, -1, 4, -1, -1, 5, 6, 7 },
	{ -1, -1, 0, -1, 1, -1, 2, 3, -1, -1, 4, 5, -1, 6, 7 },
	{ -1, -1, 0, -1, 1, -1, 2, 3, -1, -1, 4, -1, 5, 6, 7 },
	{ -1, -1, 0, -1, 1, -1, 2, 3, -1, -1, -1, 4, 5, 6, 7 },
	{ -1, -1, 0, -1, -1, 1, 2, 3, -1, 4, -1, 5, -1, 6, 7 },
	{ -1, -1, 0, -1, -1, 1, 2, 3, -1, 4, -1, -1, 5, 6, 7 },
	{ -1, -1, 0, -1, -1, 1, 2, 3, -1, -1, 4, 5, -1, 6, 7 },
	{ -1, -1, 0, -1, -1, 1, 2, 3, -1, -1, 4, -1, 5, 6, 7 },
	{ -1, -1, 0, -1, -1, 1, 2, 3, -1, -1, -1, 4, 5, 6, 7 },
	{ -1, -1, -1, 0, 1, -1, 2, 3, -1, 4, -1, 5, -1, 6, 7 },
	{ -1, -1, -1, 0, 1, -1, 2, 3, -1, 4, -1, -1, 5, 6, 7 },
	{ -1, -1, -1, 0, 1, -1, 2, 3, -1, -1, 4, 5, -1, 6, 7 },
	{ -1, -1, -1, 0, 1, -1, 2, 3, -1, -1, 4, -1, 5, 6, 7 },
	{ -1, -1, -1, 0, 1, -1, 2, 3, -1, -1, -1, 4, 5, 6, 7 },
	{ -1, -1, -1, 0, -1, 1, 2, 3, -1, 4, -1, 5, -1, 6, 7 },
	{ -1, -1, -1, 0, -1, 1, 2, 3, -1, 4, -1, -1, 5, 6, 7 },
	{ -1, -1, -1, 0, -1, 1, 2, 3, -1, -1, 4, 5, -1, 6, 7 },
	{ -1, -1, -1, 0, -1, 1, 2, 3, -1, -1, 4, -1, 5, 6, 7 },
	{ -1, -1, -1, 0, -1, 1, 2, 3, -1, -1, -1, 4, 5, 6, 7 },
	{ -1, -1, -1, -1, 0, 1, 2, 3, -1, 4, -1, 5, -1, 6, 7 },
	{ -1, -1, -1, -1, 0, 1, 2, 3, -1, 4, -1, -1, 5, 6, 7 },
	{ -1, -1, -1, -1, 0, 1, 2, 3, -1, -1, 4, 5, -1, 6, 7 },
	{ -1, -1, -1, -1, 0, 1, 2, 3, -1, -1, 4, -1, 5, 6, 7 },
	{ -1, -1, -1, -1, 0, 1, 2, 3, -1, -1, -1, 4, 5, 6, 7 },
	{ -1, -1, 0, -1, 1, -1, 2, -1, 3, 4, -1, 5, -1, 6, 7 },
	{ -1, -1, 0, -1, 1, -1, 2, -1, 3, 4, -1, -1, 5, 6, 7 },
	{ -1, -1, 0, -1, 1, -1, -1, 2, 3, 4, -1, 5, -1, 6, 7 },
	{ -1, -1, 0, -1, 1, -1, -1, 2, 3, 4, -1, -1, 5, 6, 7 },
	{ -1, -1, 0, -1, -1, 1, 2, -1, 3, 4, -1, 5, -1, 6, 7 },
	{ -1, -1, 0, -1, -1, 1, 2, -1, 3, 4, -1, -1, 5, 6, 7 },
	{ -1, -1, 0, -1, -1, 1, -1, 2, 3, 4, -1, 5, -1, 6, 7 },
	{ -1, -1, 0, -1, -1, 1, -1, 2, 3, 4, -1, -1, 5, 6, 7 },
	{ -1, -1, 0, -1, -1, -1, 1, 2, 3, 4, -1, 5, -1, 6, 7 },
	{ -1, -1, 0, -1, -1, -1, 1, 2, 3, 4, -1, -1, 5, 6, 7 },
	{ -1, -1, -1, 0, 1, -1, 2, -1, 3, 4, -1, 5, -1, 6, 7 },
	{ -1, -1, -1, 0, 1, -1, 2, -1, 3, 4, -1, -1, 5, 6, 7 },
	{ -1, -1, -1, 0, 1, -1, -1, 2, 3, 4, -1, 5, -1, 6, 7 },
	{ -1, -1, -1, 0, 1, -1, -1, 2, 3, 4, -1, -1, 5, 6, 7 },
	{ -1, -1, -1, 0, -1, 1, 2, -1, 3, 4, -1, 5, -1, 6, 7 },
	{ -1, -1, -1, 0, -1, 1, 2, -1, 3, 4, -1, -1, 5, 6, 7 },
	{ -1, -1, -1, -1, 0, 1, 2, -1, 3, 4, -1, 5, -1, 6, 7 },
	{ -1, -1, -1, -1, 0, 1, 2, -1, 3, 4, -1, -1, 5, 6, 7 },
	{ -1, -1, -1, 0, -1, 1, -1, 2, 3, 4, -1, 5, -1, 6, 7 },
	{ -1, -1, -1, 0, -1, 1, -1, 2, 3, 4, -1, -1, 5, 6, 7 },
	{ -1, -1, -1, 0, -1, -1, 1, 2, 3, 4, -1, 5, -1, 6, 7 },
	{ -1, -1, -1, 0, -1, -1, 1, 2, 3, 4, -1, -1, 5, 6, 7 },
	{ -1, -1, -1, -1, 0, 1, -1, 2, 3, 4, -1, 5, -1, 6, 7 },
	{ -1, -1, -1, -1, 0, 1, -1, 2, 3, 4, -1, -1, 5, 6, 7 },
	{ -1, -1, -1, -1, 0, -1, 1, 2, 3, 4, -1, 5, -1, 6, 7 },
	{ -1, -1, -1, -1, 0, -1, 1, 2, 3, 4, -1, -1, 5, 6, 7 },
	{ -1, -1, -1, -1, -1, 0, 1, 2, 3, 4, -1, 5, -1, 6, 7 },
	{ -1, -1, -1, -1, -1, 0, 1, 2, 3, 4, -1, -1, 5, 6, 7 },
	{ -1, -1, 0, -1, 1, -1, 2, -1, 3, -1, 4, 5, -1, 6, 7 },
	{ -1, -1, 0, -1, 1, -1, 2, -1, -1, 3, 4, 5, -1, 6, 7 },
	{ -1, -1, 0, -1, 1, -1, -1, 2, 3, -1, 4, 5, -1, 6, 7 },
	{ -1, -1, 0, -1, 1, -1, -1, 2, -1, 3, 4, 5, -1, 6, 7 },
	{ -1, -1, 0, -1, 1, -1, -1, -1, 2, 3, 4, 5, -1, 6, 7 },
	{ -1, -1, 0, -1, -1, 1, 2, -1, 3, -1, 4, 5, -1, 6, 7 },
	{ -1, -1, 0, -1, -1, 1, 2, -1, -1, 3, 4, 5, -1, 6, 7 },
	{ -1, -1, 0, -1, -1, 1, -1, 2, 3, -1, 4, 5, -1, 6, 7 },
	{ -1, -1, 0, -1, -1, -1, 1, 2, 3, -1, 4, 5, -1, 6, 7 },
	{ -1, -1, 0, -1, -1, 1, -1, 2, -1, 3, 4, 5, -1, 6, 7 },
	{ -1, -1, 0, -1, -1, 1, -1, -1, 2, 3, 4, 5, -1, 6, 7 },
	{ -1, -1, 0, -1, -1, -1, 1, 2, -1, 3, 4, 5, -1, 6, 7 },
	{ -1, -1, 0, -1, -1, -1, 1, -1, 2, 3, 4, 5, -1, 6, 7 },
	{ -1, -1, 0, -1, -1, -1, -1, 1, 2, 3, 4, 5, -1, 6, 7 },
	{ -1, -1, -1, 0, 1, -1, 2, -1, 3, -1, 4, 5, -1, 6, 7 },
	{ -1, -1, -1, 0, 1, -1, 2, -1, -1, 3, 4, 5, -1, 6, 7 },
	{ -1, -1, -1, 0, 1, -1, -1, 2, 3, -1, 4, 5, -1, 6, 7 },
	{ -1, -1, -1, 0, 1, -1, -1, 2, -1, 3, 4, 5, -1, 6, 7 },
	{ -1, -1, -1, 0, 1, -1, -1, -1, 2, 3, 4, 5, -1, 6, 7 },
	{ -1, -1, -1, 0, -1, 1, 2, -1, 3, -1, 4, 5, -1, 6, 7 },
	{ -1, -1, -1, 0, -1, 1, 2, -1, -1, 3, 4, 5, -1, 6, 7 },
	{ -1, -1, -1, -1, 0, 1, 2, -1, 3, -1, 4, 5, -1, 6, 7 },
	{ -1, -1, -1, -1, 0, 1, 2, -1, -1, 3, 4, 5, -1, 6, 7 },
	{ -1, -1, -1, 0, -1, 1, -1, 2, 3, -1, 4, 5, -1, 6, 7 },
	{ -1, -1, -1, 0, -1, -1, 1, 2, 3, -1, 4, 5, -1, 6, 7 },
	{ -1, -1, -1, -1, 0, 1, -1, 2, 3, -1, 4, 5, -1, 6, 7 },
	{ -1, -1, -1, -1, 0, -1, 1, 2, 3, -1, 4, 5, -1, 6, 7 },
	{ -1, -1, -1, -1, -1, 0, 1, 2, 3, -1, 4, 5, -1, 6, 7 },
	{ -1, -1, -1, 0, -1, 1, -1, 2, -1, 3, 4, 5, -1, 6, 7 },
	{ -1, -1, -1, 0, -1, 1, -1, -1, 2, 3, 4, 5, -1, 6, 7 },
	{ -1, -1, -1, 0, -1, -1, 1, 2, -1, 3, 4, 5, -1, 6, 7 },
	{ -1, -1, -1, 0, -1, -1, 1, -1, 2, 3, 4, 5, -1, 6, 7 },
	{ -1, -1, -1, 0, -1, -1, -1, 1, 2, 3, 4, 5, -1, 6, 7 },
	{ -1, -1, -1, -1, 0, 1, -1, 2, -1, 3, 4, 5, -1, 6, 7 },
	{ -1, -1, -1, -1, 0, 1, -1, -1, 2, 3, 4, 5, -1, 6, 7 },
	{ -1, -1, -1, -1, 0, -1, 1, 2, -1, 3, 4, 5, -1, 6, 7 },
	{ -1, -1, -1, -1, -1, 0, 1, 2, -1, 3, 4, 5, -1, 6, 7 },
	{ -1, -1, -1, -1, 0, -1, 1, -1, 2, 3, 4, 5, -1, 6, 7 },
	{ -1, -1, -1, -1, 0, -1, -1, 1, 2, 3, 4, 5, -1, 6, 7 },
	{ -1, -1, -1, -1, -1, 0, 1, -1, 2, 3, 4, 5, -1, 6, 7 },
	{ -1, -1, -1, -1, -1, 0, -1, 1, 2, 3, 4, 5, -1, 6, 7 },
	{ -1, -1, -1, -1, -1, -1, 0, 1, 2, 3, 4, 5, -1, 6, 7 },
	{ -1, -1, 0, -1, 1, -1, 2, -1, 3, -1, 4, -1, 5, 6, 7 },
	{ -1, -1, 0, -1, 1, -1, 2, -1, 3, -1, -1, 4, 5, 6, 7 },
	{ -1, -1, 0, -1, 1, -1, 2, -1, -1, 3, 4, -1, 5, 6, 7 },
	{ -1, -1, 0, -1, 1, -1, 2, -1, -1, 3, -1, 4, 5, 6, 7 },
	{ -1, -1, 0, -1, 1, -1, 2, -1, -1, -1, 3, 4, 5, 6, 7 },
	{ -1, -1, 0, -1, 1, -1, -1, 2, 3, -1, 4, -1, 5, 6, 7 },
	{ -1, -1, 0, -1, 1, -1, -1, 2, 3, -1, -1, 4, 5, 6, 7 },
	{ -1, -1, 0, -1, 1, -1, -1, 2, -1, 3, 4, -1, 5, 6, 7 },
	{ -1, -1, 0, -1, 1, -1, -1, -1, 2, 3, 4, -1, 5, 6, 7 },
	{ -1, -1, 0, -1, 1, -1, -1, 2, -1, 3, -1, 4, 5, 6, 7 },
	{ -1, -1, 0, -1, 1, -1, -1, 2, -1, -1, 3, 4, 5, 6, 7 },
	{ -1, -1, 0, -1, 1, -1, -1, -1, 2, 3, -1, 4, 5, 6, 7 },
	{ -1, -1, 0, -1, 1, -1, -1, -1, 2, -1, 3, 4, 5, 6, 7 },
	{ -1, -1, 0, -1, 1, -1, -1, -1, -1, 2, 3, 4, 5, 6, 7 },
	{ -1, -1, 0, -1, -1, 1, 2, -1, 3, -1, 4, -1, 5, 6, 7 },
	{ -1, -1, 0, -1, -1, 1, 2, -1, 3, -1, -1, 4, 5, 6, 7 },
	{ -1, -1, 0, -1, -1, 1, 2, -1, -1, 3, 4, -1, 5, 6, 7 },
	{ -1, -1, 0, -1, -1, 1, 2, -1, -1, 3, -1, 4, 5, 6, 7 },
	{ -1, -1, 0, -1, -1, 1, 2, -1, -1, -1, 3, 4, 5, 6, 7 },
	{ -1, -1, 0, -1, -1, 1, -1, 2, 3, -1, 4, -1, 5, 6, 7 },
	{ -1, -1, 0, -1, -1, 1, -1, 2, 3, -1, -1, 4, 5, 6, 7 },
	{ -1, -1, 0, -1, -1, -1, 1, 2, 3, -1, 4, -1, 5, 6, 7 },
	{ -1, -1, 0, -1, -1, -1, 1, 2, 3, -1, -1, 4, 5, 6, 7 },
	{ -1, -1, 0, -1, -1, 1, -1, 2, -1, 3, 4, -1, 5, 6, 7 },
	{ -1, -1, 0, -1, -1, 1, -1, -1, 2, 3, 4, -1, 5, 6, 7 },
	{ -1, -1, 0, -1, -1, -1, 1, 2, -1, 3, 4, -1, 5, 6, 7 },
	{ -1, -1, 0, -1, -1, -1, 1, -1, 2, 3, 4, -1, 5, 6, 7 },
	{ -1, -1, 0, -1, -1, -1, -1, 1, 2, 3, 4, -1, 5, 6, 7 },
	{ -1, -1, 0, -1, -1, 1, -1, 2, -1, 3, -1, 4, 5, 6, 7 },
	{ -1, -1, 0, -1, -1, 1, -1, 2, -1, -1, 3, 4, 5, 6, 7 },
	{ -1, -1, 0, -1, -1, 1, -1, -1, 2, 3, -1, 4, 5, 6, 7 },
	{ -1, -1, 0, -1, -1, 1, -1, -1, 2, -1, 3, 4, 5, 6, 7 },
	{ -1, -1, 0, -1, -1, 1, -1, -1, -1, 2, 3, 4, 5, 6, 7 },
	{ -1, -1, 0, -1, -1, -1, 1, 2, -1, 3, -1, 4, 5, 6, 7 },
	{ -1, -1, 0, -1, -1, -1, 1, 2, -1, -1, 3, 4, 5, 6, 7 },
	{ -1, -1, 0, -1, -1, -1, 1, -1, 2, 3, -1, 4, 5, 6, 7 },
	{ -1, -1, 0, -1, -1, -1, -1, 1, 2, 3, -1, 4, 5, 6, 7 },
	{ -1, -1, 0, -1, -1, -1, 1, -1, 2, -1, 3, 4, 5, 6, 7 },
	{ -1, -1, 0, -1, -1, -1, 1, -1, -1, 2, 3, 4, 5, 6, 7 },
	{ -1, -1, 0, -1, -1, -1, -1, 1, 2, -1, 3, 4, 5, 6, 7 },
	{ -1, -1, 0, -1, -1, -1, -1, 1, -1, 2, 3, 4, 5, 6, 7 },
	{ -1, -1, 0, -1, -1, -1, -1, -1, 1, 2, 3, 4, 5, 6, 7 },
	{ -1, -1, -1, 0, 1, -1, 2, -1, 3, -1, 4, -1, 5, 6, 7 },
	{ -1, -1, -1, 0, 1, -1, 2, -1, 3, -1, -1, 4, 5, 6, 7 },
	{ -1, -1, -1, 0, 1, -1, 2, -1, -1, 3, 4, -1, 5, 6, 7 },
	{ -1, -1, -1, 0, 1, -1, 2, -1, -1, 3, -1, 4, 5, 6, 7 },
	{ -1, -1, -1, 0, 1, -1, 2, -1, -1, -1, 3, 4, 5, 6, 7 },
	{ -1, -1, -1, 0, 1, -1, -1, 2, 3, -1, 4, -1, 5, 6, 7 },
	{ -1, -1, -1, 0, 1, -1, -1, 2, 3, -1, -1, 4, 5, 6, 7 },
	{ -1, -1, -1, 0, 1, -1, -1, 2, -1, 3, 4, -1, 5, 6, 7 },
	{ -1, -1, -1, 0, 1, -1, -1, -1, 2, 3, 4, -1, 5, 6, 7 },
	{ -1, -1, -1, 0, 1, -1, -1, 2, -1, 3, -1, 4, 5, 6, 7 },
	{ -1, -1, -1, 0, 1, -1, -1, 2, -1, -1, 3, 4, 5, 6, 7 },
	{ -1, -1, -1, 0, 1, -1, -1, -1, 2, 3, -1, 4, 5, 6, 7 },
	{ -1, -1, -1, 0, 1, -1, -1, -1, 2, -1, 3, 4, 5, 6, 7 },
	{ -1, -1, -1, 0, 1, -1, -1, -1, -1, 2, 3, 4, 5, 6, 7 },
	{ -1, -1, -1, 0, -1, 1, 2, -1, 3, -1, 4, -1, 5, 6, 7 },
	{ -1, -1, -1, 0, -1, 1, 2, -1, 3, -1, -1, 4, 5, 6, 7 },
	{ -1, -1, -1, 0, -1, 1, 2, -1, -1, 3, 4, -1, 5, 6, 7 },
	{ -1, -1, -1, 0, -1, 1, 2, -1, -1, 3, -1, 4, 5, 6, 7 },
	{ -1, -1, -1, 0, -1, 1, 2, -1, -1, -1, 3, 4, 5, 6, 7 },
	{ -1, -1, -1, -1, 0, 1, 2, -1, 3, -1, 4, -1, 5, 6, 7 },
	{ -1, -1, -1, -1, 0, 1, 2, -1, 3, -1, -1, 4, 5, 6, 7 },
	{ -1, -1, -1, -1, 0, 1, 2, -1, -1, 3, 4, -1, 5, 6, 7 },
	{ -1, -1, -1, -1, 0, 1, 2, -1, -1, 3, -1, 4, 5, 6, 7 },
	{ -1, -1, -1, -1, 0, 1, 2, -1, -1, -1, 3, 4, 5, 6, 7 },
	{ -1, -1, -1, 0, -1, 1, -1, 2, 3, -1, 4, -1, 5, 6, 7 },
	{ -1, -1, -1, 0, -1, 1, -1, 2, 3, -1, -1, 4, 5, 6, 7 },
	{ -1, -1, -1, 0, -1, -1, 1, 2, 3, -1, 4, -1, 5, 6, 7 },
	{ -1, -1, -1, 0, -1, -1, 1, 2, 3, -1, -1, 4, 5, 6, 7 },
	{ -1, -1, -1, -1, 0, 1, -1, 2, 3, -1, 4, -1, 5, 6, 7 },
	{ -1, -1, -1, -1, 0, 1, -1, 2, 3, -1, -1, 4, 5, 6, 7 },
	{ -1, -1, -1, -1, 0, -1, 1, 2, 3, -1, 4, -1, 5, 6, 7 },
	{ -1, -1, -1, -1, 0, -1, 1, 2, 3, -1, -1, 4, 5, 6, 7 },
	{ -1, -1, -1, -1, -1, 0, 1, 2, 3, -1, 4, -1, 5, 6, 7 },
	{ -1, -1, -1, -1, -1, 0, 1, 2, 3, -1, -1, 4, 5, 6, 7 },
	{ -1, -1, -1, 0, -1, 1, -1, 2, -1, 3, 4, -1, 5, 6, 7 },
	{ -1, -1, -1, 0, -1, 1, -1, -1, 2, 3, 4, -1, 5, 6, 7 },
	{ -1, -1, -1, 0, -1, -1, 1, 2, -1, 3, 4, -1, 5, 6, 7 },
	{ -1, -1, -1, 0, -1, -1, 1, -1, 2, 3, 4, -1, 5, 6, 7 },
	{ -1, -1, -1, 0, -1, -1, -1, 1, 2, 3, 4, -1, 5, 6, 7 },
	{ -1, -1, -1, -1, 0, 1, -1, 2, -1, 3, 4, -1, 5, 6, 7 },
	{ -1, -1, -1, -1, 0, 1, -1, -1, 2, 3, 4, -1, 5, 6, 7 },
	{ -1, -1, -1, -1, 0, -1, 1, 2, -1, 3, 4, -1, 5, 6, 7 },
	{ -1, -1, -1, -1, -1, 0, 1, 2, -1, 3, 4, -1, 5, 6, 7 },
	{ -1, -1, -1, -1, 0, -1, 1, -1, 2, 3, 4, -1, 5, 6, 7 },
	{ -1, -1, -1, -1, 0, -1, -1, 1, 2, 3, 4, -1, 5, 6, 7 },
	{ -1, -1, -1, -1, -1, 0, 1, -1, 2, 3, 4, -1, 5, 6, 7 },
	{ -1, -1, -1, -1, -1, 0, -1, 1, 2, 3, 4, -1, 5, 6, 7 },
	{ -1, -1, -1, -1, -1, -1, 0, 1, 2, 3, 4, -1, 5, 6, 7 },
	{ -1, -1, -1, 0, -1, 1, -1, 2, -1, 3, -1, 4, 5, 6, 7 },
	{ -1, -1, -1, 0, -1, 1, -1, 2, -1, -1, 3, 4, 5, 6, 7 },
	{ -1, -1, -1, 0, -1, 1, -1, -1, 2, 3, -1, 4, 5, 6, 7 },
	{ -1, -1, -1, 0, -1, 1, -1, -1, 2, -1, 3, 4, 5, 6, 7 },
	{ -1, -1, -1, 0, -1, 1, -1, -1, -1, 2, 3, 4, 5, 6, 7 },
	{ -1, -1, -1, 0, -1, -1, 1, 2, -1, 3, -1, 4, 5, 6, 7 },
	{ -1, -1, -1, 0, -1, -1, 1, 2, -1, -1, 3, 4, 5, 6, 7 },
	{ -1, -1, -1, 0, -1, -1, 1, -1, 2, 3, -1, 4, 5, 6, 7 },
	{ -1, -1, -1, 0, -1, -1, -1, 1, 2, 3, -1, 4, 5, 6, 7 },
	{ -1, -1, -1, 0, -1, -1, 1, -1, 2, -1, 3, 4, 5, 6, 7 },
	{ -1, -1, -1, 0, -1, -1, 1, -1, -1, 2, 3, 4, 5, 6, 7 },
	{ -1, -1, -1, 0, -1, -1, -1, 1, 2, -1, 3, 4, 5, 6, 7 },
	{ -1, -1, -1, 0, -1, -1, -1, 1, -1, 2, 3, 4, 5, 6, 7 },
	{ -1, -1, -1, 0, -1, -1, -1, -1, 1, 2, 3, 4, 5, 6, 7 },
	{ -1, -1, -1, -1, 0, 1, -1, 2, -1, 3, -1, 4, 5, 6, 7 },
	{ -1, -1, -1, -1, 0, 1, -1, 2, -1, -1, 3, 4, 5, 6, 7 },
	{ -1, -1, -1, -1, 0, 1, -1, -1, 2, 3, -1, 4, 5, 6, 7 },
	{ -1, -1, -1, -1, 0, 1, -1, -1, 2, -1, 3, 4, 5, 6, 7 },
	{ -1, -1, -1, -1, 0, 1, -1, -1, -1, 2, 3, 4, 5, 6, 7 },
	{ -1, -1, -1, -1, 0, -1, 1, 2, -1, 3, -1, 4, 5, 6, 7 },
	{ -1, -1, -1, -1, 0, -1, 1, 2, -1, -1, 3, 4, 5, 6, 7 },
	{ -1, -1, -1, -1, -1, 0, 1, 2, -1, 3, -1, 4, 5, 6, 7 },
	{ -1, -1, -1, -1, -1, 0, 1, 2, -1, -1, 3, 4, 5, 6, 7 },
	{ -1, -1, -1, -1, 0, -1, 1, -1, 2, 3, -1, 4, 5, 6, 7 },
	{ -1, -1, -1, -1, 0, -1, -1, 1, 2, 3, -1, 4, 5, 6, 7 },
	{ -1, -1, -1, -1, -1, 0, 1, -1, 2, 3, -1, 4, 5, 6, 7 },
	{ -1, -1, -1, -1, -1, 0, -1, 1, 2, 3, -1, 4, 5, 6, 7 },
	{ -1, -1, -1, -1, -1, -1, 0, 1, 2, 3, -1, 4, 5, 6, 7 },
	{ -1, -1, -1, -1, 0, -1, 1, -1, 2, -1, 3, 4, 5, 6, 7 },
	{ -1, -1, -1, -1, 0, -1, 1, -1, -1, 2, 3, 4, 5, 6, 7 },
	{ -1, -1, -1, -1, 0, -1, -1, 1, 2, -1, 3, 4, 5, 6, 7 },
	{ -1, -1, -1, -1, 0, -1, -1, 1, -1, 2, 3, 4, 5, 6, 7 },
	{ -1, -1, -1, -1, 0, -1, -1, -1, 1, 2, 3, 4, 5, 6, 7 },
	{ -1, -1, -1, -1, -1, 0, 1, -1, 2, -1, 3, 4, 5, 6, 7 },
	{ -1, -1, -1, -1, -1, 0, 1, -1, -1, 2, 3, 4, 5, 6, 7 },
	{ -1, -1, -1, -1, -1, 0, -1, 1, 2, -1, 3, 4, 5, 6, 7 },
	{ -1, -1, -1, -1, -1, -1, 0, 1, 2, -1, 3, 4, 5, 6, 7 },
	{ -1, -1, -1, -1, -1, 0, -1, 1, -1, 2, 3, 4, 5, 6, 7 },
	{ -1, -1, -1, -1, -1, 0, -1, -1, 1, 2, 3, 4, 5, 6, 7 },
	{ -1, -1, -1, -1, -1, -1, 0, 1, -1, 2, 3, 4, 5, 6, 7 },
	{ -1, -1, -1, -1, -1, -1, 0, -1, 1, 2, 3, 4, 5, 6, 7 },
	{ -1, -1, -1, -1, -1, -1, -1, 0, 1, 2, 3, 4, 5, 6, 7 }
};

