20 511
11110101000011110001
00011100100000100011
00100111010011000101
11001001100001000011
00010101111000110110
11111001010000010101
10001010110000100110
10011101110000001110
11001011000010110011
01100101111111101001
11000000101011001001
11011110011001101100
10000101001011100011
10101010000110111010
01011111100111010011
01111001101101110010
01110001101110110101
10111001000111101000
01010000101100011100
00100001001001110110
10010010000000011001
10101000101100101100
01101000011101101000
11111000111001001000
01010100010111111101
10101101011001011011
01010110000111010010
00100001000111001101
01001000001000001110
01010011001000011111
11111110011001111110
10011101100011100001
00100010001000000100
01111011010100001101
10100011100101100111
10111111111011101011
10000011101100111110
00011000011110001101
00101010001101011101
10101010000110000110
00000000011110111110
10010010011011010010
00101100100001110000
10001110110011010111
00000101001101010101
11110001011111000011
10010010011000000011
11110011100000110101
11001000111110001101
10110001011100111101
10110000001101011000
11010011010000110110
00000101011011001111
11010111010110001001
00011010101000101010
01100111110111001110
00011100111100011010
11111011011100011001
00100001110001100111
01111110110100001101
00011100110000101010
11011101001111111010
01100000000011100011
11111000110000000011
11011111010010011011
11011001100110111101
00111101000000101000
00100000001111110101
11011100110011110100
01001000111001110111
10011011000111001000
01001010111101011100
10010011000111010111
00010011010001110011
10101011100101100011
00010110010001011110
11110110010100110010
00001100010100111101
00010111011101111001
11100001000000001111
10010001001001101110
10000100010011101010
11111100011001110100
11101100011110111010
01111111101000011100
00110010011000011110
01000110000100100011
10110101100000000011
11001010111111101100
00011101101000001101
11001110001000101101
01011000000010000011
11111110100011000000
00110110010101111101
11101110000010011001
01010001110110011000
01101110101111110000
11100010110011111001
11101000011100011101
11101011101010101011
01000101101111100011
01011101010111011000
10111001001110100101
10010010101011111010
00111111010000001010
00011100111111100010
01101111011011000101
11101110100010011000
00010010100110100101
00000111111101010101
10111010100101110101
01011001001101100010
11000100110100111000
00010110101100000011
10101100011100100100
11101011110010101000
01100011001000111110
00011010101110011100
10101111111010010010
11111000011000001010
00111010000000110001
11111011010011101111
01001001111010010100
10010000011100100000
10010001001001001010
10010110010011010101
01100010001001101001
00110000011010101000
11000101110000011011
01111100111010000111
10011001111010000011
00011100001001010011
00111010010110101101
11101111101110010110
11110010110110110010
10101101001000010101
10000111100010100000
01100001001011001000
00101010111100110111
10101101100111011100
01100011110101110010
00000111100011100001
10101110110010001100
00011111011101110110
10000100000001011010
01000001110111011110
00110101110011001101
01100111100010101011
10011101100101101001
11010111100010011110
00111111101001110101
10101101000000010111
10010010111001101110
01001101001110111011
11001000010011000111
01001000101111101011
01000111111010101111
11101110111110011101
10111101111110011010
00001100011100110010
01000001001011010000
01000011011011001010
00101100110000001000
00010100110111110000
00110100101101100100
10011000110110110001
11111001101010000001
11010110011001000101
11101110011010101111
01000001010111000010
01110100101110111010
00011101001100011101
01101010010000100101
11011110111110101100
01010110111101000000
01001101110111100110
00001000110000011011
10100000000000110000
01011001100010110101
01011011101010000001
01111001111010001101
01100001010011000001
00001110100101110111
10110101100110101101
10010001100010111111
10000001001100110010
11000001110111000110
00011100001011101011
11000010111101010111
01100100100111101100
01001101011100010100
11010110100100111101
00111110010010011001
10010010111100101000
10001011010100101011
11101010110010001110
11001011011101010011
11111110001100011100
00101111111100011110
10111001100110110000
11011100110011101101
10101110010011000100
00011111000010001111
00100000110011100101
00110100011001010010
00001001001000101101
11101001110101001110
01010100110101110001
00010011100110110000
11000011110001011011
10101000000110100111
10110101111101101010
00010000111011110110
11000111001100100011
00100100110101000111
01010111011110001111
11110111110110111001
01010100111011101011
00110011000011001001
10111011001111000001
11000011000101010100
11011001110001010111
00011110111001000000
10111010011010010101
11000001001000001101
01101110101110111001
10110010001101010110
10110011000111101110
00001001100001000011
00111000110110101010
00010001111100101101
01001001000011110010
10111000111111000110
01000101000000010001
01110111011000010110
11100110110001000100
10011110000110000110
01010100110110010111
10111101101011101000
01100010000100110011
01100011010100001111
10100011111010101001
01110111010000001110
01100011010000001010
01010000110001001101
10111101010010101101
01110101111000010100
00000100111111101010
10001011011100000111
11100000000101010111
11101001101100001100
10101111011110001110
10110101101001101010
00110000001000010111
00110010001001100001
00101101010010010011
00101101001100100111
10100101010010010111
11000011010100011100
11111001010100000000
11101100010101101011
10000000101010010000
01000010010110001001
00000001110101001110
00000010111011110110
10001010000100111111
01111011111110100110
00110111110100010000
00111100011110110110
10110100001000000111
11010011010001110110
11010001100110101110
00110000001110101101
11011010000101100001
01001010100101000011
10000001011110111011
11010111101011100100
01011110011011010001
00110011110111011000
00001001110011100011
01010110000001011110
11101111111001110110
01111010101001001100
01110010111011101000
01011110010011001000
11111001111011100011
00110101101110101010
11100110001000000111
01100111100011000011
01110011001101010111
00101000111001010010
00101000100001011001
10010110000011111010
00000011111111100101
00111100111100101101
01100001011001010000
10001100000000100100
01101111101001101101
10100000001101000000
01110011001010101001
01010011010001101001
01100110101100110011
01100010000101111100
10111101010111011100
00111011110011011101
00111001111001101101
00000111111111110011
01001111010101100001
00011111110100111010
01011001111000100000
01100110100100111111
01001011100111101101
11101010010100001010
11101110101110101001
01101110110101011010
01000010000010110100
11100110100100111101
10111001110111000101
00010101001100100101
11000101000000100101
10010111000000010101
11011000100011010010
10011111010111110111
11100110000011011111
00010110110110100001
11101111010001011000
10011110100001110001
10011010100000001011
10101011100011101110
01101001111010101010
00001000011111101011
01100111100101100010
01110001100011111101
01101111000000001001
10011001001110111001
01100000011100111101
00011100111000110001
01100101110111001100
11100001001001010101
00001110111100011111
11011100010010111110
11010010011110111111
10000011100111100111
10001000110101000011
00110001111111000111
01101100000100110010
00100100001010111000
00001011011011110010
10110101101101000010
01011100111110101001
11010110111000110110
11000101101000100110
10101010000110000000
10010110111001011101
01100100100100010000
11111001010011101100
10101100011100000110
01110010101110000001
01101100111100011100
11111101100101010001
11010100111101000010
11000000101111011100
10111011011010011101
10010100101011000001
10101010111001101111
11000100000110101000
00101011001110011110
10101100110001101001
00001001100101100101
10001000111110100001
11111001101110011111
01001100010000110010
01110011000001001011
00100111101000101111
11110011000001001000
00011011111101011100
10101110010101100100
11010010100111101011
01011001011111010001
01011111101111010100
01010110010011101000
01010000101110010111
10000100101101000000
10001111001000110011
00010101111011001011
10101001110000101110
01100110101010101101
00011101101110001100
01010100110010010111
00011001101010111000
11010110101101000001
01111010011011010100
10010110110011101110
01110010000001010100
00111100000000100001
00110000011011010011
11010000111101010100
01001000001101000110
11011011111110100011
11111100111100111110
00001110111110110111
10010001000011101101
00010111111011100001
11000110011100010110
11011010000100010100
10011100011000001111
00110001100100001000
00001010000000110011
10010011111000010001
00111010000110110000
10000011010001011001
11111010101010111100
00001011001111101101
01011111001110101100
01100010100000000001
00000110101011000010
11111000101011000101
00101101010001110001
11001100001111110110
00010000101100011110
11110110000001110000
11000100111110100000
00111111100110010111
01000000001100010111
10001111101101010001
10011111100101110111
11000001100010010100
11001000010100100101
01010100100001011010
10111110100000010000
10001110110010111101
11111100111100010111
11111111000110011111
10000001110101001010
10110101111001100110
11110000001001010001
00010110000110111011
00111001100010010011
10101001010111001110
10000010100011010100
01010000101111010110
11000101010001111111
11100110110111000101
01010010110110101110
11111100001001100101
11111011001001110011
01110011110110000101
10100111001110001111
00111001000010000101
11010011000100010000
00111110000101111110
10101110111101111011
01010100010101001000
01111011111011111110
00101101001001100101
01100001100010010000
10011011111111011111
11100110111000110101
10011001010010000001
00100111111101101101
00100000110001101100
11011111100100001011
01110011011011001101
10101110001011100001
01010100101100111010
11101101000000111010
10100010010110100100
10111110000001011110
01011000010000001000
11110101110011001110
11000101111100010001
01110100100100111010
00000001011000100110
01110011101101001011
00110001100100100000
10001110011100101111
10011111010001010011
01111101110100100010
01100100000011010111
01111000101111111111
00000011101100111111
01111010000000110100
00111100101100010010
00011001000001010000
00101010011000010111
01001111010101111011
11001010000111011001
01010101101001001101
01000111110011001001
00101001100000001101
00000110110010101011
01101111111001011001
11101000100010011101
01011010110011001110
01000100101000000111
10111110100011101100
10101001110010111100
10110010101000001001
00011101001000001100
00001001011111100111
00000100111010011101
00000000011010011001
00110010010101101111
01001111001100001111
00000101001101100101
11111001000000010100
11000010000110000111
11110010010001100100
10010111100111111010
00100000110110011011
10111100001110011110
