20 511
11000110110100010010
10110001110001110011
00010010000001000111
00001111011111110010
00010111011110111011
11010110011110001011
00101011011001111101
00011101011100101100
01101110001110111011
10001011101000001001
10101000010101001101
01111001001000010111
00111101010111110001
00000010000100010000
10111110001001110100
00010111111101101000
11100111011111001101
10010011100101111101
11100001000010011010
01101101100110010001
01001000001000110000
11100101001100010101
01011010011110010101
00001110110100100001
00001011011100100010
10010011111011100000
01111000110111111101
00100011001100001110
01100101101111111111
00011111111001110000
00001100100011100011
00011101011101110011
10101101101011101101
01010010100011100111
11110111010000100110
01010000101000110110
01010000101111011101
10000001111100010011
10001011001101000010
01011001111100001110
10110011000001001110
10000111110011010011
01111111011000010001
01001000001000110111
10110101110000111111
01011011000111000010
10000111011110000111
11111100011000111000
00101011111000010101
01000110001001101010
00111110110000100010
11001011111001110010
11010000010101100100
10010001000010111110
01111000011111110010
01111101001111010010
10011110100000100111
11010000011110010001
01111100000111110000
01010101011010101001
11110000011000011001
01000000001000001110
00101001100101111111
10010011111110111110
01111101101011110010
10011001100110000001
11100111110110101101
11010100101100011101
00110000001000101110
01100000100111011101
11000000000010010011
01001000011100010010
01110011110001010110
01111110100010100000
00010100110101110000
00100101110011110000
10011001110010110000
00001101110011011011
11001010000010111110
00111111101010101011
00100001110011111110
01110010010001110110
00110000101011100010
01110010010101011001
10100110010101001001
01101111101000000010
10101111110011010110
01000010001101101111
11011000010100111100
11011111000111111000
11010110100010111010
11110100000011001100
01110100111010000010
00101000111111011100
00001100011001001000
01001001111101111111
10010110001011110001
11000110000011001011
11111111011011000101
11101100100100000011
10111010001011000100
10001000010101101010
11110101100011101100
11110001010011001101
10101111000011101110
01111110101111100001
00100010011100011110
00110010011011011010
01011101101110010011
01101000111101111011
10100000101101100111
00001011010000001001
01111001011011011000
01111100100101111101
00000111111111000111
10101101000011111001
11010110000000001101
01111011101100000111
00001101110000101100
00000110111111000001
00111110101110100000
11110000101110000011
10111001100100111100
01011110110100011111
01101111001101111100
00011000011110001010
00111111110110100101
10111110111010000000
01110010000111000010
10100100001011011001
11101001011011100001
11011011100111110110
00001110101100111000
01001100011000100011
01010101100110110101
11111110101101111011
10101010110010111100
01001100110011100001
10001010100111000011
01110000100001000101
00011010010011010111
10100011100010001001
00000000011100000000
10100111001011001001
01011011110001100000
11000001111011111000
11111001000101100010
10011001000010010001
10000010110111110110
01000110000111000001
00001000111101001111
11001000010001100110
00001001000000000000
01101011010010100001
10100011000010100000
10110100010110001010
01110110111010101011
01010100100100100111
11010001110111010111
01111100101111011001
00011001100011010110
10101010001110110001
10100101010100000100
11000110111010001110
00100100001111101101
01110011001110111000
11111000000101110101
10111100111011100000
11111000000101001110
00101111011100000100
00110001011001000110
10000011001010000110
00111001111100100011
01010011110000010001
00111000101000011111
00110011011010011110
01110001100110011000
10100000001011110101
00011000101101111111
00000111101000001101
00100000111011110100
10101100111100111110
01100010000000011101
01101101110110000101
11100111111110100101
10111001110011100001
00100101000010001000
10110110101100101111
11010110100011111101
11111111110101010111
00001001000010000100
10001010100100000110
00000010001011010110
01010100010100010000
10001110111000100100
01100101101110101011
00011011111100110011
01000000000000001010
10110010011111100100
10001101110010110111
10100101010110000010
11111000110001111010
00010111100001011001
01111101001110111000
11111110001111011010
00011101001101100100
11001011100101110101
01011100011010110111
01101001110101011011
10000001100000101101
00000111100101001111
01011010001011010101
10110110001110100100
10110111110100011001
00110110001111010111
10001110100010010000
11011010111001100011
11110000100110111000
00100100011110111101
00010001101100000111
00010000111011000001
11100100000000001011
11010011100001110000
11001100110000010100
00111011100011011110
10001011000011110011
01010111111011111010
10110110001011100001
00110010000011001100
01000101000110101010
00011011111101101100
11111111000110111010
00101000100110100001
00110010010110001101
00011011100100010111
11001111111110011001
10111010010001000001
00100101101101010001
11010011000001010111
01011011110010110100
01001011001001110100
01000101101010110000
00101010100001011000
10100011101100111110
10110001110001011101
11111001100111111101
00101111111101110100
11100000101001111110
01001001001111101000
00000101110000101100
10111100000001101010
10011000101010100100
00100000001001110110
10000011011110101110
00001111010111001110
00010111110101110111
11001011111010111101
00011000111100101110
10001110100100111010
10001101011111111011
11101001001110000011
10101100011101101101
11110011110010111110
11001100111111101011
10001101110100001100
10010111111100100000
10110010101010010001
10100100101000001000
00110010010110101100
11110000101111110011
10011000001001000000
01101101011111011110
10010101000110001110
01000100011000101000
10111100001111111011
11010000010100111001
01100101010000010101
00001100010001110110
11111010111110000101
10110101000001101111
11110000101010000000
00001001000000111110
11001110110110001111
10100110100001110111
00101000111001000110
00100010010101010100
11000000100100011001
11010101101001001010
11111100000000111010
10000011101101111010
01111111001010000111
10000111000010000011
10001110001110000100
00110111001000101000
00111010010111101011
01100010111001011110
10011100011100111010
10010100110111001001
01010010000110011001
10110000001111001010
00001011010100110001
00000111101110100011
11000001000100010010
11000001110001001110
11011111110001110010
10100100111010011110
01110111010000010001
11111110001110100000
00110111001100110011
00001111100001111101
01000001001010010111
10100001110010100000
11011100110111110000
11100011111000010011
01000100111010010100
10010101001100101110
00110101101100000110
10111111011000001010
10010110001111111101
01011111000011111100
00010011001101111000
11000011111100000101
01100110001000011000
00111111000101100101
00010100101100110111
01100000010111000101
00000101101000111010
11100000101110110000
11000100010110010111
11101111110101111101
01100100110000110000
11001101011110010101
10011011001111111101
01010001110110001011
11001110001001100001
10000110000011101001
00000000110000000010
11111100110101000001
00011011100001011000
00010100000111011000
10000000101010101000
11111001101111111001
11101100110110111101
10111110010000111010
10000011010111100110
11110100100110110101
01111110101001111101
01111110101101001001
11010100000100111111
11110000010010000100
00101111100000001000
00001001000100101011
11101001111010000111
10100001011001001101
01110011011011011011
11000110101001000011
00010000011001111100
10000110011101111011
01011011011011000101
11101101000100101010
00011001110000010100
00010010010000000011
01011010011101001010
10001011001000101111
11100001010000111001
00100110111101101011
01100001100000011100
11010011111101110111
10010000100110001011
01001001010100000010
10011010010100101110
11010001011001111001
01011001001001111110
10011001111111100011
00000100111001010000
10010010100011101111
10011110110111000000
10101111100000100011
01110010010110001010
00111111011101111001
10101111010110011000
10111000101000101010
01000011110110100011
11110011001111011111
00100100011000111010
00111010110101001110
00001011110100011110
01111000011011101111
00011001110011011110
10100010001011001011
01000010101000100010
10111111011000100011
00111111001110101100
00110001100100100101
11101111011101101001
11110100100111000000
01000001101010100100
01001000001111010101
11111010011110000010
00010011000001001110
10110010011100001100
00101010100010000110
01101011100110001010
01010100111011001000
10011010101111001100
01001100111111101110
11101010101110000001
10001100110100011100
10000000111100011001
10000001101101001010
00000111001010001011
10100010100000011011
00011011000001011001
01110000001100001110
11110011000000010101
00101111110011001100
10001110011011100100
01101111000001000101
11001011011000011000
01100111001100100110
01000100110011101100
11011010011100100000
01100001011110011000
11111101010000001011
00010100110011101010
01110011010101010010
00000100101001011100
00101010001110101001
00000000000100100101
11111101000011011100
00001000111100101010
10001000011100000011
10101101001000110101
11111011110000101110
11001110100110011100
11011100100110110100
11100011101010000111
01011010100010101001
00011000010110010000
00010101001101110011
10011111010101111101
10000101100010101010
01000001101010011101
01001001101100100001
01110000000110100110
11110101100001000000
01001100100111000101
10011101011110001011
10100111000001100011
00010000101110001001
10101001101011010011
01110111101011111011
01110110111100111000
11100010001001101000
01000011000000110010
11001000011101101001
00111001101111101101
00001000011100010001
11100000001101000101
01111011111011111100
10010101010110110111
00010001111000001010
11110000000000110000
00010100010111010100
11111000101000000101
00001110111110110101
00010000000011011010
10011010000101110110
11010100010010010101
10011011000011100011
10011010100101011100
10111000111010110010
11001011000000100001
10001011110100111000
10101110100001101100
10111101001110000101
01010110111000001100
01000100100111110011
00010101000011111001
11001110001000110100
11001011110110101101
00010011111111101101
11010001011000100100
01001100000011110110
00100001110110001110
10000100101000001111
01011111110000011100
10001110110100101001
11111010001011101101
10010111011101000000
00100010110100001001
11100110110001000111
01010011001011011011
10111110110011011111
01100101011001010101
00010000010111110111
01001001100111100101
01111011110011110110
10011100000111010011
11011110001111000100
00011111111000000000
00110001000111110110
01000110110001011111
00110100101011010001
00111110100010010100
00111100011111101110
10100101101110101011
10101010010001110111
11001110110010011000
00000010111111110110
00100111011110011011
