20 511
10011001111001000110
01000111010011111101
01110001001111101000
10000000101000101010
00111111001000001101
10100011100011010100
01010101100010101011
11101010100101101110
11101101111100011000
11011000110010110000
10100010101010011001
11010011001010000111
00000100101101111000
01010110111001001001
11010110111000100100
00110011011101011000
01001010110011110010
00100011111000011000
11110010000100111001
11001011011001011001
10100010110000000011
10100110100101101110
10100111000011010100
01100010001100111110
10111111011110010000
00011100101100000101
10111100010110001000
11111011010011110001
01000011111010000011
01110010110110110011
10011011101111100101
01111100001111000111
00100001110011110111
10110101110101000100
01011000100111010110
11010011000100000100
01101011110110001000
00011111111100101001
00100001010100101110
01110110101100100111
10100100001111001111
00001001001110101111
10101110011101101101
10111110011100100010
10001110011010010010
10111011100011000010
01010100100010100011
00101000010100111101
11011010001001010000
01111000010100011001
10000101100101000011
01010001111110010110
01111100101000001000
10010100100101101010
00011111110000100111
11100100011110111000
01100010101000011100
10001011111111010101
01001110101111110000
10100100111010100011
10001100111000110100
11110000111100110110
00010100000000110111
01000000111001100000
10111110001111100011
00100100001111110010
00110111000110111101
01110000011001111110
01011110100010111110
10000011000110001100
10010110110110011111
00101001110000011010
01100010110110100000
10010000110010011010
00110011001110011000
10101101011010101111
10011100001011000101
00010010101110101001
00111000100111011000
01101111010010111011
11011000001011111011
11101010100000110100
11001001111011011110
01001010111100101100
10101110011011010111
00010011001011011010
01100011111000001011
01011101111010011001
11101101100110110011
01011101111011110010
10000101000000100111
00000000001111001111
01100001000100110001
01010111111111001011
01011110000011111000
01110111111011010000
11011000101000100010
10110110011000011111
00011010001100001111
10011111101101100100
10101000100110111010
00010000011110100010
10001110101011010110
11110010001111101101
11100010111111001011
00111010011101001101
01111011000001000101
10011100011100001000
00001101100010001101
11010110000010010110
10110001100000000001
10001010010110000001
00001111111110100001
11110100111111000001
00101000001000001110
11100001000111111001
01101001001111111110
10110101101100110011
10110101100010111010
11010101000101101010
00100010011110101100
11000011111000010010
10110110000101101011
11000100111000011011
10011010101101100000
01010110110011000111
11010011011100101110
10100100111110100110
11001000100000111011
00100000100010011001
11100010010000001101
00001010111011001110
11101010101110100101
10100011101010011100
01001100011001011100
00001011011110001000
11011101101010110001
11111001111010001000
10101000010000111000
10101101010000101000
10101110100100000100
10000001100100100000
01001000101111111000
11001001000110000000
00001100000111010111
00100101001001010001
00110110100000010011
01111111010010001000
00100010010100110111
01100001010101001110
10110101000001010000
10100001001111100111
00110101101001100111
11110011111100010100
00111100100101110101
00110001000010000110
01011100000111100010
00111001101011001011
11110001100001011100
00101100101101001011
10000001100001101100
11011011100111111011
11000110100111110011
00001001011011110100
01010001001110100011
11101011100100001110
01111101110100100011
10011110110011010100
01000101100000011100
01101100001000010010
00111110101101011111
01101100100000000101
10100100010111110000
01110000111001011001
11011101001010100011
01101011101001010101
01001100111001101001
10000000100001001010
10011010000011100111
11111101110110000011
01110010101000001011
01111000001001001111
10001010000100101100
01010100001010100011
01100100001000001011
11111001001111100101
11100101100100110011
00100100010001111010
10111111011011001110
11100000000111111110
11001101011011101111
00111101111011001111
11111000111101001100
10000011110100101111
01010001100011011010
10100110111001101011
01001011011101110010
01101101010000101110
00000001001000010011
01111101111001100110
00111001110111110110
11100001110110110001
01101001010000111101
10101001110100010111
10101100111110101000
00101001010011011110
01110011001111110110
00000001100100010100
01011010000011011010
11011100001110101011
11101111011101111011
00000110111001000011
10001000111001010010
10010111000110011001
01100101010101101000
00011101100111110011
10001001000110000101
00100101000011110110
10001100000101100010
01011000101110111110
01000110010111000111
11011011000011011000
10101111001000010111
01110001100010101110
01010010110100110001
11101010101001110111
11110101110010110001
00101110010111111000
01111111001111011100
01011110111110001001
01011101101010010110
00100001010011001111
11000011110010011110
10100110001011000101
11000111000110011010
10101000101110010100
01111001000110000110
00000101011111001001
00111001001111101111
11000111001010011111
00010110111100010011
10011011101010001111
01100000111101110110
10000101110010000001
11100100011011101000
00100111010111011010
01010010111001010010
10101100110011001000
00100110001000101101
00100011100000010011
11110101110011110010
00001010000010111001
10011101110001001010
01001100011000011110
01000011110110100100
11011101111000111001
10111010011000000001
01111100111000111111
00010011000101011100
01100100110100110000
01001110111110011011
11100111001001100101
10110110111101100110
11101011011010111101
10101011111000100101
00010011000111101011
01100001101101001101
01100101000000010100
00110010101001100000
00100000110000111000
01111010100011011101
11000101001100010110
00001011000111101010
00101101010010101110
11110110101100010011
01111110101100011100
11011100110100111101
01000110011111010001
10111101001100010000
11111000001010101011
00100001111011011110
11011000101001011111
10000110101011111101
11010110111011011000
11001100011000000100
01000111001011001000
00000111001000010011
00110101000100111011
00110111011000001110
01111010010101000101
10100110001111111000
00100011100100100110
10001100010011011110
10101000110011110111
11000001100010000100
01011001011010001100
10001111000000001000
00100100110010101011
11010001110000010010
00110011010100101001
11011010110000011000
01110010111001100001
10101010110011011101
10111100111010010000
11000100000110000111
10000000111001110010
11110001001101000001
10010111111101011110
10000101100010100100
00111000110001001110
11011000110010010111
01101101111010001001
11001001101000000010
10011010110001001011
11110000000001010001
01010000110101111010
01111100001110111001
11111011001111101010
11001001110101100101
01000000010001101101
01111010111011010010
11101000101001001111
10010110100011101000
00101100110110001000
11110011111011001111
00000000101101000101
10011101000001000010
01111011001000011011
00011001001101101111
00111001011111010100
01010101010110101011
00101100100011000010
01110110000001111110
10110101110011110100
00001110010011001100
00011101001101110011
10010010010011110110
01101110100011100000
10111101000100111001
01001011000100011111
00110000101100100100
01011101001111001111
10011010001100100001
10000000111110101000
11111111100010111011
10000101010010111110
00011001101111111110
10101011011110001001
10000011001001000100
11100000001100101001
10101101011011111101
10100001001101001000
11011011110111111010
10101001111110011101
00100111001010110111
01100101010000111101
01110000000001010101
01000010111001100000
01100001110111011100
10001000111100100010
10001000000101100011
10000111001011111110
10001000011110000001
01011000101011000101
01011001001101110011
00111011011101000001
00000101011011100100
10100001110100000011
11010011100011111011
10101100101110101011
01100111000001111011
00101101010011010100
00000101000100010111
10110101011100010001
01001101100011110010
00101111110010010111
00011111101011000001
11111110001110001011
01001110011110100101
01101101101000001110
01000001101011100001
11001001110001011100
10010010011001010111
01100101011010100101
00111111000011011011
10110010000101001011
11000100110101111100
01110110111101001101
10100100001101111000
00011000000100111110
00110100011110011111
11000100101010011101
01100101110101000100
00101000111101111000
10101000100011100111
11100001111001111100
00000001111010111001
00111101011111011010
11111110010110111101
01110110111011100100
01001110000101010100
10000110010101110100
10111110110010010111
00011111011010000100
10000101010011101111
01000000101101100111
01110011100110101010
11010110111100110001
10111011111101100010
00001011110111011100
00001111011110010001
11111100011101100000
00000010010010100010
10100101010101001101
01110111100111001001
01001110111010010111
11011000100101001110
11001110101100100000
10111110100011111011
01101010000000111100
01100001000001001100
10111100010110100111
11001111100000110101
01000001111001110001
01010101101101111010
00000101011000110110
00110100011100111011
10101001111011000100
10110010011111011010
10111011011011010110
10010111100111110001
01010001101100110010
00011111011000101011
00100000101010011011
11100001000001000000
00101010111100110101
01100010011101110100
01110001111100110001
10010110000000000000
00100010000010111100
11100000101001101100
01011111010010000011
01011101011110011101
01100000101011001110
00100000001101010000
11010011100000000011
10101111111111100111
01111101010110111110
01110011000010111000
11100001100110001101
01110011111101111010
01010100001101010010
10000101011101110100
00100100111010100101
00010100100111011110
10000100111110010001
11111100111100001000
11010001011100111011
11111001000001100101
11000101111000111110
10001101001010000110
11110011110100100001
01101101110001000110
10110101001010110010
10000100111010111010
00011010000111010111
10010010110100000000
00000101000100001101
01100110100000011101
01000101111111110011
10000010000011000110
01010000111101000100
01111110110100010111
11010110001000000000
10001110100110001010
01001000010011100110
00011110110101111110
10111001100101011111
10110111000111100111
00001000010101000110
00011000001111000000
00110010111110111001
01110110110000101001
00001101001011111100
11100010111011111110
01111001111111100100
00111010110011101100
10000001100111011010
10110100001111001111
00111000100001110010
01100100011111011101
00000010100110010100
01111100100111010000
00011011010001110011
10110001100000110001
01010011000010010000
10010000111000110111
11100011110110101001
11110111111100100001
01100110010111111010
01100111101001011110
01111101111111000001
00100010011110111000
00001011000110110000
11100111010111011110
01010111110100111001
10101100011110011101
11001010000010100001
01010001111101010000
11010010101100101101
00101101100101110000
