20 511
10010000101000101010
11101010001110111110
00111001110111100011
00100010011111111111
11110010101000001111
00000100111010111001
01111110000000101010
00110110110001000101
10001110101101101001
01101000111011011110
00111001100011011111
11010011100100100100
00011111001010111001
10111110010001111001
11111110101110110100
10010010101010101001
00001111101000100011
00011001110010111001
11100101100011100110
00001000111011111100
00101101010011000101
11111110010101110001
10101101000100000010
01000100110101000011
10010010001001000011
11111100001000000000
10011011010100101101
01000101011110011110
11011110110000100001
01000000111010111001
01101000011011111001
01001111111001100100
00100101101111011100
11101111010111001110
10011101011100001111
01010000100001101001
10001000001011110010
01101000101100110000
10001011111101110000
00110100000010000000
11010001100100110001
00000110101001101100
00010000111110001100
00010001101010110001
00110000001001111101
01101011011111100000
00001011010111100011
10000001110101001100
01111100010000010111
00110011100110000100
01111110011010111110
00000001001100101111
00100011000111010010
01101111101011010101
00000111011100111100
01100001110101010010
10001101011011001001
11000101110111001101
01111100110011110101
01110110110000110100
11101110010100011011
00100000111001110111
01101101101000111011
11001110010110000100
10110000000011000010
01110101000111001111
01011000011001111001
01101001100110000010
10100110001001000111
11101010001101011010
11100011101100010100
00101100100111111010
00111010111100010101
11101010100101101010
10100000001010010011
01010111100011110111
00000011011101000111
10010101111111011000
10001110100110100000
01000101111011001011
00110001010100011101
10001111011010000010
10111001110111110101
10001111100001011111
10100100011110011001
11001101111000011001
00010010001001001110
00001011101011000001
11011000100000110001
00110000100001001000
01110110000000010110
01011011101000000100
11001110011100001011
00100000110110111011
10011001011010011001
01110010111111000011
11101001110110001100
01000111001101111010
01010001001000001100
00000001111101010101
01010001101000011101
00011000101000010101
00111001001110010110
11001011100100010111
01010010001111000110
11110010101000011011
00101110100111011000
10101001000110111000
10100010111100011111
00000001101000010100
11101000010010000111
00101100011110101010
00001011101101010101
11110011001001101110
01000010110000101001
01101110001000101000
01110100101110000001
10101011001100110101
11001000110100011010
11100010010000101011
10001001011000001000
01100101101101110101
10100110100000000011
00001110000100100000
11000101000011101101
00110101101000101010
00000101001110001100
01100001110011111000
10000100110110010111
01000011000100101011
10101111010010101101
11010101111101010011
00111101100010110000
01101111110011100001
11000100000110111001
11000111011101001100
00110100000000100100
10100010001110100001
01010001010110101101
10110010000000010010
10111111001010111110
00100001011110100000
01011010000110101011
10011011001011110010
00011010111010010000
11001000001101001100
11100100110111110001
10010011011010100100
00100011110100100110
11010011100010101010
11111011010001001001
01011001001001000111
00010110100000101110
01011101111111110000
11011101001010101100
10101011001110111101
11100101111011100001
10101101111001111100
01010100111100010101
00110000110000000111
10111111110100110011
11100010011001100001
00010100110100111101
00100110111100100000
10110111111010001010
10100101001000111001
10000100010101110101
11111100110001001011
01101001010101110100
00111110101111010000
01100111100011010110
01000000111001011001
01101101000101010011
00001100101010101010
01000110001110110101
11010111011000011001
00000111100010001101
11011000111101111100
00000111001011011111
01100110111110100000
10101011001111111001
11010001110011001100
11011010100011111111
10100000101100101110
11110010011011000111
00100110100100110110
10010011001111101100
10110001011100000011
11000010011001000101
01000111000001011010
00000010101101110101
00100110101111010100
10011100100110101011
01110001100111010111
01001001001101011010
01101000011011011111
11111000111001110100
11001101001100001010
11000101101101000101
00110001101100010001
00010101111011101011
10101111101010011011
11110110111010001110
10011001001101011101
10111001000000001010
01010111101001110000
01010000000000010101
11001111111000110001
01001001110000100000
11101101101011101000
01011100100000010000
01001100000001100001
10000110001010001011
10001101001010110110
00101000000010001111
10010100110001110010
00101010101111101101
01000011110001001010
10100000010101010010
10100000111001101110
11001111000101010111
00000111110110011000
01100011110011000011
01001110000011101100
11110010001000110101
11000101000011001111
00111011010111111100
11001000100011001100
11001111101101100100
11010100111011000000
01000110101011000011
00001111100100001010
10011001110000101000
10011001110001110110
10101000100011110100
01010000110111111001
10011010101110000101
01110010110001010101
00011010100010001101
10010000001010101001
00000101101101100001
00001101000010001010
10111010011100011101
11001001011101111000
01000010100001110000
10111001111111101110
01110001100101000011
11011100011011000011
01011010000111100001
10000110000100110000
10001111010100110000
01110100111110100110
00011011100110100111
10001000011110000111
01010110100010110011
10010000100100101101
10001001100001001110
00001101100100111111
11000101100110000100
10110000100100110001
01001110110000010000
00010001110101001110
01000100111110010100
10111101000010011001
10100110101010101111
00110101100110010011
00001001000001001100
00100000001111100110
00111110000100100010
11110110011110100000
10110010001111101000
11111100010110000001
01100101100110010000
00010110000001111111
01010001000110111001
00000110100001000001
10101001101100100000
01100111000011011000
10101010010000101111
01010001111110111100
11000010001110111000
10000000000001111101
10001110101111010111
00011111101000111011
01100100010101011100
01101000100010100011
00001001110110011100
11111111100100000110
01001010001000100100
01011001111001111100
00010001100001101111
11010110111101110011
00101111010100101011
00100110001100111111
11000100010111111000
00110100111000001000
11010110101011001110
10101100011000001100
00100111110010010101
11111010111010100110
01001011101110111011
10111110100011101111
01101010101101110110
10100010111100101111
11010011100000011101
11010111111010001111
11100011011100010011
11101100111001101111
10000100010111110110
10111011011001111000
11011000101001011011
00010110101100001110
11010000111101010011
00001110101010101001
11001010010111101000
10101000010111101111
11100111101010111111
10100101011010001000
10100001110101010111
01001110010011101110
00011011111111010000
00000010100100000111
01010110101000111110
10001010011101100110
11011001010110111001
00100011110010110011
01011011000101010100
10110111011010001000
10100110101100010110
10100110101011010101
10111110110101110110
11101101011101110110
00110100110110010101
10101000101110110100
00010011111000100110
10011110101100111000
00010001010110100110
11111110110110101011
01111010011111001101
00010001001010010001
10100000011010010011
10011000001001100001
00011101111111110010
00001111111010010000
10110110110010000110
01011011101101111000
01111001001000111001
10101101111000101100
01110001101001001001
10111100001010110100
00001001100110010111
01001110111001011000
01110011000110001101
11010011001010001011
10111111001010011011
11101010101100101010
00010100110000010111
11011111001000011110
11100000101100000010
10100001011000110101
10010101011100110001
00100001100110000101
11010111000000110001
01000010000001010010
01001101001011001110
10110101100000110111
00110000011110101010
01110101011111001100
00111000010110001101
11100110101011100100
01000101000110000001
10111101101010001000
01010101110110001110
01100000101101000011
11110000100100001100
10010011001110110100
11100000101010011011
00111111111001101001
00001001101000110100
01110000010000010001
11011001111111001100
00001111000100010001
10111010100100000110
11011111110111001010
00101101001000101000
00000001110000110011
11011000111111010000
00000010001101101001
11000101000000110111
10010001100001000101
11010010011000111010
11100011101011011000
01110111110000110010
01010011111100011110
10001010011110010111
11010010111011111010
11000000101111000101
00101001101111000010
00011110011110001111
10111111110111011101
10010001000100101110
01001001100101000000
10010001010010100110
11111000001111110110
01010011101001000101
11111010110110000011
00001011100011111110
01110011100011110100
01100111110110110001
11011000110111001110
01001110110001001010
01010101011110110100
00001111101011001011
00010100011101001110
00110000110100111011
01101000100100100001
00101101100010001010
01011111110010100001
01001001101110001100
11111011101100010010
11011011010100011111
01111110101011010100
01001101001010101000
10111011000001011100
00001101110110000001
10011110011101111101
11110100001001011000
01100101010011100010
00111011101001010100
01010100111011101000
00110111000101010001
11011010011000011010
01110100000011000010
01110011011100000101
11101110001000110000
10001110111110100001
01101000100010010111
10101000100011011110
00011100011010100011
00011000100100010001
01011101001001110101
01001100010010100011
10111011101100111100
00000001111010110100
01010001011111011011
01001101100111101010
01011111010010000001
11010000001100011010
01001101101000000100
11010100100100001111
10110011100001111100
10010011010001101001
00001101010100111000
00011011010010011000
11010100111111001001
11000100001111110001
11010110110000010001
11011001000010110011
01010000100110010000
01110100100001111110
01001100100010111101
10011101101110110001
10101001110010100100
11011011111111110011
10100101011101001110
11101010110111100011
10001010101111000000
11000001101110010010
01100000011001001110
01100010000010000001
11111010111100010100
11110111010110110110
11101100000001101100
00010111110101100001
11100011010001011000
11010011010011110111
10110101111101001001
00000011101000010011
01011000010011001110
01010111011110010110
00000000000111111001
00010000111000110100
01010100110001001101
11000010001010011100
00110001010101000111
00001010101111001010
11100101101101111001
10101001001110000001
10101110000010000111
01011100001100100001
10101010001101011000
10110110000111000101
01011101101010110101
01000011110010001000
11101000100100110010
10011100101001101100
00110100011100101000
10110011001100001110
10001110110000100110
11111101111101111000
00110101000010010010
01111110100001011011
01000010010110111011
11101111101101101001
01100100110100000000
01001011101100101001
10011101011011010100
11001001000111101011
01011110000001000001
01000100111010100101
11110110000010010100
