20 511
11010010111011001110
11101110010011011001
01101001110111000100
11100110000110100111
11001110101111011011
11110011001001101001
11111011100011110011
10010001011011000010
01000001011100010000
01000110100011000000
10100100110001010001
00011100001111101111
10111100100111010011
00101111010011011101
11000000000011011000
11110001110110011010
01101000100000001100
11001101011110001100
00000111100011010001
00000010110111111100
10101001011001111010
00011111110110000101
11010010101100010111
00100111000100010000
10011011100010100000
01001010100001000101
10000101010111110010
11111101001110000100
00011011100111010110
11100110010000000100
11000100010100100010
10000100111011111010
00000001100111110001
01010001001010101110
10110100011100001011
01010001011000100010
00010100110110010011
00110011001000001011
11011111101100001011
11010001110110001111
01001010000010011010
00101101111010011010
00000111001100100101
10111100010010100100
00111001100101110111
11011111000000101001
00000000001001100011
11011101100100001100
11000101100010001111
01101010000110000101
10111001100001111010
01000111100101101010
01001010101100011110
11100011010101000010
00010111111111011000
11011000001000111110
00000110101101111111
01001111010101001001
00001110001001010010
00110110101110101101
10110100101011110100
11011101110100100100
10010100000010110000
00111111110100101110
00101011110111000101
11011100001101100001
00100000010101000000
10011101111001010011
11001010101000001011
01100101110111111000
10110011100100100100
01001011100101000100
10110101011010000010
11101000111101111001
10001000001000111011
10000000111101001000
01110100100111000000
01010100111010101010
11110010011101100011
10111100111111001101
11011000010010100010
01111101010111011101
01100110001111111111
11101001101111000001
01000101000111101101
11010100100110000111
11001100000110111110
01100000111100001011
11110010100100000111
10001000010110011000
00111010010001000101
00100110111101000011
00001111001001001000
01110010010001110101
11011101000111001101
11000111000110110000
00100000111100001111
10111100110100000111
10100000001010000101
01000010001111101001
11011011110010101000
00100110000010000011
10111011110101111010
11101101010110101010
00110100101101110010
10011001000010100101
11000000010001100101
11111101001100111010
11101101111011001010
11110011100100100111
11111001110011101010
00101111000100111111
00100010111111011110
00101100111110101101
01000110111111000011
01001101001100010010
10011110001000111010
11001011011010000100
11111000110101100111
00111100110011001011
11110101000000011100
01011101000100111100
00101001100110000001
01100000011110000100
01101111110101100101
01010100111100010001
11001110011000110011
00110110110111011001
01100010110100111111
00010110011010110110
01011011111010000101
00111100001111111010
10000011011111110100
00010110011101111100
10110111001110010001
10110010111010110100
01010011100001101000
00110010001001011100
00000011001101100110
11111101110001110010
01000111101100100010
10100011111111001010
11010110110001101000
11110000101100111101
10011110110011010111
00010011011001101101
00011110101100111011
01111110110100110111
00001001011011100010
10110101110000100010
10100000110101111000
10100011010111111010
10110111001001011110
01011111011110000111
10010001110101001110
11100010100001011101
00111000010010011011
10011001001100000000
10010000100101100001
00010111111101100100
10100011001001110100
10011010100011001101
00000100111100011100
00101010111110011110
01100001110111011101
01001110101010110010
10001011000001010000
00000111101101000101
11010100111100000100
10111001110101001000
11101111001001001110
00001001111001110100
01101101110000001011
01111000111111101011
00110010011011110110
00011010111010001110
00101110010100111001
00010001110011101111
10000000000110011000
10010110001001010011
10101000011100000100
11100101010110110100
00000001110110100010
11101100111110100001
11001111111101010110
00000111001101000101
11001100111010010101
01100110011110000010
00100000100101100010
01100000100000011010
00110000101011001101
00100000111000110000
01011100010110001001
00010100100100000000
10011010010000100100
10010000111000100010
11001101101100111010
01010110110011011001
11000010001010010000
00001010100010111000
11111111110000001101
00011000110100001010
11100100100011110110
00101100001111110100
11010111000101111011
01111100000010100010
00100101111010110010
01111001001101001001
10011100000100000010
01000111111001101101
11000101110011110100
01010001110100010101
10110101100000010110
01100100110010110101
00101001111101110100
11110000010001101110
10000110011111111100
10100000101000100011
10000111101100001010
01111001100101110000
01111101011000010011
01001111110000101000
11011001011010011011
01001111001010100101
10100010110000011010
11100101100101010111
11101100001011011101
11001001000001101001
10000101100011101101
11010001000101100101
11110000110110010001
10100010011101011110
00111000011100001100
00011110100101000000
00110010100011101100
01110010001110110000
11110010101100010000
11011001001000000110
10101100000111110011
00011110100010011011
00110100111010000000
10111000111100101101
11100010001011110100
00110010001101110111
01110011010010001100
01010000011110111101
11111010111000101001
01111101101000011001
11001110010101010110
10001101000101101100
00100001100111111110
00000111100111100001
10011010001011111000
11011111001001110010
01010101001001011010
10000000010010000100
01110100010011011101
01001100010101010001
01001000010110010010
00000011001000100001
01010011001110111100
10110101000111110000
00001001000100101101
01001111000010001111
01011001010000110111
01101001101000010010
10111001001010000100
11100110100010001010
00100111001001011001
01111110101001000001
11010101000111001100
01001100010000010010
01110011111101110000
01010011011100100011
10011001101110110011
01101001101010010001
01001001011110011111
00100101010111000100
10000110001000010101
11110010100101001010
10000110010110111111
10001000010000111000
11001100100100111000
10100010100100000101
11001110010110011000
10111110011100111001
01010010010110001010
01110111011001001000
11010111011100101001
10001010111100100000
11011110110001010011
10101101101101000111
00110111111001101100
10011111011001100110
00101110010011101101
11101000101001001111
00011011011100111110
10001110011111010100
11101011000011101101
10110011011000111100
00111111001000101011
10100000100110111010
00001101000000110010
01000101101011101000
10000111010111101110
10110000000001111110
10001101111010000100
11010010001101110100
10110110011001111111
10110001001110101010
00001101011001011100
00100011111011010111
10100101001011111011
01000011000000101001
01100010110000011000
00000100001100100001
00001001100010100101
10110111001101101001
00100101010100101101
10011100110001010111
00000110001010011011
10010100011011111010
00100100000010000000
01111000111001010001
01000001000110010100
01010001000001110001
01100001101011111001
10111011101000111001
01010011111111011010
11100011110001001101
00100101000000011001
10010000101100011011
11000011100001001000
10000001101110001111
11110010001010010110
01000011000000110001
01010101101111001100
01111000100011100110
10000101110101011111
10111110010011010111
00111111001100110111
10010010001001001111
10100101100111111011
11011100101010010111
10001000111011100010
00100111011001100010
01001100011010111000
11001000101110111111
10010011000101101100
00111000011001010111
10101100111100000111
00011001001010010011
00000001101011111111
10010000011010000100
01001100110010101100
00100011010101111111
00000100111001101011
01000000101111110011
11100010000111101000
00001101100101000111
00101000100111100110
01111010000001011000
11000110000000111100
11000001010010010001
01100100001101010001
00100111000100100010
11010110000110111000
00011110010100100100
00010000111001010000
01111010010111110000
00100100101010001010
10000011001000010000
11011111010000010111
11001000101011110011
11010101111101011101
00000110111010101010
11001001010110101010
00001011110110010111
00010000010100101110
00110111000111011110
00011011100110010111
10010000011111010101
01000100110101010110
11111100100110110000
11110000101011111100
10001000110001110001
11001100111000001001
00101010000010101000
00001000111001101000
00100011101000000001
11111101111100011100
01010111011010010011
01101000111111100001
11000101011011001111
01001001100111110000
00100100101000001001
01000000110001001100
10010011110011100000
00111000001110001011
01011111000000000001
10001001000100110000
00100111011110011011
00111011000100011110
01001011101101010111
01011010000001000111
10001111000110010001
11001000110010000100
01011000011101011001
01000010110101001111
10000011011101000110
01110110101000100101
00101111010100010101
10011111110101000111
01110101110000100110
00000101110111011110
10100100101001000001
00010001010101101100
10110001010110010101
11010100101011111000
11001100111000000001
01101010100010001010
01010010110100000100
01010001100111010111
00100111111101011010
10000001010111101101
01110011001111101100
01011110000011011010
10100010010011001110
01001001111101001011
11010111000010001110
10110100101100000111
10010001110000001010
00001011100000010011
00000100000001110101
00010010101111110010
10001011101011101000
00110101010000000001
01110000011000101111
00111001110011101111
00001100111100011001
10001011001101110111
00001010101000100101
01111011010101011010
10000101000001110010
11100100111001111110
11000100010111110011
00001010010000111111
01110010111111110001
01001111011110101110
11111110111111110001
11111110110110111001
01100111110011011000
11000101111110110111
10101011000101011010
11111100001001000110
11000011010110010111
00000111010001001010
11000101101100011011
11001110011111101101
01001100110111011100
00110011010010011010
00010100101001011000
10001010010001100110
00101110100100100101
11111100111100101010
01111011110011111111
10100010000011011001
01110101100110011100
11110101101111100010
00001111101111100101
10011001011110000000
01111111110011010001
11101001100001011010
00111110100110111011
11011011110100111110
01101010110100101000
01100110001001010000
01000101100101110000
01111101110110010110
01011010111001011110
01000011111101011101
00110010010100110010
01101100100100010000
10110010001110011101
01010011000101011111
11010111000100111100
10000001011010000110
00011100110001100100
01100111110101011101
10000000000010111001
10111000000001001111
11010100110111000000
00100001111000001110
10110001011110101100
00100101010011011111
10010100010001010111
10101110011110110001
10100011001010000101
11110010011110011001
01001010001110000010
01101100000001101100
10110111100101001001
01011100011101001110
11010110100010111111
11101110100000011101
11010110011110110101
11111010111011000001
10101101101101111010
00101111011011111111
01110100000000110111
11101010111001101110
