20 511
10100100001011111000
00110101011011010111
00000001111000101111
11110011000111110100
11100110000111010001
00100010100000111101
01110111111111110111
11101110000000000000
10010001110000110011
00110000010011010011
01010101101001101011
00101010000101111000
10000011111111111111
00101101001110001001
10100100000000111100
10100000111000111100
00001001000000011100
01011110100010000001
00001010011000011010
01100011001111111101
01110101111101001110
00100111100001110010
11000110101101110101
01010110111000011010
00111111100111100010
11101101010101100001
10110001010010011010
01101001100010111110
11111110111101110100
11010010011111110111
10010001001010001010
10111110010100011011
01111111001010100000
10101101011010100110
10001101010011000000
10100100100111010001
01010110111101010010
10111001001100010010
01100001110100011101
11110110101000101100
00111111000001000110
00011000111001010111
10110010001100110000
01110011100101001001
10100011010111001011
10011111101101000000
11100000011100011001
10101111001100010001
01001100010000111100
01011101010100100010
01010110100111111001
01111110101100111110
00101011010101101110
10111111101011010000
10101110100101111101
00100110000011110001
10001111010000100100
00100111011011101111
10100110000011111100
01000111101110110101
01010110000011110000
01101110001101101101
01001100011010100010
00010010001011100011
10110001000110011011
11110011001110010111
11101011100100101110
11011001000110111111
11111011111011111110
00000010000110000001
10110011111111001000
10010011110000001010
10111100110100111000
00111110100001101000
01110000001111001000
11011001110010100101
10100101001000011000
00000101000011011010
00000111000000011110
11111000111010111011
00111100100011110010
00001010011110001011
00011111010000100010
10110001000010101110
10100011101010000001
10110100011100000110
00101011101100010111
11101111111110010000
11001110010110010110
01111010001011110101
10000000010111101101
01000101011111110001
01010100111100001001
11100100111110110011
00000111000100111001
11011110010111010101
01111000010000101011
01001001100011100010
00100100110010111110
10011100000110101101
10110011110101100110
00111010000110001111
11010101101010011111
11000001110010101111
10001100011101110101
01101001011010011100
10100001101111100001
00011100000001001101
01001001010011000010
00111101101101111000
10001101000110001101
01001010010001010010
10001111100001011010
00110000101011010100
00111111100001100010
01000011001001100001
01111101111101010101
10000011001011100001
00010011001011001110
00000101010110101011
00001010101001000011
10011001011010110110
01010001011101010010
00001100111011001110
11111101000100001001
01001010111010010000
00000011010010111011
01100000001111111001
11110000000000000110
01001011111100000010
00110110111110001001
01010010001100010011
11100001111111011001
10000000110001010110
00110010111101101011
01001101001111100010
01000111011110111010
11000100111011101011
10101100011100000101
00111110000111100100
10111011000111000101
10001010000010110110
01011000100110010111
11111110001101001000
00010110011001001001
01010100111001101000
00100000000001000001
11101001000011101101
10011001000101111100
00110111110101111001
00011000111001111101
00100101010011010010
01111110001000101100
00101110011111101000
10100101110101011001
00101011111010110111
01101001011110000010
01101011000110010010
10000100110110010000
00101001101001100001
10100101110111001010
11110010000010011100
10001010000101101010
10001100101001010100
00010011101101010110
01010011011011101101
01010111000100010100
00101011010001101100
00000100101001001100
10001001011101000101
10111011010111111100
00100101000011110101
01100001001100101110
10001011110111101011
10111110111100010110
00010101100110101001
11110111010101001001
01011011000011101010
00111001111110110000
10011001100011111010
10011111010010011110
00111111000011010100
10111001110011110000
00000000100110100100
00111010101000011111
10110010111101010010
01011101001110110110
10010111110100100001
11110011010000100111
01001011101011000100
11001101000001011100
10111100010011011100
00011011011010010100
11000101100011101001
00101000000010010001
00011110110101001001
11111111100101101000
00101010010011110100
11001111100011101010
11000010001110001101
10110010111001001001
11000111111011000000
11100101111000000101
01100000000111010011
00100110010100010001
11111111110110010011
00110000101111110010
10110110111111000011
10110011100000010000
11001001000101100000
11100011110110011101
00000010110001001110
01110111100101011010
10111000101100101011
11000100011000111010
00111111001111000001
01000000011011110101
10110101001100110010
01101111000010111000
11111101101111110000
10000101111000001010
10010001111000010100
01101001110100110100
00010010100001000111
11100000100110101010
00101110011110110010
00011000100011100101
00010001001101010001
10001100110001001101
00100010101101110101
01001110001100101011
10011110010111000100
11010100001000001100
01100010011100101000
01001100100011010111
00110111100001111010
10010101000001100010
01000110010001110011
10100110111001101100
11000110101110010001
11100000111001010010
10100101010010110100
11110000101111110110
01010010001111001100
10001110101101111001
11000101100111011110
00111010000011110111
01001110000010011010
00111111101110011011
01000100100101001011
00011100101011000000
00110000011000000010
10010010110001011011
00001000000011011011
10011101010100000011
01000110101000000100
11101000100110100000
01000100011100111110
11111100100011010000
11011000101011011111
00010101111110011110
00011110011101001011
10100101100111101100
00111011110000000011
00011001000000111101
10010101101001010011
01100110100010101001
10100011101110111100
11000110110000110010
10010111111110011000
10100010000001011001
01011010001011011010
00110001001100110001
10101010011110000011
00111101011011010000
00110111101001000110
11101001101101100011
11000111100111111001
10000111100101111000
00111111111101101111
00011001000000110011
11110100000001001010
10110010111010111001
01011100111011001000
00100001111111101000
01101100111011100100
11111001010000010001
00000010011101001000
00110111101111111111
10101011100000111011
01100101101011101001
00111110011001011101
10001000110011110100
01101110110101100110
00001000010100001000
11101011010011001110
01101101011110011010
11110101101000000110
11101010100010000010
10011001011110011100
00111000100011110100
10101110010111011110
00010110011010111001
00110101110010000110
01100011001100111011
01010011110001000011
01011101011100101100
00111110001010000111
11000010111001111110
01111111110011100001
10100011000011010001
01010011101101001001
01101100011011111010
01001011001011110000
00111000001111010000
00001010000111011100
01001011101000111000
10011010110010111111
10111001010101010001
01100110010011100100
00101000000000001111
10011100101001101110
01011010100001000010
10010000110111100010
10110111011000010110
10001001101001110010
01000000101001111001
10001011001101000111
10110001111100111100
00011010110110001111
11100000011011101101
10100100111001010111
11011110000111101000
01100100001110101001
00010111101011010110
10100011110111000011
00101010111000010010
10011111100101010000
00110000111001011110
11100000011000111011
00110000001000001110
11010000001010111011
00100010101111001001
10011111011110110111
00011100011100111001
01110010101110011011
01111001011110110000
11011010100110000101
11000100101100011110
01110011000100001010
11111111000001100011
10110000111110001000
10011111100000010111
10000011010011001011
11111000001011110001
11101001100000101010
11011000110001001000
11111010101110100100
01111101011100011100
10010111110101110111
10110001000100000010
01001000110000101011
00110101010001100100
11010010111001111000
10111011011011101101
01001100011010100111
00001000011000010111
00001001111101011100
10110011011000000110
01101000001100011101
01000001001110000100
00011101110111100000
01111111000000111111
00011101110100100110
10101100000110000110
10101101001000110111
11011111110011001111
10010011000010010001
00111110011001000110
11010100001110000100
00101011001000011110
00110001110000001011
11111000101011001111
01100101100000110100
10100010101110110110
10001010000000100101
10010011001011101010
01101010011011000011
10101101011000000001
11110101001000111110
11011000101010000001
10001111110011100000
00010100101101110100
00010100000110110010
00001101111000001111
11001101101100010001
10100100010110001000
11010101001101010100
00111011100011101001
01101001011110010010
11110100101010110000
11111001000110110011
10100001001010101101
11000001010110111101
10100001101100010111
00111010100010011101
11101111101101000110
10101111000111101011
11101010111001111111
11001110001000001001
01001011100100111111
10000011100111110101
01110011110111000101
01110010100100011110
11100010101101000111
11000000111011101000
11000011100010100010
11111010100100101110
11000111111101111000
10010100001010110110
11101100000111110111
00111101110010111111
01010110011101001011
01011111100111110001
00000001100111110101
01000111101010111001
10001000011000110010
00001111110000001110
00000100000010111101
00101100001001101111
00110011110001000110
11011011010001010010
10101101110011000010
01011101110010111011
10011111011001011110
11011000010001001110
01111001011100110100
00010101010001010111
00111001001010111010
10110101001011000110
11001010011011111001
00101011011000001100
00101000100010001011
10110110110011111101
01011110000000110000
01001011101011000010
01001010000110110110
00111001010000111010
01100111000111101100
00011110010101011011
01100100101101011101
01110111010001001111
10001010001110100101
00111010001110000010
00110110101011110000
01111011000011001000
00101110010001010010
10111010000010001111
10000001000100101101
11010111111101111011
01100000001111100110
11010000110001100110
10111001100101010111
00000100001111010010
00011101100000010000
01110110011101000001
00110010101001101000
00010011100111001011
00111101110111100011
10111001010011000100
11100110000101101101
11110010010000101110
11001001000010010101
00111001100100101111
00010000001011000011
10000001111001010011
01100111101101101100
11000000110010110010
10010001110010000100
00011000000101110011
01100100100010001110
00100100110110101101
00100101011111010110
11111001111011110010
10001101101001111010
00111010001101000001
00001111011010001001
11110000101001001111
00100110001001111001
01100000110100000010
11001101101110000101
11110111010010000111
00011101011000011001
00000010110011111010
11100100111101100100
11001000111110101101
01100111110111011111
00101011111110101001
01000101100101010101
11100000010011001101
01110001011011110010
00001111011010100000
11111100101100101001
11100001100001010100
00001111101011000111
01011100110010100001
11111010110000111111
10110011001100001111
01011010001110010011
00011011011101101100
00101111010110111101
