20 511
10111010011011111110
11110001100001110110
01010100110011000111
01101010111101000010
10000111010000110100
01101010000110010101
10010110000101011100
10101110110011111100
11001000001000010111
10001110110100101100
10011001001110101100
01000101001010100010
00100000010000101111
10010111010110011011
00101010010000101100
00100110111100110101
00011101101011101111
11001010100001101000
01110110110100100101
00000100010100001101
01100000001101011010
00011111001101101000
01111000100001100111
01110011111001110011
01010000100000000110
10000100000001101010
10011111001010011101
11110100110010001101
10000000110111110011
01101001010101011101
01000101111001010010
11000111011001011001
11110000111111010110
00101110110011100111
00010000100110101001
10110000101111110000
10110001001100011110
01001111001010100010
11010001111000101000
10111001010111010001
10010000110100001000
00101011000011010011
00010110001101111101
11001001001100001100
01010001111011010010
00001100010010111000
10111000101010101101
00101110011011000010
10100110110101011001
01111111111011100111
11111011010011110001
10010011101111001001
00001111011001001000
10101101101011011111
10111011100011101011
10000111101000010001
01000011000001001001
11000001111010101100
00000111010010001100
01101100010010101111
11101110011101001001
11001001110001101100
00001101111011000010
01100101011110100001
00010110111001000001
11101111101000111101
00111101110000010010
01011010011011010001
11101100010011111010
00101000000101001100
11110001000001011011
01110000000011100011
10001100110100010000
11100011100100100011
01000100000101011101
10010110110110111101
01010100001011010011
10110001101111111110
10111001011111111001
00011010110100100100
10001011101010110101
10010010010100110000
11011010110111101001
11111100101110101010
11011101001000101000
11011000100011111000
10101010101101011101
11000101000000000011
00101011001000101110
01001001011110001000
10011101101101101001
00101100101110111000
10001110001110011010
00101101010110011001
10101101100110011000
00110111011011100011
11001101101110111010
10010000100011011011
10110001010101110111
00111110110100001001
01011001000011011001
00011100001011011001
10011101110100001111
10110101101010110001
10111011011010100111
11001010100000100110
01001001111000111011
00011101111010111101
10111101001001110111
11011001100001101101
00011010001111011111
00100000010100000110
01101111001110100000
11000011010000000001
11100010110101101100
10101001011100011000
00111101010100011100
01001111001000000011
11101010010011100011
11010000001010110000
11111101000011101010
10011010101000111110
01111101111010101100
10111111100101101110
11100010001011000000
01000011111000010000
01101101111111000110
10001110001011001100
01010000110100010111
00101101000011101011
01010000001001001110
00100101011001100111
11101001110010000011
01000110101011001111
10100110010110111010
01111010010101000000
10101000111101011000
11011001100011000011
01000011010100010111
11111010101001011011
01001011011101000101
11011110010010101110
10011001110100011100
11101101000101110111
10010101001110101100
00000111010000011010
00000101010010011011
11010000110011100111
11100010101110100101
11100101010010000001
01111100111000101110
01100010010010111011
10110111110000101111
10111011101110000011
10001111110000101100
11100001011011010000
11001011110110100111
11100000110111010101
00011111100100011010
11100101110111111010
00101110100110010101
11010100010011010110
01110111011111110100
00000111111010001110
01101100111011010101
10011111110001001010
01110000010001011100
00101100001111010111
01100110010100101010
01010011001101101111
01010000001011101111
01111110110101011011
01011110101001010010
11000011000110001101
11110111111011110010
11000110011110100100
10000110110101110101
11000011010100001110
00001100001000001100
00111100001001001011
10000110000011110010
11111011111001010010
11000100010100111001
00111100110001100001
01100011011010011100
11101110011100110010
10010001001101110100
11101011100110100010
10010010011000100101
10110111001110000000
00010000011000110001
10000011100101111001
11001001101000100111
01111101101110010000
01111011100000111011
00111010100010101100
01011101011101001110
10110010110001000010
11100000001011110011
11100100111001011101
00111000010101101101
00110101010010011001
01001110101001011110
11110111010001100010
01011010000000011010
00101010000000011111
10100111001000000100
11111111000000001110
10011111011110101001
10011010101110111110
00010110001110011001
01101100111100100001
11010100111010011111
11101111101010110101
01001011100001111110
10010001000100111010
00100111000111000111
10100011100000110100
00011010010011000101
01001100000010010101
11001011111110011001
00111110110110001101
00001110101100100010
11000001001011001010
01100110101010011101
10010100001110011000
11001001110101011011
11010011010111011011
00011100100011100001
01111001111000100001
00000000111101001101
11111001011010000100
00101010100011111100
11010011100010110101
11001010010110010111
01001101011110100000
00101000101111110011
00011011000000011010
11111111100100100101
00000100111010101001
11000110010111101100
10110010001011011111
00100010100000000000
01101011100000101110
00101001000001110011
10001000111110110010
11100010010101011000
10101001111110010100
10010010111011100110
01111111101111110010
10111000011100001100
11110110010101011100
11011010011111011100
11000001101010001110
01100110100000111100
01100001111111101101
10001111011111111010
10001110010100001010
00101011010010111010
10100110000111001001
01001111101011011110
01111011010111100010
11010101100111111101
11100010010101100110
11000110111011001010
11001010111101110110
11001110101101101001
01111010011111000011
01100011110011011111
11000000100110110011
10110000101000000000
00001000101111001010
11010100110011011010
00110111111011100100
00001100100100011000
11011101111010001010
00010111111111001000
10111110010000011000
10010100110001110100
01101010110010011010
01101101001111001100
00110000101010101010
11101101010101011011
11011111111001010001
01000110011101010001
11001001001100101110
00111010101101101100
11010101101101101000
11010110000010100001
11101000010111110110
10010100000100101111
11010110111010001100
11100110100111110110
11110110101100010000
11001010010111101101
11001100100000110110
10111011111100100111
01100010100101111010
01001110010011000000
10001100100010001000
01000101010011000010
00101110001001111000
00101000101000011100
10111010100011011011
01101000011001011100
11010010110010100111
01011011000010100001
00111010110010000000
11011001100100100010
11100001101110101001
01100111010010000111
11111110010110000110
01100111011001110100
00000110101001110110
01101011011100111010
10111010101001011110
11101101001101110011
01110101011101000000
10101000101110000011
10110100100001101000
10011111110111000100
01000100101101100100
10011101001110101011
10011100000111001110
00001000100010110010
10110000101100001000
00011000100101100100
00111010001010101010
11000111011000011100
00111011111100000000
00101100011011110011
01011001011101010110
00010111100101000001
10010100111001000011
11011111100110001011
01100110111001010100
01110011101010000111
00011010111110101011
01010100110010001111
01010110000110001110
10000001110101011110
10010101111111110001
00111011000101100100
01001001100100100111
11000000000100001001
00001000000110111000
11010001100111110001
10100001110011000011
11011111001001011001
10101010101100101101
10000101110110011101
00010000111111000100
00100000111010001000
00100000110000100101
01111111000010110110
01101100101010110100
10010100100110100001
10010101010001101101
01100001110011011001
10100101100000111111
01010101010000011000
10101111010010111101
11100111010101100000
00111000101001110111
11000110001011000110
00100011011011000010
10101011111001110000
01100011000111110010
01001110101110000011
10100010010010110110
11110110100100011110
11101101110010110101
10101011110000001100
00010000101111010101
00000111000011110110
10100110111011011011
00100000000111100111
10100100011110110110
01110000010000100110
11010100000111101110
10100100110000111110
11011110110001100010
11011011101110100011
01000101100010001011
11111111100110000100
10010011101101110000
01110100011100100101
01011110100110001011
10011101110100110101
11001110101011000111
11001000111111010111
11101100010001011110
01010100011101101000
00001110010100110011
10010101010110111110
10000010001001001100
11000010101010110010
11110001000001110010
00001010111000001111
11010101001010100000
01001010000101001110
01000010010111101100
00001100010101100110
10000010000000011011
00000001101010010100
11000100110010100001
01010101110110011111
01100111101000100010
10011011001000001011
11001101100010110110
00010010010111100111
00000101110001110111
00100000110010100001
00100001001001100000
10010111101101010110
00111000100101101010
11000100000001101010
01011011001001011011
01110100101000110000
01101001011100110001
00011011001010100111
10001011100000001110
10110111001011011011
11110100000101110000
01011001001110111111
00000000011111001110
01110110001000011110
00001000010111100100
00101011011110010101
10110011100001010010
00000100110000000000
11111011001101111111
11011111101011101111
11101001100001000001
10010001111110000111
11001110001010110101
00100001100101000011
01101001100000110000
01111001100101011001
01000000010101100100
00010111110010010000
11011000101100110100
10001011000111111111
00101001110001001001
11000011001001111110
10111110100011110010
11110001011100000100
01001001001100100111
00111011111001101001
10001001101011010011
11001101001000011010
01111101101010010010
11001110100110101100
01000110100010011111
00110011010001010111
00111101100010111001
01111001001100010100
00001111000000000111
10001001010111111000
10000100010000010101
10110000101100001110
01010100011001011111
00011001010010101100
11110101000111011000
00001011110010010001
10111111001011111000
01111001010110110110
01010001111100000100
10110001000000100001
11011110001101010101
10001001010110001111
01110010000101100001
10010100110101000101
10100000011010110011
11100001001011010111
00011011010000111101
11101100001110111101
00000010000100010010
00011001110101101011
01111101000110111000
00100000110011100010
00001101100111110110
10011101101011010100
11001111010101000010
11010010110010000010
11000100100001011110
00001110101011001011
01011001001011110001
01010001101001100110
01110101001001000011
10110111001111001100
01101000010010100011
00111101111010000100
01010000001101101000
10101100110001100101
11000010011010110000
11110101001100010000
00101000011010010110
10001000101100110001
10000000111101001111
11001001110100011010
10011111111101110111
11000100000100111110
10111010010010000000
00100101011101001010
11010101011111101111
00001101000011010101
00101000011110100010
01110101111111011011
01010000001101011100
01000000101010111101
