20 511
01001010100000011110
10001110001100001101
00011101010111101101
10010101001000000001
11110011001111000000
10000111101111000000
00111011011001110101
01111100000011001011
01000110110000010101
10010010011100101111
01101010110111001110
11111001100100000000
10111011101101000011
01110100011000111111
00011111010111011111
00010100110001000011
11000111111111001010
10000010111001011001
11000111001101100000
00110010111100101100
01010111110110010111
11100101101101011110
11011001010000111110
01110001000101100011
01110101110111110010
00101101001101101101
10100011000000100010
01011010011100010011
01101010110001101011
00111111010001101011
00011101010100100111
11110000010011101010
10010010111001000001
11110001000011010010
11001000110011101001
01010010110011110100
11100110001100100100
00001101111110001011
11100111000001010011
01010101111101110000
11001001110101111100
10100001110110101001
00011010000101101101
10111100100110100010
01011101000111101101
00010011101011001110
11111010011010111011
11011101110011111110
10101111110000010101
00000111010111010010
00000001011111000100
11101000000000001001
11011001100000100100
10010101001111001011
11100001000110001010
10001101111100011010
00111001100101101010
00100111111111010000
00000111000101100100
00000001010010111011
00110010101110010011
00101100001111011101
11011010010111001010
10010001010001110100
01101000011010111110
11110100111101000100
11010111101100001001
11010010110101011100
00010011111011001010
11101001001010010110
00001111111001111000
01011100001110001010
11000111101100111100
10111001000110100001
10000100110011110101
01110001111000101111
01011010000111101100
11010110101101010100
00010000010111101111
00110101101111111001
00011010100001101001
01010000100010101011
00110010101010010000
11011000110010011110
00111100100001010001
10000100100100110111
10010010111111110011
11000100110111111011
10001110010011010110
00011011000010110101
10001100110111000100
00001110001010000011
00100101100100111110
00011111010111111000
11111101101011111100
11011011100101100001
01011111110110100110
10000000101111011110
01110001110001100100
11000101111111101100
01000110110010000110
00001001001011111010
00011001111111110010
11101011000000010101
11001111001000011110
00001101000111001111
10000000111110100100
00011111001110110111
00101001110011100110
10101100010110011011
01011110011001010001
10110110111101000001
11001011100000010000
01010010111100001110
11100001011100001101
01011110111110010011
00000000000000000101
00010010100100110010
01111000000110001111
11111001110011111100
01011111101111110011
00010011100010110110
10000111001010100110
11010110100010011001
01110100011010111011
11001111001111101000
11001010011111010000
01110111100110100010
00100101110111001001
01110110001001111011
01010101001111000111
10011100100101101101
00010000010011011010
00001110011111001111
01101001000000001010
11000110010011010111
10101010010100011100
00111111010111110101
10101111101010010111
11001001101100100100
11011011001100101011
01010011100010100010
10101110100101001110
10010001110111111001
00101111000001000010
00110000001011000110
11110111110000110110
10000100000100111111
11011000100001101000
10100010011010000101
10010001001110010111
00001100001101011001
11011100100011001010
10001000100000010010
10111001010111011010
00111010010111001011
11111001111000101011
00010101000011000110
10001000111101001111
01001110111000111000
10100001101000101100
01011111010111011100
10110001000010001101
00011001100001100011
01011010001100011000
11101111111001000100
00000101100000111011
00001100101011000100
00001001011101110010
11001111111001011000
00100111111000101001
10001110001110101111
00000111011011011101
11000110111100111011
01111100001011111110
10111010101100101100
01011001101111101101
10110110010010101100
10100001111001000111
11111001111010011111
10110000101101111111
01110001000011111110
10110100001001010011
10101101100001110101
11000111111001010000
11110111111101101000
11101100111010110011
11001000011111011010
11011001000100011100
00110110111001000101
10001001100111000011
00111000001011101000
01001100000011101111
11100111000110001110
10011110111000010110
00101110111111100111
01111001010010001100
01001111010101011001
11110100001010001100
01001110111101101011
00001101100111101110
00101100111000100101
00100000110000111110
01100011110111010111
01110001001101101101
01111100001001101000
10100100011111010000
00110111110100000000
00100000110001000000
01110000110011011010
00100011001111110000
00010110000111101001
01011001101111101011
01111001000001100110
01101110101111010101
11001110001001101101
00011111101000100011
10110101001111001010
10110111001001000011
11111101010110100100
00001100110000001100
00000100000001001111
11111011100110001111
10101001111011111101
00001000010011001000
00111111111000100101
10101001111100011011
11111011100011110111
10101010110110001001
10011001111011110001
00001100100100010000
10100001001110010111
01001101001010010001
11100100010000001111
10000100110101101011
10100100001110110100
00111010011101000100
10111001010110000000
01011100010111110011
11111111100111100000
10010011100011011110
10101111101101010111
10110001000110000110
01100011100110000110
00010111010001001110
01011110110010111101
01010100000110001001
01101100000100111100
01101111100001010011
11000101000011111101
10101000001101100001
10010101001100011111
11110011011011111000
11101101110010111010
00001001001110011011
10010111110111011010
11101100111111010011
11101010111110010111
10110100111101110110
00000001110001111110
11100000001011100001
01100000101001100101
11010001100101101010
01101100000010000100
11011011101101011010
11110110001111110100
00001001001011010100
00110011001101101001
01000111000010011111
01100101001001111001
11001100000011000100
01010111111101001110
11000011100001010011
11110011010000100001
00010000110011101101
11111110101011101111
01100111111101100001
10100101110011111001
01100001101111110010
10101101100011101010
10001110100100010011
11010100011110110010
01100111101110011110
11111011010011111001
01100011100001010101
11101101101010111001
00100100011011011010
00111110000100111000
00010111001111110010
11000001101111011000
11111000011101011111
01100010111011001100
01111010110101011111
10111001100011010101
11101100111110000001
01101101111111011000
10000000001010011100
11111101011000001101
00010011111010010110
10000000101101100101
00101110100001011110
01100111000001010110
11101111011100000010
11110010011100000110
11101111010111101011
11011000110010011010
00001101010111101010
00000110011101100110
11101111001010000101
11100001001110110001
01011111101101001010
01100110111100100010
01111010011010110001
01000100001110001100
00101111011101100110
01010111110111010011
11011111111000001111
01111110100110011111
11010001111110111110
00100111100111101001
01001100111100010011
10100100110100010000
01010001000100101010
10010110011000011001
10110001011011110110
01101101010100011001
00101011101010000100
00110001100011100010
01000000110111101101
11010011110110000001
10001111011100111101
11000111110111010000
00001111000101110101
11010110111110111110
00011011101001001111
00100001000010010011
01100000101111111010
01101001110011111010
11100101010000011010
01101111101110010100
00111010000011010001
01100100101011100111
00101010101101010011
01101101001011100100
01110101000010111110
11101111011000101111
10000000111110000010
11001010001011100101
00100001010000100011
01001001010001110010
10001000011001011110
01101111010001010111
00110110110100100111
10111111110101101101
01010010001011011010
11001101111101110101
10011000011101000001
01101110101111100000
00001010100010110011
00011111001111111000
11001011011011111101
10011010110011011100
00011111001100011001
11000000011000100011
01011101010100010001
00101001010101010001
11100010010010010110
00000111001111011010
11001110010100010001
01010001000001011000
10100010100010111010
01111100100001110010
00000100100000100011
00101001101110110000
11111001100101111111
00000101110011010101
00001101110101001110
10110111000010001001
01110000010100010100
00110011110101001011
01011111011011101101
01010010100000111011
10011100000100100010
00001001100110110100
01111101001101000100
01010011100100001000
10011100110100111000
00111010001010111001
10010001100101110000
01100011001110110011
10111111101011100111
11110110010101010001
00100111001000011110
00001011111100111001
10111011010111011111
10100001010111111000
01101011100010101111
01011011100010000110
11000000001110011000
11000010110100011111
11110000010101000111
00100010101100111110
11111001001011011111
11010000010010110100
01010000100010111011
00010001011100111001
10100000011001011001
00010001011000101000
10001011101010001010
00110010100001010001
10010111010011111101
01001001101011101001
11110110000101101111
10101111011100001001
01101011111100010110
00011000000100101011
01110011011100110011
01100000100110111011
11010010111100101101
10111101101111001010
11010001100110101101
11100000000100111000
10000000001010000101
01110111100010100100
10110100101011100011
00100101110010001011
11010001000111001001
10001110010111000100
00100011000100011111
01010011000000010110
11110001111101010001
01010010111111011100
11010011000001110110
00111010110110000111
00000101110110010111
11100001110100010010
00110110110011111111
10011011000101111101
01111001100100110101
00100000000111111101
00011101011100010000
11011001110000110011
11000001110100101111
10100001010110010001
00110110110100001000
10011000100111010100
01000011011000000011
11101101011001001101
01010101111110111000
11000100100000011011
01100110010110001011
10100110100001000010
10001100111110010110
10011111000001000001
01101001000111110110
11010000000100011101
11011101101001011101
10100101110101100100
00011111110011010101
00001101111001100110
00010001011110111011
10101000100101110100
10100110000110100101
00011000010111011011
00000010000000011011
00101001010001000011
10101110101000010100
10100111000110000110
10110101011000100001
10000010010110010101
11100110111001001111
10000011111110011100
10101101001101011010
00010000111000111000
00100011111111111011
00100010101100001110
11101100010001111010
10110000110000000111
01000100010001101001
10010110101000100111
11110100111110100101
11011000110111011110
00000100011100001010
01101111010111000101
00010001101100001000
00111101011110010101
00100001011101111100
01001001101100101001
10000101111111110010
10001010110101001101
10010101010000000111
01001001001110111001
00110100101010000011
11000110000101101101
10000001010101111010
11000101000101111011
01101010011110011000
10000001001010101010
11011110011011100011
01010010010111011010
10111101011110100110
00111110111011001000
00101101010100010111
00110001010010000001
00100000010011100001
01110001011011110100
10011000100010101111
10000101011111001001
00101100011111000111
11101010110011001110
10000100000101000100
