20 511
01010001110111100100
10010010011110010011
01010011101100010100
11111100011100000101
00111111001010100010
10111110010111011001
10101100010101100100
10000011110001001011
10110110101111110100
11100000100011110010
10000101001101010101
00000101011010111110
11111101011110100000
10101100011011110001
11011000011111001001
10110101010000111111
10011000101010101010
10100001100110000000
01011111011011101001
10001101001000111000
01000101111000011011
00101011011100100011
11011001100111010110
11110110110011010110
01011000000010000001
00111110000111110111
10010010101110111010
10101000010100110111
01011001110111100011
01110111011010111010
11111001011101100101
01110000001011001011
00100010100100000101
01000000111010000101
11100001000100101000
00110001000010100011
01000110001111010100
00010000111010101011
11000110001100110001
00000111100100100001
00101011111101100010
01101011110011011011
11001000000011000010
10011111100000100110
01101011111001000100
00111011111110101100
10100101101000011101
10011011011010011101
10111110011010101111
11101011111101011001
10101101000100000101
01111111000001011100
01000111100010111001
10111011110000011000
10011110011010101001
00011110001110010110
01001110011101100100
11011011010111010101
11001000110010100000
01111010001100101001
10111100101100111010
01111010011110000111
01001011100011011010
10011101001010101110
00100001010100000100
11111011000010100111
10110110000000010011
01010111110000111001
00011111111011010000
10100110010010011011
10100100010000110011
00001101101010110011
11111110000110010101
01101101101001000010
10100100101000010011
11011111110010010110
10001011101110011100
10010001010110010001
10101101101010100111
10100001001010001110
00111110011010110101
11100101000100111000
10111001100011101100
10011101010001011110
00101111111110001001
11000001010000011101
10101000101000011111
10100001010010101111
01001100101110001001
01001001110001011000
01110011110111001110
01100111001011100101
11100011111011001110
11100011100001010001
11101100000101001111
11111001101011001011
10100011110001101111
10011110110101100010
10000110010010111010
11100101011100000110
00100001011111110101
10110111111001001101
11010001111111000011
01111111011010000010
01010000110100110000
01011001001111000010
11110111010110111101
01011010101010100001
11100110101111011101
00011100111000011010
10011001100000010000
10100001101000011101
01001010001010001100
01011110110111000101
11101010011111000011
00110110100111000100
01101111111101111001
01000110111111000011
10000111110111100010
11000000100001011010
10010110111101010010
10100100101100011000
01010100011101110000
00100000110111010100
01001010011100100101
01000000111000010000
11100110110000111110
01110000101101111101
11100001110010101101
10001111110100100100
01101010010001101100
01101101001000001101
00111010100111010001
11011100010000111100
00011110100001000111
01010110111111100110
00110011111011101010
00111010110101001110
11111111111000101011
11110010001000001111
00011110101110101000
01011101011111001010
11001110111100001110
00100000011010110111
10100011000101111000
11011111101011110100
10111001000011101101
11011011111000011100
01010101101011011010
10011101100000110110
01111100110111110000
00000011100010101000
01100010001111100111
11111011010110000001
00100011110111111010
01101001000000001001
00000010111100000011
11100010111000011010
10100011000011011100
11011010110011011011
10100110000111010110
00111100001101010100
01010100111111011011
11100001010001000000
11010101000100101011
00100000010000011010
00010001100100100110
10111010000100001100
10000011001101110100
10110110010011111100
11100111110001010001
11100100101111101000
10011111101100110100
00101001101110101101
10101010100110010110
10010100010010111001
10101001000110011110
10000011110100110011
10101010101100111111
11000101011101001010
10010110000011000010
00100101100001110010
10100110101110010011
11001100001100101010
10001111110001001000
01101111000101110001
01011010111110000001
10111101111111001000
11010010011100010110
10001110110001001110
10111001110000000010
00101001101010110001
10000101010101010000
01010100011100100100
00010010101110100110
11101001011100000110
11111111100111110001
10011111100000001101
11010101001111000010
01011111110001101011
01110011000100110001
11000100011101010011
10100001010100100111
01000101111101100111
10110011010111100101
11010110010000001010
01111001001010011000
00011010000101010110
01100110101000100100
01111001111001001011
10011111010110100000
00101111011011110011
01101110111001101001
11100110110110111100
01001111011000110110
10000011011110111101
00111001111000111101
01011101111101001100
10111010000011101100
10111010001111011010
01100010101100011111
01100110010000010111
01110101010001001100
11010010001100110001
11011011101100101110
01011100010000111000
10011011010000110110
11100011001111101010
00110111110011011110
11000101100011110101
01000110011101111010
11111111000011110000
01110100111001100100
10100001011000111010
01100001010010101000
11000111001111110001
11111111000100101010
10110001001011111101
00110111111111000111
10111110110000000000
00110110110100110010
11011110011000110101
00011101010000101111
01101000000011110110
01101111101001000011
01111111010111011010
01101001100010010111
10100101010101110101
11011010011000001010
10111010000111100000
01100110010110111001
01001010101110010100
01000110011101010010
01110110100001001111
10100101010011011101
11000010100101101000
00011011000100111001
01100000001011111011
11110101011000001000
01010001010110101001
11101001010100001011
00100001110011010001
11100011111001000001
10110111011010101111
00011110010011100001
10100100110000001010
11001011110011110000
10000101011100010010
01011010110111100011
00100011000000001010
11000001101101001010
11111010101000000110
00110101011011001111
10101110101000011110
00110111001011000011
00001111001011100110
01101111000101011001
11001011000111101111
00001010010010111100
01100011010000011011
10111111110000100000
11000110010100000101
11111111011010010101
10010011001100100100
00100101100000100111
01110100010111001010
01101001011101011101
01010001000000101110
11101001000001111010
11111011100001101001
10101000010001101000
01000000110101001000
00000111101011011110
01001101000110100010
10000111110110110100
01011101101000101100
10100100010010110101
11011011111111010110
01111101000100011011
11100111111001101011
00010110000110001000
01001011010011111010
10010000000110111101
11101000101111100011
10100111100100100111
11010000101010010101
11101011111100011000
10101101100111110001
11110111001110110101
10111001101111110001
11110110011010001101
01011110111101110001
11001100011011011000
11101001010111111010
11010000101011111101
00011110001010011000
10011001010010101110
00111000001110010100
01111010110101111000
01100110001001100000
10100001110010000100
00000010101111000011
10000011101011011100
11010001001011100111
01111101011000101111
00101001011011011111
11010011111001001010
01001101010000000100
11000110101000000011
01101111100001010101
11010110010010000000
10011010000011101100
00101011100110111001
11000010101000001110
00100010110001100110
00111010110000010111
00011110000011010001
01100110001100000110
10010000110101010100
11001110100011001001
10110111101101000011
11101011010000110010
01101000111010100100
00011100000100010011
10110100001110011010
01000111101111111001
10100101101001011101
10010000100100010101
01001001000010111100
01111011000000001101
01010000101000111101
00101101001110110010
11000100010111011111
01011111000110110111
01010110100010010110
00000100000011001000
11010000110101010011
01111111100010001110
01000011110001101111
11100101110000001111
01110000101000011110
00011100010100101000
01110101111011001001
00111011111000100001
01111110000010011011
10000110110000111000
00000011100111010100
11010010101100010111
00000001110111010111
11001111111000010011
10111111110111001011
01010110011000100001
00001111010100000111
11010111101001011001
00010010110001100101
11000111100010001011
01001000001101110100
11001100111010000110
00011011001111101100
00000110101101110100
01100000011111110001
00111111111011110011
00110001000110100110
01011101001100000010
10010011111010011001
10001000100100000101
01110010011100010100
01111110001011101100
00010111001110000110
11110000100100111100
00011010000010010101
10000100100000001000
10001110101111000010
10100001001000010110
00000100100001001100
10011010010011101010
01111001110011010111
01001100001100010010
00111110100110100001
00100110100001011010
00110101111111111001
01001011001000011101
00101101101001111101
00001011010101010000
00001100010100001010
01010100101100001101
01000110100100110100
01110110001001000101
00111100110000010100
00100101001110000001
01101110001010111111
10000011011000100011
11001001000101111000
00111001100100011111
01000000010011101010
00001110010110001000
10011000111110011100
10110110001010011000
01001010100101000100
11111010010101101000
01001100101100101101
10111000110000110101
11100010011010111101
00101001010001110100
00101011110001011110
10011000101101010011
11101110101001001000
10000000100010011001
01100111111000000010
00100000011111011110
11100011010001110110
10111011100101001011
01101101110011101110
10010110011011111011
10001100001110111010
11010100001100011101
10110111011111000011
00001011011001111011
10011011100011001111
01111010100001100001
11110100010100110101
01001101000001110000
01111101011000101000
00100011111010011111
00000011100000010111
10100011010101101000
01011011010110011111
10111010100010101100
10010111110001110110
00111101111001001111
01110111001101001101
11010000001010000011
01100001111110011101
10101001001010001000
10100101010000011110
00101101100010011111
01000000100111110111
11010001001101011111
11011101000010110101
10101010101111010101
00000011101101100000
00100000011001000001
10011100111001001011
11000110101010000101
00110111001111110011
00010101111111010000
11000101100111100101
10100110101001000001
01010010011010010110
01001011000001000100
00101111010101010001
11101111001011011111
00001001110001101000
00111011100110010000
00000001010111111110
11111010100100000010
00011001101111101011
10001000110110000001
00101101011111110011
00100100010110000010
00100111111011100110
11110010000011111101
00111001110001010011
11001111101111001110
01000111001110010101
11010111100100010001
10100001000110000011
10001100011111111100
01000011011011001101
00011101010111011011
01001101010001001000
01000010100011001101
10011101001100010100
01000101001011000011
10111010110001100000
00010100010110000110
11010111110010101001
11001100110010010100
10101010001110110010
01010111110000000100
00011100001000110010
01000000110100101011
10100111111111001111
11100110010011110111
01110111101110001111
00010010000111111101
01110010010000110110
00000000110101010011
11101001100001111111
11100100011010110001
10000010101000011000
