20 511
00010101001110101011
10011111011011110000
01010001100001101111
01001011011110011000
11000101011000000001
00100110111010011110
01110111011010000111
01010110110100110001
11010100100111100111
10010100111101001011
10010010100011101111
01101101001000100001
00011000001111100001
01101001110010111001
11010110111000001011
01010111000001001010
01000101010010110000
10010010101010001101
10000001000100011110
01001111101001011011
11000110001011001101
00100101010100010111
01001101101010110101
00010001000101111001
11110100001010001010
11010111100011111100
11010100011011010011
00101111100010111110
00101100001111100101
10110101001101110010
00100010001010011001
10001101111110000101
00111110000001010100
00001111100100101110
01110010111011101000
10111010010011011011
10101110111000011110
01010101001101011011
01110101110000110010
10111100111001000100
01100110001011011000
01011111111000100000
11011011100111101100
00010101010111001010
00011100011010011101
01101100111011101100
11110100110011000000
10111000001000011101
11100110100111011101
00001001001101100100
01110111001101000100
00100101011111111000
01111001010110111000
01000111110000101011
11010001010111000111
00100110000101111110
00111110110010101010
00100001011011111111
00000010000111010001
10111100001010111011
01110010101101001010
00101010010111000110
00101000000110100010
10111001110000011111
00100011011100111110
10101000000101110100
10100110100100000011
00100110001110111001
01101101000010001111
10101010001110001101
10010010110010110011
01101001100110110110
10011110000110110111
11011011100011111000
00000010011011010001
10000100001110010101
10100001011101000000
10100111000110110001
00000100001011000110
00111001000101111110
01110111001100100010
00110001100100110011
11011111101010110000
10010100110000110111
11011011100111000010
00010000110001010011
00011100010110110101
00110000011011011000
11111100101100100101
11100010001111110011
00111111101001100001
11001000110001101110
01010011110010011110
01001110110001110001
10011010111111111110
11100110111101010100
01110101110101110000
00111110111000010001
01011001010010000111
10100100110110001110
10100101110011001011
01111011111101011111
11101110010111111000
11011000111111000101
11110000101111111011
11101110010110010111
01101110010101011101
11101011011110110111
11100000110100110001
00011000110011101010
10000001111011110101
01100111110110010101
10001001101001101101
00001100011001101001
11000001111101110011
10010001111101001011
11010100110100110101
11111001111000010101
10111111101011101110
01001101111000101001
10010010011100010110
10010111100010011101
01100110001100011001
01001001011011101010
00010000011001000111
01101000000100100110
11001101001111110110
10001111010001011011
01011011100010110011
01110110111101111101
10010010000011100100
00011100101000110001
00000000000000010000
01100000000011111001
11101100110101000110
10011110110111000111
00000100110011010110
00100111111101011000
01111111110011101110
10100100111110101010
11101101000010100001
00011101101000001100
10001001001100100110
10100011110001000010
01111111011001011100
11101011011001010001
00111000011001001111
00110001010011010101
01110011111101100100
01000001111001010001
01011010001111001010
10010011001101100011
10010001011000010010
00111110111001101111
01011010101110001001
00011010011111101100
00001100011000100110
00101100111000010100
00101111011010100011
10110110101000110011
01100011100111001000
10101101000111001000
00000110110101100000
10110001110000110100
00100000101010000100
10111011000001101101
01001111100000011011
10010001001110111010
00100010100010010001
01010100101100010101
01101010100010111001
10111000101000010100
00000111110000011011
11000010010110000000
00010110011000111010
10101100100100011100
10011111110111010110
11110110000010111110
00111100110001001111
11011010011110000000
11100010111111001000
01100100001010011110
01110110010010011111
10100000110010001000
00101011111110111110
01101100011101011011
10101000101101100111
11111110101011010000
01001111000011110110
10011100111111101110
00011111110101001001
01101010001100000001
00101100110111011011
10110011001110100111
01100000100111011100
11010101001111110101
00001000010110010001
00111111011111111011
00101101010110110001
01100010101111000011
11000111101111000010
01001101111011011011
11011010010010101101
01000000011101111000
11101011101011110000
10000100100111000000
11010010101011111111
00111111000010110110
11101100111111001001
01000110000111011110
01000111111001010100
10101010100101011101
11010010110110101101
01000001101110110000
11000011101110111011
10011000110111010000
00001011011111010000
00110111011100010101
10001111111101011101
11110110001010101010
01001000011011010101
00110100010100111111
00001110101001011110
10100110111000100001
11011100001101000110
00001000000110001000
11011101001101100100
01111111000101011001
11001011010010100111
10010100111101011101
10110001101100111000
01010111111001000010
01011000001111000101
10110100100111100100
11101100110100001100
01101101011111110011
00011011001001101111
11001111000011111111
00101011111101110101
01000100110010110111
00101001001011101101
10010011110111001111
11011010110101101000
00000110100110001111
11001000100001101101
11010000011101111110
01011101100011010101
10001010101011000000
00100110110101010100
10001101101001011111
01011101010001000011
00111111111101010011
01000001011011001101
10000101010101101111
00100010000000000010
10111011010100111010
01111100011010110101
01001010100100010101
10010010000110110000
01110101110110000001
01010001011000001010
11110011011101000000
10111010001110100100
10000110000110010101
00100100110101000100
10110000000111111100
00111101001011001100
01101101001000111000
01011110001000110111
01100101110000000010
11111110010011000100
10001101100001010111
10010011001000101110
11000101011011100001
01011011001100011100
10111000110110111101
01001011100110101001
11110110110000010110
10010110010010101100
01110011000010110001
10000001111001110111
11101000010111110011
00110101000010001001
11111101101100100001
11100001111010100111
01110110011101111011
00111000000001110000
01010110110110000110
11100111101011011000
11000000101010001100
00000011110001100110
11110001010010000010
11001101010100000011
01101001110101000101
10100101011101000010
00111110000010111101
11011101111110101010
11001010111110010010
11011101010010100001
01011101011110010000
11110101101100110111
00100111101001001111
01101100011110111001
00001001110101011100
01110110010110100000
11010101011011111010
01000110110010001000
01110000010011001011
01001011001001011110
11101110101110110101
11101001000010001110
10110110101010010101
10101001101010010100
00101001001111010101
11000110001001011101
01000101110001111001
01011100000100010100
01111010111111001101
10000111101010000010
01111000011111101111
01010111010100011101
01001110001110001101
11100100000011001100
10011111110101001011
01010010010001001100
10110001011001001000
01011110101111111000
10101000111001111011
00111010100111011111
00111101011011001100
00010111111101011111
11011000011000000011
01101010100110010001
00000011100000001110
00110011110101100110
10100001001011011000
01101010001101010001
10001101000100011010
00001000101110100111
10101111011010101011
00010001000111001101
00010110100011111100
11101100100000001101
10000000010011010111
11010101110001101010
01010111001110100011
01011011010010011110
10011101110011110100
00011010001100111111
11000011000011000101
00011010111000010011
00100110111110110001
00001010101111110110
00011100001010010110
10100010000101001010
01110011101010111010
01101111100101111111
00110011100000111011
10110111010111100001
00111100111011010110
10001001011101000110
00100101111110100101
10111111100100100101
00011001110010111001
11110111010101111111
10011011101101000011
11011001010001001011
01000111110001010000
00001011110110001010
00011100101101010100
10000010010110011101
11010000110001101011
10000101111110010010
01000100001100011110
10100111011010000100
00001011110010110100
11001000000010000011
11100110101111111010
00100101001110101110
10011000100111100000
10101010100100011011
01000011000100000010
10111110000100101111
01111000001001001010
10100100111101011100
00100011000110010000
00001110010011011010
01101010100100010011
11001000110011010010
01011000001001100000
11100010010011110101
11101011011101111100
11100101110011111011
01011111011100010111
11010011011000111111
01001110011110101011
11101101011011101100
10101011010011110010
00111000110111111101
10011111010001011011
01011010111111010001
01000110001000100100
00110111111011100110
11000001010011111101
11111001010000000110
01101001100000010000
00000000110010000001
11011011100010000101
00011101001100000001
00111110100000010001
10010110000010011101
00100011111010110110
00101011001101000111
00110100000001001111
11110100101011101111
00111011001111000001
10001100001100110010
01100001100011001100
00110000111000101000
01111100111000011100
00100101000100101101
10011111100000010111
00010011110000110001
00101010000011101100
11110010001110100100
01011110000101000001
11001010101110001001
00100110100010111100
01011000011000101010
00001000101001110101
00011110101000010011
10001000001101100000
01001011010010111101
01010011000110100110
10011100101001010111
10111011101010101010
10011010000110110011
00010001100011000001
01100010001110110001
11110111000010111111
01100001100000010011
01001010010010001110
01111001010000010011
00000011010000010101
01000110100000011010
00000101100000110110
11011100000010011100
00110001001110101010
10100011011100000000
11010010010100101100
11111011001001101001
01000001111011111011
10101010100101000111
11001100011011000100
00011100010110011000
01111000001101111011
11001010101000000110
01000110101111100110
11110101111001011110
11001010011001011101
00010110000111011001
10010001010111000111
10111101101111100010
10100111010010110000
00100100010110100011
01001110010111110001
01100011011100011111
10011010101101000011
11000001001100110100
10001000111100010010
10010010011010001110
10111111111111100000
10111010010111100100
10000000101101110000
10111010101000110101
11000000001000001010
01111101110100011010
00111110111001000110
00101101111010100001
10101011010100100000
10000100111111100101
01100110100001100110
10110011111110000010
00001110001001101101
00101011111000000000
01100000000101111010
11110111100011111000
11001011011011011010
01001010001101101011
11111100011010111011
11001111110111110110
10011111001000011101
00000100100101111011
01111110111001111010
10110000001110011101
11100001001110001011
00101001101010101111
00110000100001011010
11000001010001001110
10000000101100100111
01000100110100000110
00001100010110101101
11011010011001011001
10010001010010100110
00011001101011000011
10110010000010111111
00010000011110001101
01010110000111001111
00101100110011101101
01011110011110001101
01001100100111010110
