20 511
10010101010110011001
01001001110001110111
00111101111110011100
10101001111000010000
01110111101000011010
00100100000110000010
01110000100000101010
00110101111100110001
11011110010000011000
00001111001000100011
10001001001101011101
00001011111010000010
01000101110001001111
10011001110100011010
00111010001000001100
00111110101000101101
10010100101010111101
10001001110000000111
10101010011001101110
01000000100111011010
00001010000011010111
10010111011100000110
11100101000111101011
00100101011110010100
01011100101010010110
01011011101101110110
11110011000000000100
10000100100110001001
11001100000110110010
11100110100001100111
00001111000001010001
10100111111011110101
10000010001101101011
00100000100111111000
11111000000100111101
01000101001001110010
11101111110010000100
01011000111110100100
00011001001011111110
11110111111100011101
01110011011000000111
10100000100110111010
01001010000010010001
01001011001100001011
00011000010111010000
00011111011001001000
00000010101001100010
11000000010001011010
00111000110111111000
01001101001000111000
11000001110000000110
11010100111000101000
10101010010011011101
11011011000110110001
00111010001101110100
00000101101101101110
11001110101111011110
11010110100000010000
00001010011100001110
11000100011111010011
01000111011100101010
01010010110011000110
01001110100101110001
01000100000010101101
00100111000101111000
11110111100010001001
00010000100001001010
01100001010010010001
10110111010101110010
11010000101001001011
10001100111111100000
01010100000010001001
00110110100000100111
00100110001001110000
01000010011010110001
11101010010001101111
00010001100001001111
10110011011011100001
00001010011011011000
00100011110001001011
11011101111101000000
10001101000011110111
01101111100001001111
00001110011101011100
00000101000000111010
10101111111011001000
11001100111100000111
01011100100011010001
01110111001110000101
10110100001101110110
11101001011001100010
00110001010010111011
10111111100001110011
01011001101101011010
01010011000010001101
10011101111000000001
01101101100110001011
11100100100000010011
11010110110001111100
11101010100011000100
11000111000101010100
10001111111101011110
11010110001010010110
00001010010110110000
10011101010001000100
11010001100000110100
11000011101110101111
01010100100100000000
00111100110101011000
00110100111011111110
10001110000110101010
10000101111111001011
11010110000110010111
00111110111011101110
01011000101011001011
10011001010011110100
11011100100101011000
00111010000111111100
00111111011101001110
01011000010100001101
11011111011000000110
01011101110111010101
11110001100101101100
00100110000010000010
10000100011110001000
10010001001000001111
01000000001100001100
00100111110100010110
10000001101100011100
11101010001111000011
00000111111011010111
11000001100000101101
01110111000010110111
11000010111110101010
01000011001110101011
00011111110111000100
10001111100010100010
10000101001111101000
00000010000111111100
10010110001111000000
00100111000101001000
00111011011001101100
11101010100111011010
00111010010000010011
00101110100111100100
11101101110001101000
10010010111101100100
01000111110010001010
01011011010011001101
10001010010011111001
10010010000010101101
01100000000110100010
00100100110101100110
00011100001111001011
10100000110010000101
11110010000001110000
11101110110010010100
00010101101001100100
11101100000111101010
10000100010101000000
10010100001000011011
11001101101011110111
00101000110101010100
00110011011111011011
10101101001000001101
10100000100101101100
00010000110010011110
11111010011110111001
11000111011111100110
11001100010111001111
00011011110111110101
11000101011011001010
00111101010101011101
01101100001101010000
01111101011010010000
10110000001000100110
11111111110101101000
10011010100100000011
00101011101001111011
00011101100000010111
11010001110101101000
01101011110111010100
11111001100111111110
10011000100110101101
01100100101111100101
11110110110110000101
10011111111010110001
11110011111001000100
11001011111111111001
11001001110101111010
11110011111011111010
11010011000101101111
10100111010101101111
11000111011001101010
00100111111111111100
00111111000111001101
10110100101011111011
01100101000101001000
10101101010001111111
10111001110000110000
00100011101101010101
01110100101111000001
01101001111010011101
11010111011000100110
00011110111101100100
01111001111000011111
00110101101001011000
01000001101010101101
10001001111100111001
01110110000110111110
11011101101111111100
00100100011101101000
01100100100010010010
10101100010001100010
00011001011110010000
11110100100010011101
00110110110011001010
00010100101111011011
11101000111111010111
01011101010010011110
00110011000100110101
00010011100110011001
11010011100110011110
01110110111100011111
01111101100011101100
01110011100010011011
10111001010110110101
10010010011001001010
00111111010011000100
01010011010011101000
01111111111100010000
01100001010100011101
00110010100011011111
00101100100010100100
10111110001010110010
01101000110100111111
01101100000101001010
00110101101100101011
01101010100000100110
11101111101010110100
01011110111011000001
00101110010011011001
10000001011110001101
10100100011111101100
11111101100110001100
00101111010010010101
00111101100111010001
10101000001000010110
00101110000110100101
01010101011011010101
01001111100111001010
10011010010011001111
01011101100000101000
11000011101111111001
10111101110101101000
10101011000000010110
00111011111011111111
00110111101111101001
11101100010101001001
11010100110001000010
01110110111011111001
11100011111011000010
10110010110001111010
01111111100100101110
00011111001010110111
00011110101111101100
11111000010000010110
01100000101000010000
01000101001101000110
00110111001011100001
00110010110100101100
11010101110111001000
00001011111001101111
00000010101110100001
10100111010100111111
10000110101110011010
11010111000101111111
11000000001010001010
10110101010111100001
00011000010000100011
10110001101100011100
00111100011110101111
11001000101111101000
10001000101000111010
10001101110001000000
00111011000100100100
11011001110001011111
11000000111001111001
11001111111011100000
11100000111111111100
01001110011111001010
01100100011010100000
01100100010110000100
11001101010010101010
00101110010110011110
00000000001001011111
11110111110100000100
00101011011111101011
11001111111100101101
10100111010010011101
01001010000011000110
01101111001100011110
11100101111010000001
11001010101111010110
10011010010001110111
01101111100000001010
11011000011110001110
00011111011010110100
11011000011011110100
10100000100110001100
10101100011011101100
10111100110101100101
01000010010011011110
11011101010111100111
10111000010100111111
01111101011000010001
00101000110000010110
10000001011100010101
00010111100111100010
10100011011101110000
00011110011111011111
10111111011001111010
00110111011000110101
00010110010100001100
01010111011101110100
10011001010101111001
10011001011010101110
01010101001100101101
10001101100000110100
11101111000100011111
00001000110001100010
00101101111000111010
10101011001001011010
01011101010010100000
01110100000010010100
01100100000000011111
00111100000110100100
10111110010110000010
00101111011011001111
10110101010001010110
00001110010010110100
00001001111101100100
01011011101011001110
11010011011000010111
11010011000011010011
00001111101001010010
10110000101100100000
01010000111011100001
10101111001101011111
10000110111011010101
10010100011011010011
00101000110111010100
10110000111011111001
10000001001010000011
00010111111101100010
01001001010101111011
00101001011010010000
11111001001101001100
00111010010001111101
10011101100100111000
00101001010111000110
00110010101110001001
10010110111111110010
00101100011100001001
00101110101001100011
11010011000001000001
00000000110111010011
10000000001100110011
11110110101101001010
00011010011110011111
11011000011010010100
10000101110100001111
10010100011101110001
01101010110101101111
00111101000110010100
10011001100011101010
10111110100000101110
01101100010011011001
10100010011101000011
01100011010000000111
10101101010100011110
11001011111110001001
11010101010010100010
00011100011100110100
10000111100001000101
11100011100100010111
10010011111100001010
00000110000000000010
01001100100101010001
10000101010001101111
11000010001111000111
10110111001110000001
00010110000110101000
00111000000111010110
11011001101100010100
01010100010001100100
00110101011110011001
00110100110110101101
11011000101010111010
11111100000101011011
11011011110001111000
00011100111101000110
01110110010001010101
01110110010111101111
01110001000100001110
11111011000111011110
10100111101011100010
10011010101100011000
11100111100010010110
11010000100011010011
00000001100010110001
10111010101000001010
10011111101011111100
10110100110000100011
00111001111101100011
11000011110101011011
11110100000001001011
11001100110110010111
00001111011000100001
01100110000010011011
10111011001100010000
10000010010011010011
01010100100000110000
00000001110111110011
10001101110100100010
11011110111010000010
10011100011011110010
01010110110100100101
11011001011001000001
01101011101110110001
01001100101000001011
01100011001110110100
01111010100111100001
11111010001101101101
01011001000110111100
11010100111011011111
11101100000110101101
00011011000100011000
10011001101101000011
11100010110110011011
00111011111100110111
00101000111000011101
00001010111110101110
10100101101100011111
11111001001110010000
11010100110110100011
00011111100010110110
01000000111110100111
01010100011101010100
11001001110000100011
10001000100110100110
00111101100110110100
01110110110001011011
00001110001001011111
00010001011011100110
10111001010011000100
00100110001111111100
11101000111000010010
00110010000001001000
01001000010101111000
01010000000111101110
10011000000001011101
01100101101100111011
01011011000010111011
00111000010110010001
01011110110111000110
00000100010100000111
01110101110011010000
00011110100110001110
11010001000111100101
11011110101100110001
11010001101111001001
00100010011100100011
11010000000101110011
01001011011110000101
01101111101000001111
01010110010110101100
11100011000111011001
01000100100100001111
11000111000111010100
11000001111010100100
00010010000110010010
01010110011110100101
10001101111010110011
10001001000010001100
10001011011000101000
11000110101001000110
11110000111110100111
00111100111010101111
11101010010011110011
01010000101101000001
10000000100100111011
00111011100011000100
01110001111111000111
00111011001001000111
10011110110010011100
10010001100000010011
00001011110111100100
00010000101001001010
10111110100100000101
00001010101110000001
11110001111110111110
00111011100010000100
10011011011101010001
10111100001100001001
10011000001100100110
11010011110110100001
11111101011100110011
01011001101100000001
01000010111000000010
11111100010110101001
