20 511
11110110010101001111
01101101001010001111
00111111000100010111
01001111000100010001
00101011111000010110
00011010110111111000
00011011011010011000
00011110000010001100
10011100101001010011
00011100011100001111
01010111100001101000
10001011010111101011
11010001011100110110
10001000011111101110
10010011111110000010
01100010000010010110
00100010100111101010
00000001010111100100
01110011101110100101
10000010101110001001
00101100110001010011
01011110110010001100
00011100111000000110
11010101101011001001
10000001110100111110
11001000010101110111
01100000000000000101
00001000100000111111
11000100001110111001
01000011010110011001
11011010000111010110
10110000100101010000
01010000110100100001
10000100111101000111
10001011000110000111
11011100000101101000
11111010111100001111
11001111101101100000
01001001011000001011
10111000110010111011
11011011111111010001
00110001000001100101
00111000011010010000
01111101101111111011
11010100111011001001
01001110000011011000
10110000100111010100
10101000101100111110
01111000000101110010
00001110010110001000
10110000000010111010
00100111011111001001
11111100101100011011
01110000111101011110
01111000101001110000
01010110111100011001
10001101100010110010
11010011001000000100
00010001000100111101
11101011110011010000
11011101000001101010
00011001011110001110
00010010011001111110
01011001001000000000
01100101000000111110
11000011001001000000
00101000011000100101
11100011010000110000
11111101111100010110
11011101101100001010
01100001100111101011
10101100011010100110
10110001011110010010
01111101000000011100
01010010000101111001
00111101100010001000
10011100110010100101
01110101001110000100
11010110110010101111
10111100100111100110
01001100110001110110
10110010010010001100
00111100000111111101
00100011110001001011
10000101011001001001
11101000110001100010
01010101000100000011
00100010010001110000
11001101100000110100
00010010000111011000
10010010100010111110
11010100111111001110
01100100010000111101
11101111001010101011
01010010111010111110
01000000110010110100
11111100000110110100
01110100110011010111
11001101010011001100
00010101100000100010
00101011001010111101
10100011000011110100
11010011000111011011
10111110011010001001
10011101111101111010
10001011100111110011
11101100001010001010
10000111011001000010
01011100000010000101
00110110000010100001
11010001010000000100
10101000110011011010
10001100101000011000
11010001010000011011
11100100110001010101
00011000110100110010
00000010101101010001
00100110010101110000
01110011000000110100
11000010101001111000
00110011101000000011
10001001110000101000
11000010110101111000
11101010111011111101
00110101011011111111
00001000101101001010
11000111010110111001
01101010000010001011
00100111001111011001
10000011001100100100
00111010110001111100
10101011101110110000
11100110100010001101
10000100001001011101
10101110110001011111
01000110111110101111
11001101011100100000
01101100001111001010
11110101100000110001
01011011000100111001
00001011001100001110
00011010110110000000
00011101000101100100
11100010001100101011
10101000001100001101
10100111110100110000
01100000000100010100
00001000100100001101
01000010110001111001
10001100010110110001
01101100110101101100
00100101001001000100
00101011001101100111
01101011010010011010
01110011111001110110
00111110111011011101
10001100001101111100
00010011100101100001
01101011010100100010
10110100010110011011
10111100100010101011
00100010101111000110
11100011010111001101
11001101110010101011
01101110111000001000
01001111011000100000
00101011111101001010
10011111011111000110
10110001011011111011
00111001001001100000
11111101111101111111
01101011010001011011
11100011110011111011
11110110101000010010
10100001011101100001
10110010111011101010
10000010111001110011
01000111111001110101
10100011100010001010
00011101010000001011
11000110100001001100
01001010101101101100
00110111011111001111
00010000000000111111
01110000110011110011
11010100000000011000
01111011100010110000
10001100001100010001
01100010111110100101
00000110111111010010
00101001010010011111
00110001000000010011
00011101000101011011
01010010100101001101
00001110110011010000
00011000000100111110
11110010001011111111
11101100010001101100
11110000000001110011
01011101000101001100
00100001101101100100
00111001110000010100
00001011001010101010
10000100001101010011
10001000101011111000
11110011011100100010
01000111001011001001
01010110010001010100
01010110010101010010
00000010000000100111
01100000110101001101
10101111010011101000
00110101110100111100
00110111101000110000
01011111011011110000
01000001010100100011
01000010011000100111
00011100111000011111
01000010011111001111
10110101110111100001
01010011010101010111
00110000110001100001
01010111111010001001
00011000010100100110
10101000111110010001
10000110001011100101
10111001001110100110
01011011110010011110
11000001001111001100
01010110010111000101
10011101110011100101
11000111111011110010
10011010000010100101
11011001011101110001
10100110001011001110
11010001100111011111
01000010101000101110
11001110010001110100
10101000101010011100
10110111111000100110
01010111101101010011
01110011010100011101
01101010110000110011
01010110001110100010
00010011110110110010
11110011000011011000
10111110010111010000
11011000011010001101
01000010101110110111
11000110000101000101
01111100110111110001
00111000111011001111
11110011001010100001
10111100010100001110
01011010010000100101
01100000000110101111
01100111100000010111
10100001110011110010
10010100101100001101
11000010100110011101
00001011011111001001
10001000000110110111
01000011101111110010
11011110110001011101
10010111010000101011
11010001010011010110
10110101010101100000
10001010000000111011
01010000110111111001
01101100010000010100
00101110010000110110
11000001100000000010
10110111110101100001
10110011111010111001
00101010110100010001
01001101111011111010
00001000001001010000
01010110111010011010
01010001010010111000
01111011010011011000
10011111011111110001
00000110010000110011
10011000000110110100
10010101000011111011
00000100001110010011
10110001110010011011
10101111100000110100
11011001111010001001
00011110001001011100
00000010000110000000
10000011110100001001
10110000011110110000
00000111100010011010
10000010000011011110
00100000101011001000
00000111011100111111
01100011100011101111
01101011101001101001
11100000111011001010
10111010101110101011
00010010111110011110
11000001101001100001
11111110110111000110
11111100001101011100
01011010001100110010
00010010100001001000
01110110010110110110
11100110000111110111
00111111011110110001
00111000100001110010
01100001010101010010
10110011000101101101
01100111001001011010
10010111010100111111
10001101110101101101
11011101010011110110
10010111111110000000
01100100001100011011
01001011100111110011
00111001010100100110
11110100101011110110
11010111110111110001
11010100010000001100
01001001011100011110
01111101100101101110
11101111101100011111
01101110010010010101
11011100001111000001
00111010110100010010
10010000000111100001
10001111011011010001
10110101100010111001
00000111100001000000
01000100011001111011
11011011010111010100
11000110111011110111
11100100010101001011
11101111001010000011
01001000000101101001
10010001101011011000
00001001011110001000
00000010101010110011
10110001110111011001
10011011101010100001
01110000100010100001
10110110111111000010
00100110011101110100
11101001110000110010
11011111011001001110
01100111100100101101
10100111101101111110
11011110100111100110
11111110001011111101
11000111111011100111
00100110110111100111
00011100101000001110
10100100100000011001
00101010010101011101
01010010010000100111
11010001111010111010
01111110010010000110
00001001010101011011
01101000110011100001
00110011111011011101
00100010101010010111
01001010100011010101
01001111101010011011
00110100000010101111
10001111100101010001
00101000010010101110
10101010000001001001
01010100000001110101
01111100100101011110
10100100111111111000
01111111101010100011
10100101011110010100
11011110111110100011
10000100111000010110
00111001011010001111
00100100100001010111
10100011001100001111
01110100100010101110
11101111010011101100
01110011011011111000
00011100101110100011
10011101111000010000
11111100101000101100
01100100110100110110
01110110010100011001
10001100101001010000
00100001101110101000
11101111000001101101
01101000000001010000
10101110011010110011
01100001110111111111
01011100000100011011
10011111111010110011
00101111001101101110
10010000110011101111
00111010000001111111
00010110101001001111
10101100011111010010
00011011011001100000
11100111011110110000
11100010000011000011
00111001101101011010
00001111000110010001
11110100110000010011
11110010110011101101
10100101011111110101
11101010000110110010
01010000100110101001
00010010111010000011
11011101100011000010
00111110101011100011
11011011000101101000
00101101110001111010
10111011011111011110
01100101000111011011
11011001101101001111
01101000101000100010
00001111000111101001
01010000111101010001
00000111011000001011
01000100011110111111
00110111010110011111
01100010011101111000
11011110101011001111
01010111001011110001
11011010001111010010
00111100000110000110
00110111111101001110
11001100101001011101
00000010111110101111
10010000110101001010
01100101001010111000
11111011101010011011
00100111010110101101
00001101111110000001
10111100001010101001
01011000001111010110
10110100110101000110
01000111011111000001
01000100110111011101
11011111010110011100
10001111000100111011
00110110101011110100
00010000000110001111
10000110101001100101
01000011110010010110
11100000110010110111
10101111110010011011
01011101100110010010
01010010010100011101
01100000100001101010
10110000101000111010
00100010100101010101
00010101010010111010
01010010110111001101
01000000011111100001
10101101011100010111
01010010010010100111
00011010000101010101
11110100111010001110
10100010011010010101
01110110110011011000
11100111010001111111
11110110001100101100
01100110110100111001
00001100100110101010
10001010111011000110
11101011010101010011
01011000101000101011
00101001011111110000
10001010111110000101
01001100010100001011
01101011001110110100
01011101101111101000
00000011001111110010
11100100010111000011
00010101101111001111
00100111000011101110
00001110001011001111
01000011000101110100
11000001110111001100
11111100000010011111
10011010101100100001
11010011011001100101
11001101011010100100
01000010000001001100
10001101011110111110
11011010100110111011
10110110101011011111
10011010000100100111
01011110000100000011
01111100100110001010
11010100010101111011
01100110101000111110
11111000000101111000
01010010100101010011
11000011110001100101
00000010111010101110
10111101010110000100
01000101101111011011
01100101000110111111
01011101010011011011
01010100010101110100
00011100011111011001
11010001110110111000
10101111010111010111
11111011000000010011
