20 511
00010011101110000011
00101001101110101111
01110011011000100000
10110011000111111000
00110011101101001010
00010101000011000110
11101001111011101111
11010101011110110000
00000001100110011001
01100011100000111001
00010011101100010011
10101101100101010001
00001001100010111110
00110011010100000001
01100010110100110110
11100001110010110111
10101010000110000111
01011110000101101110
01001010110001100110
00001111010111001101
00001010011100101011
10110000010001000001
01001011100010000001
00000100111110110010
10110111010000001011
00100001110111111001
11001000110110010011
10001110100000100011
00110010011011000000
01011000011010011111
11111100011111001001
00011110101011111011
01010000110100111001
01110101011111110001
00000101100010100001
00000010001100000100
11111001110000101001
01101100110000100001
00000001111001000010
00000000001111101101
10100100111001010110
00001011000111001000
00000001111110011011
10110011010011001001
00100000001111111011
00110100001100111001
01110011001111011101
00111000010000110110
10111001001001010110
01111010110011110010
10100100110001101010
10110110011000001110
00001011010101001111
00000010111101101101
00101101000111001100
11110010111111010000
01001110111101001111
00100110001110001101
00101001111010000101
00001000000000001110
10011011101110001111
10011100101001000010
11001100000001100001
10001001100010111010
10101010010100010000
01011111111101011001
11110010001100110100
10110100010111101111
01110110111110101101
00101000111111101010
01000010010011001011
00110000110101000011
10000011101101111111
10100110100000010111
01111001101011001001
11101010110010110100
11100001011011110110
00111100110100111110
01000001100101000101
00101111000001100010
01000101100100000111
01111000111100010101
00011010111110100101
11000110100001001101
00100000001110001111
11011111100111100010
01011110000101100001
10100000100011101110
11110011110111000000
01010001101000011100
11101111001111000010
01000011100111100010
01110011011110101100
01101001110010001011
10010001001000001001
10110100111001011101
11100000101101001101
00010011001001000010
00000110110111011001
10100101010111010101
10010101100100010000
01111101110111111011
11101001101001110000
10010110011001010101
11100001100011010100
11000100101111001111
01100101001000101011
10100001100010000111
01001110110110111010
01111010010001111110
11111001001111011100
01100101110101101001
10110100011110011001
00010010010111001010
11101011000001011100
10111000110110110111
11000001110101100000
11110001110100111011
10001101000101101010
01110101110011100110
11101110101011110110
11101100101010101100
01101001010011111100
01101011100000101111
10011100010001000011
00101001000000111111
11100110000110100001
00100101111111101011
01110110111111110010
01100010100001111110
10001001011111111001
01010011001010111110
00110001011100001000
01001110000100010101
11011101010000010111
11101011000000101000
00011011100111010100
00110110100100110111
00001111111010000100
11011100111100100011
11011111100101000101
01000110111101101110
11100000100010100000
10010001001111011110
11001100001111010111
10111111111001111100
10010011000011010101
11011110100101001010
00101111100001001011
10111111101010001010
00010011101111111001
10011111101111100000
01000111010101011001
11111000001011101010
00101001101011011100
01010100100011111110
11101111101001000101
10101111011100110100
01001110010110101010
11110100011010110000
00001000010010111111
11101001111110110011
10001010010100001110
10100101101001010001
11010110001010100000
01011101010111101111
01101100111011100011
10101110000001001100
01100010111111011110
11000010001100100000
11100101101110001111
01010011100011010011
10101101011011100010
10101011100110000111
10011010110001011011
00001000000010110111
11100110111110010100
01101010001100111000
01010111101110010110
10101010001011111010
11001101010100110110
11011111001111101111
01011000000000111100
00111000010110001110
10010010100001011011
00010111101100001110
01110111100010110010
00100010101011000101
10100100100010110001
11011001100101111000
01100000011101000110
01011000010111101100
01100101011001011111
00001111101011000100
10101111001100101111
00100111000000100111
00100000100110000100
10100000110011001110
11111001111001110101
01110111110001011101
00111011111001001010
11111001000101011010
01100100011110011010
11100010110101011011
11010100100101110100
10111000001011111100
10100001010011101100
10111011011111100010
10010101010101111111
11001111010111000111
10101100111111110001
10011100010011001011
11111011001101100010
11111100101110001101
00110100110000111010
11001011111001011001
10100111011100000101
10101001010100110110
01100011111001110100
10111100100111101101
10100010101100011111
00111010101110110101
11001110000010111001
00101001011111001010
11011110000001100000
10101100011111010111
11000100000001010001
11100000010101011000
00110110000111000110
11001111101100010001
00001000100001010101
11010001101011011000
01000100000101010010
01110011100101001110
00011000110010001100
00001000010011110101
00100110011000110011
10001010110001111111
01010111001001101011
10111100101101101111
11101011000000000110
11110100010101111111
10010100111000110111
11110011110011001010
01000010000111000001
00010100011011111000
01011010111001101010
01100011010000110001
01010000100110100110
10110101100101010111
01100001100111011101
01111101001101110110
00011110010011011101
01010010010111010100
00000111101100101001
11110111010111011100
10111100100001111001
01010000010001000111
10111000011011111010
01000011011000000010
00111101101100101111
00110011000110110001
10110000101010100111
00010001100111010010
00110010001101111001
00010000111111111100
01111011000011011000
10011100001111100010
11110010101001000011
01011111110100001010
01111101001111010010
10100110100001111001
11011000000001111101
11100010101010111110
10001000110110101111
10100001111010101100
00111001110110011001
01011110000100101101
11100101001010110011
00101100000000100001
10011111101101100000
00001001001000101110
11110000000111101101
01110010101101000101
00000011000111100111
11001100001100110001
11001100110110110101
00110000011000110000
10001110010100111101
01100000000000000000
00101001000010100110
01010010001011011000
10111010010010001011
00011101101011011000
00001101111001110110
00011010010111010110
00010110100010010001
11101010111110100001
00110000100111011111
11101101110110101010
00101000001110001001
11111100011010000111
01001001110000001000
00111111111001110011
00001110011001000000
01101000011100101101
00000001001111110111
10000000110001000110
01000110110011001101
00011111100010001110
11101011100000101100
10100100101111010110
10010110111100000011
10110100110001010010
01011101100101010111
01110010001001110011
01011110010101111010
01000000010100000000
10111010110110001110
00010010101111000001
11010111111100101110
10111100000000101011
10011110101110010110
00111101100010010001
00101010011001110001
00100100101011000010
10000101110010011011
10110101000110111001
11010110100111000001
01110110110011111011
00010101111100010001
11111001110001101000
00101101101101101111
10010100000101000100
11111001100010000111
11101001010011010111
11011110101001110111
01011111011110110111
00110011011010001000
11011100011110010101
01011010100110011010
11101001101101000010
10110101100010001010
00111110010111000100
00111111010101110001
10010101110101100010
11101111100101011011
01011110001111001001
00101111101010000000
11000000011100111011
11010001100110001001
11100110100101100101
11111001110111010000
10100100000000110110
11111001010101111101
10011110010111101010
11101010011000110001
10101101001011101111
01001010110001001011
01011010100011111000
01010101100100111110
00001101010000100010
10001111110011100010
00011001100111001010
00001111110100100110
11110111110101110110
01010101100111001101
10011110001000000000
01010001100000100111
00101100001111110101
10101110000101011111
11000100010000001110
10111011000011111000
11101101101111000000
00001101110101000110
01011011110111111000
01000100110000011100
10100100110000100011
11100010010000111010
11000100001000010101
00010001100110110000
10110011110100010001
10111010000101100011
11100011001011011011
10110011111010110101
11010110011010001000
01010101110000001010
11011110100010011001
01010000111010010011
11001110001011101001
10010001101011011000
11001000111001111111
00010100111111100011
00100110000011010110
00011011110100010011
10010101000000100011
10001011000101010110
11010011111001011011
01110101011000110000
01011110010100100111
11101101101100101000
01010001100010110111
00111100101110101001
11001111101011010000
00111000111101100110
11110100101110101011
00010101100110101101
00010000100010000100
00100000111110010000
11100100010110101011
00110101001001001110
11000000011000011100
00111101101100110100
11111101011110111001
10011011011101000110
01011010010101111111
11010001101110011110
11010111101010010001
00011001001110000001
00000101100001000100
00110110010111000111
11000111001011110111
01011110001000111101
00010010010000111011
00000111010100100101
01110000110111001110
10001110110111001110
11101101110011111001
00111011001110101001
11110100100010011001
10110101011000101110
01000011011010110100
01001111010111100011
11010000011011010110
10101111011011111101
10000100000100001100
00010110111011010011
00010010001100101101
10110000001000111111
01111000111010111010
10000011110011000000
11000101000100010001
10010001000011001011
00010110000101011010
00000010001001011010
00010010110110101000
01101001010110101111
10100110111011001111
01001010111010000101
00011011100010000101
01010001011001000000
00001101010110101010
11101011000101001001
10110001011100011001
11101111101011000101
00001010101101111101
10111011001111101011
10010110001010110101
01000110110101110001
11101010000000011001
10100001011000000100
01010101111100101010
10000101100011101010
01011001100111001100
01101000100001000000
01111111001100000100
00100000001011101011
10010000000011001110
10100111000010000011
01111001100001101101
01101101001101100011
11101110001100110010
01110010001010010101
11100011111111000011
01001000110001011111
10010110111111011111
01110010101011101011
00111001000110000010
01111110000110100101
11101000000001011101
10111011101100100101
00000101001111001101
01010011101000010101
01110101101111110111
01011101011010110001
11101111010100101101
01011010111001001110
00001100011101000011
00000001101101101011
10010111010001101001
01001000010110001111
10000000100101010000
01000011001011010001
11110111000010000010
00011111110111000101
10101101011010110001
00111111100110010100
01001011101110100101
00010011111000101111
11110010010011011000
11010110100110000000
11010000001101010110
01100000011011110011
11000001110111101010
11011110000101010110
01100010111100101010
11111001111111001001
00000101100110000100
01100000001001110111
11000010110011011100
01101001010110000011
