20 511
01010110111010001000
00001011000100011001
01100000110110000100
10001001111100110100
10010010101011011100
00010110011101100000
11101011000111011101
11010001111001010010
00010011110001101111
00001111100000000000
10011001101000110100
00011010100011000110
01111101100010011011
11111101010000011001
00100111110010010101
00101100011111110110
01010011011011101100
11101010011111010110
11010101001100110010
00001001111111011010
01100100000001001001
01010110001101100110
01010000010100010111
10111011000010101100
10101001110110011010
11101111110011101110
00101111001101001011
00000110010110111111
01001111111010000000
01111001011100011011
00001110001010010110
11111111101110001101
00110101111011111010
01011110000010111010
01011111011011001010
01001110010110100000
11001111001011100111
00011001100011000000
00101110000111111011
00100111010001100101
01011000011100000000
11001110110010001010
10001111010100101110
00100101101110100001
10011001010110100110
10010101000011111000
10110101010000101100
01101011100001111110
01000000100100110100
00101110100111111101
11111000011100111001
01110011110010110101
11000100011000001000
00010100110010110000
00100011110011011111
00001000100011110001
01011010110000001000
00101001111110100010
01111010011110100100
00100001011011011000
10000000111001100111
01100100100000100010
01010110100001100110
11100100000110110001
10111001100110001010
10010001001001010110
01100101101101100111
00100001100100111110
10001110100011011101
11111001110100110100
01101001011111001100
10011000001100001110
11100000010101001000
01100110001000011111
11011110000101000001
01001101010100110100
10000110001011101000
01000111100001110110
11010001110111101001
10100110111110000011
11110010101011010100
00111110001100001101
00001010001100101000
10111010010011101011
10110110011100100010
10000011100010001111
10000010011110101101
11000100101100011100
10001100010101111111
10010010011110101001
10101000010010101100
01101111111010000001
01010111111011010111
00110110101101101101
11110111001011111011
11110110001010100000
00111000011010110101
10111001111111101110
11111000100100010010
01000110110001101010
10000100001101010000
00000010001011100010
11001010000000110100
01000000010011100111
10010111110111111010
10001111001101001000
10000100110000010001
10110010111010100010
00100100011001101111
11011110110000100011
00000110101001010111
11001001110100110110
00011101000100011101
10011110100000011101
11101110100101111001
01101110001111110111
10100010111001011010
01010001011110000001
10010011101111110110
01010111001101110001
01110101011111000011
01010110110110000100
01000001111100010011
10101000111000010000
11010111101000001000
00000011010010111001
10011100101010101111
10000110101100001010
10101110000011011000
10000001011011101110
11001101100010000000
10010101001111101110
00110000000111101101
01110111110011100001
11111101001111101111
10010011011100100010
00100111110100100000
10000011100111000110
01110111010011010101
00101101101101010000
11110000001011000000
10011111011101010100
10101110111111111001
10100010101011100101
00001010110011111101
00100011101100000101
01110011101001011001
01010000100111010101
00101000011010010100
11111100100101111111
01111011010010001001
01010100100100010010
11010010111110010011
01011111001111101101
00010001100101001110
00100000011011000101
01100011111110101111
10110011100001000110
00101110101100010000
10100000001011001000
10100101101000111010
10010010110001111001
10100010101011010100
00110000110001110001
10110001110011001011
11011110110011001010
00001000100001001011
00111110100111000001
00101100100111100111
00101110101110001111
10010101001010100110
10000011111110001110
00001010100011010100
11110100001000110011
11011110010000000001
00010110010001001110
00111001001010011110
11010011101000100100
00011010010000110011
10100101101011001111
01010100101011010001
01110110001101111000
00100001001101010100
00110101010011111101
00001101000111011100
10001010111011011100
11101110110101110000
11010101001111001011
00001111011100110110
11010000010001110110
00001101000011111010
00000001111100001010
00100111100000100010
01011111101011011010
01110110010000000001
10111000111110000111
01010000110101011010
10001000110001000010
10111110100011100100
10100000000011101010
00011100111000101010
00100101000100010110
01111001010001010100
10011110010010000100
10111110110010111011
10001001100000010110
11001010000001010011
10111110000110100001
00001101011000001010
11111000111010010000
00100110100000010010
01001000010000111010
00000011111100001111
01111010010010000110
10110010111011111001
11111111100001111100
00111101100100001001
10010111001100011011
01001111010111010001
11111110110010110110
01010011100010101101
00001000100111100000
11011100001010110011
00001111011010100000
01010001110101010010
00001000110100001110
10001001100000011101
11100000101101100101
10100001011001010011
00100001010110010101
01100000001000101100
10000010101010011101
00110100101100101011
01101000000100110100
00010110111110011001
11101101111111000000
00100000110101111100
10001010111101111101
00011001000010011101
11011101111100101100
00011110000101110010
01001000100001000111
01001011001111110011
01111110010101110110
11001001010010000100
11010010010101111111
01100010100000111110
10000000111101001100
11000100000101100100
10001011010010110101
00111010000001110110
01000100111100000110
00100001101111110010
11000000111000000101
10011000100000001011
00011000101010001101
01001000111001101001
10001000010011111101
11111100001100010000
00110100000000111001
11000101101100011110
10110111101000000011
10111000110001111000
01010010100000001100
00101001001001000010
00000110100001111100
00010111001111011100
11111000101111111010
01100110010101010110
10000011100001111110
01110101001110111001
00110111101000101010
11010111110000100000
00010101000111100001
01000100101010010011
10101001110110010011
10010000101011011000
01111010110011110101
01100001110101011100
10000111000111000010
00000100010110001101
11010011011000111111
00100111101111001011
01110011101001100100
10111011100010110011
11001101101010101011
01101011000010011110
11011111110001001001
11011000110010000000
11111001110110101100
10011110000010011000
01111101011010000000
10001111010111100001
00000101101000101111
00110011001010001100
10000010100111101011
00010000110011010010
10011001101000011001
01101000000101010111
11010111001111001100
01001011101000110011
00100111100011010000
10010101110010000111
00110000000110100111
00100110000100100101
11111001011110010001
11111001101001001001
00110101100000010111
11101100010001010100
11010100011010110001
00010010001111000001
00100111010110111010
10100001000000110010
00111000011100101011
00011100111000011011
00011110111110001100
01111001110100011111
10101111111110100010
01001100100101111000
00101001111111001011
01010110011001011101
01001000110010001010
10111100110010111101
11001001000000111110
10100011100111010000
01000101001111110111
11001100101100010011
10011000111100010011
01111111101000011010
10101010111100110100
00001110110110110001
11111110001001101001
01000100001000110011
10101100001010011011
10011011001001001010
11001000110000001100
10111110111111110001
01001101000101010101
11111010100101000001
11100001001100010001
00111111011010000011
11111000101110100101
00000001010110000011
00110110010010111110
00011001100111111111
10000011010000101001
00111100101100011011
01110111110000100110
00100110001100100011
01010001101010000101
10010011011110010111
00010000101100100010
10001001010001001111
01000011111000101110
10000011110100001100
01110000010000001100
10110001001011101010
11010110101010101011
00000001011010100101
01111011001111101100
11100100010101000111
11100100100100111100
11011011101110101011
01001111101011110011
00010101111010100000
01000000000010011011
01001000111010111011
11011000100000111001
00011010100001111100
11100010011110000101
11100011000001110111
10000011111010111001
01000111110001011010
10101001000101101111
10010000110011001011
01101000110100100100
01011010001001100111
11111111111111110011
00011100001000000101
01100011101010011100
00011001001000101101
00001110011001001001
00110000011011110110
00100001101110000010
10010111101111101001
10011010110000111111
01011111100010110110
00101000100000001101
11110000110111011100
11011000010001001110
00000010111000101101
11111111010101100101
10110000000110000100
10111010011111111010
01001010011110010101
11100010001111001101
01001011101010111111
11111100000000011010
01100010011110110101
11110010111010100100
11111100000110000001
11110110010110010100
10111010101010110111
11111011000000000111
10011011001011111011
00111111000010001000
11011010000001100110
00100111111011110110
00011011010000110000
10000011000100111100
00101100001011111000
10001111010111111001
11100111101111100010
01011011111011100011
01110000111011010101
00101000110010000100
01010111000100001110
11001010100000011101
01101110001101000011
10111010101101111010
11110101101011110110
00110011011100010111
11101100111010101011
00101111011001010001
00111011100001101110
00001100101100110000
00001111110001100110
10110011100111011110
11110001111111111111
01101000101011100001
11010100011101100111
00011010001110111111
01010001100111111010
01010100001011010001
11010000101110100001
01001100010000001110
10100100100011011010
10110000100110111110
00011110001110110001
10000010001010100111
10001100110111000101
10001010110100010010
00111010111011001110
10101001101100000101
01010000111010100100
01000011011001110001
00001000110100001010
11000111101001001101
10011010010011110110
11001011101100011111
10100101111010011111
11011001101110111001
01101110010100101101
11010101110010010100
10001011001000011100
10011110110110111101
10101010011100100010
00001001101110111011
00100111001011100001
01000000000011101011
10000111001010000001
11011111100010010111
10001101011110100011
10100010001101110010
10110101011000101110
01101110101111100011
11010011001110011111
00011000011011000101
01100100010111010100
01110001111111011110
11010111101010010001
11100111011111011010
01000101001001000101
00100001100001011111
01101010000100000101
11010111011101111111
00010111111001101011
10000111100000101101
11000100010101011000
00110001101110010001
11100000110011100110
10100000101001111011
01110110010100100110
01010111100101100011
10010110110101100011
00101010010110011010
11110010110100111110
11110000100100000111
01101111101011110100
01101110101111100101
00100001110110101110
01001001110011110110
10100100111111101000
11011101101111110010
10000111101011110001
00100001010000101101
11100111001101110001
00010011001100110110
11100010110100111011
01010011010101111010
00111101000111111010
10001000011011101001
11111001011110100001
00111000010001111010
10010100010001010000
11101111111111100011
01110111011011100010
11000011101101000101
01111011000101000100
01000010000001101001
10111100111100010100
