20 511
11000110101111011111
00010110100101011011
10010110101101001100
01111111000010001001
00001011101001111111
10110011101000101010
00101111001110011101
10101101110000100111
01011011001111100001
00111100111110010001
10011101010110110000
10110010100110100111
10011000111110011101
00101111000000001100
10010000011010001110
10100111011111000101
11100010011000001110
10001000110101000101
00110011000010101100
11110000011111011100
10001111000001100110
11100011011100000010
00110101000101000100
01001011110100100001
10101011101010100101
00010101000001011011
10000001111101100001
01010101100011100110
10001110111010111101
11110101010000000101
10001100110010111100
11011001000010001011
00001000111000010110
11011010001010111111
01010101010010100001
00110110011101110001
01101111111011010110
01110101111001011100
00111101011111010011
01110100111000010011
00001001001010000110
11000101111010010110
01001000111101011001
10111010011011110110
11111101101110111110
00001100111001101110
01100011101001111000
11000110001100001010
11111111001010110100
01101001000001000111
11011001010010000001
01110110000000100101
11111011101110000101
10001001101110011010
00000000101100010111
01111100101000000011
11010011111100101100
10101100100101011101
11100110101111001011
11001001100001110110
01011110100111101100
00011110111101011100
10000010010100110110
01001010010110100010
11010011000110101011
00011101101110111100
11100011101011010010
00101011001111101101
00100100110011111100
10101110000111001101
00111111100111011010
11010101001111110001
01111011100001111000
00000111011101110110
11110001001000111011
01000000010010011000
11101010111101000101
00001101110011110100
10100011110101111110
01110010100000101110
01100000111101010011
00000111111011010010
11110000101000010100
11100100100010110011
10011001100001011100
00001001011101000011
00000010101111111010
10101001011101101011
10110011110110101101
00111111101110001001
10110101011000000110
11100001111101101011
01001111100100101101
01000000000010011110
11111110000010010000
01000001001110001010
01001000110001111011
01111011010111110010
00001101000011101100
10010101101111100111
10011001011001011101
11010101111011011011
01110011111000111100
00111111001100100010
11010010010011111000
10111011110001101110
00001100001111001000
10001011100110100011
00111101101010111011
01011011011010111110
10100011011000000101
00000010001011111101
11111101011000111000
01001101111001110010
11110101100111110000
11100001100011111011
01100010001010100100
10011110100000110011
01101000101110101111
10101001110101000001
10000100101101001100
01000100011001110011
10110100101111101100
00100101010000011001
10100000110101100111
10101111010110111110
11110010110000000101
11001010101111000011
01001001111011101001
11100000010101100010
01000111110000001100
11001001011111100000
10101101011100010010
11010110000001110001
00110000011010000111
01100111000110001010
01110001011111111011
00010011010100100000
01001110001010001010
01101101100001001111
01001000101000001101
00101111100101010000
01000010000100001000
01100000100000111011
00001010100101011000
01000101110101001110
11011111001111111110
00000110100101000100
10101100100011011001
11010010011100100011
00101111100010011001
11001110101011011011
01000010101001010001
00110100100101101100
10110101011100001110
00100101001000101000
01011001001010010000
00010100101010110100
00101010111101000100
01001110011110001101
11111101110110001000
10001110000111001111
10100001010011011011
00111001000101100100
10100001010111100000
00100000010101001110
10000001101011100011
00111100111100000000
00100001101000101011
11000000100010111011
00111101111000110011
11110101011011111111
11100101111111011100
10010011011110010000
00011100010001001100
00100100111110000000
01011110100100010001
01100011011000111110
11110110111101101111
11011000010101010000
11010001101101001110
10101000110010001111
01101010000110100101
00101111001001110101
01110101110000001100
11000001011011110011
01101011111101111011
00101000100101001111
10110110110010011110
11000001101011011001
11101000000001110111
01010000111101100100
10100000000101100100
10001100011111110011
01111001000011001010
01111110100100000011
11001101110111011011
00011011001111010001
10001110001010101101
11101001010100101101
10010010111000101100
01010001001010110111
10010000011100010100
10101111010100010011
00111010111001111000
11100011011100101111
00010001101110101010
11111011110110111101
10011010111001101100
01111001100011101100
11011000101111110111
01011100100001101001
00110010001101010010
01000101110110010100
11101001110101010010
01100111101100111100
00111000011001010111
00110001011001010111
00011110010111011101
01100100011001111001
01110111110111010001
10101000111010110000
10011111011001100110
01101111001101011101
10011000010110010000
11000011101100100011
10100111000011111010
11110011100011111111
10010010111111001000
11001011000111010010
01000001010000100111
00011100110100101010
00100011000001011101
10010011010101110000
01111111001010100010
01011010111011011101
10010010010110000010
00011010010011010110
10001110011110011000
10111110101001100111
11111100110101111110
01011000101110101110
11110011011100011001
11111111011000010101
00110110011000110010
01001100010011110111
11110001001100010101
10001110110101011010
10101111001100110111
10001101011101010010
00101010001001101010
10010101110100100100
00011111100101101001
11011001100111000111
01110111111010110001
11101001010100000010
10100011000011111011
00111110100011000101
00111010011000101010
00110000010011011010
11110110000110100110
10100101001111110010
10001011100100110010
10011001000111000000
00001001111001101110
11101000111001100101
01001001010000101111
00100000110110111001
00010110111001110000
10101010101011110010
00011010011101100001
01000011000001000101
10100101010011110001
01000010100000111100
10101001111101101101
10100100010101110110
11101001011100110101
00000011100000110011
10111010110100010010
01111000101010101100
01101011111100011010
01100100001100011101
10001000110011000000
00110110010110010000
11111100101111001111
10111000000101010001
10111001001110100011
11010001011111111001
01101000001110100010
11111101000111101000
01110000000110010011
10000011011010110101
11010000100110011111
10101100011010100010
11110001100010010000
10100100011000101111
00110101111100100010
00001111011010001111
10001101011111011111
01100011001110110100
10010101100010011000
00100111100100001010
00010010001111100011
10011101101010001011
10111100000101110001
00100111111011111100
01100010111010011101
01100101001101111010
01100001001011101111
10101110110001001000
10100011001100101001
11010011101101100111
01001011010010010110
10000100001011111010
00111110100100000101
11011100111011101011
10011011000100101100
00110110001111010110
11000010011111110110
10000110000101011000
10101100101101000001
10010000100011101010
11101100100111111011
10010101010001100110
10100001001001010011
01000101101101010101
01100110110101011010
10101010100000011101
11010101111100101011
10110001011010011011
01100010101101101100
00111001000011011000
11111011111101000100
10100110001111000011
11101111111000101000
10110100111001011001
11000001101100011001
00111100010011111101
11001101001101010111
01001101111110101110
11000100100110001001
01101010100000100111
01111111100011111010
10010111000101000110
00100010011001001011
00111100110111100101
01101100110000000011
01100100101100110010
01100100111101110101
00110110001011100111
11101101011010110000
00110000001010011011
01011001010100100100
11001100000010110011
10001001010111100100
10101001000011000101
00101011001100011101
00001001000001100011
10100010111100011101
11111011010110100000
11010010100011110111
00110111111101110000
00101010101111100100
00011000111011101101
11111111001110001110
01101111111110001011
10001110101010110101
11110110011010000110
11111000010001010110
10100111001101111000
00000010011001011100
01010001011100111100
00100011010100011101
10110101001100101101
11110000011101011010
01010101000000001000
10101011001101000000
11011011010101011010
10001110010110100010
00111011000111110000
01100000011110110100
11011101110101111110
11010010110000111011
01101011110111001000
01001111111111110011
01000011111000111101
01100100111111010101
00101110010000001110
00011111111011101010
01100111110100000011
10011000101100111100
10111110000010011110
10001111001010101011
11001101000000100110
11101101100001101101
10111010101011011110
00110000000000010111
11000011111010011100
11111100000011110001
10100100010111111010
11110001111101101100
11000000001010000100
10101000010100000001
11011110010101110110
00010000010011011110
11010000001100011001
01110100011001101001
00100101000111011011
11111010001000111011
00101001010000111000
11100110000100111100
11011001010101110000
00100101101001010111
00001110111000010000
01001011110111110001
01110100110101101001
01011000110101000001
00101111110000101111
10000101100100100100
10100000010111010110
00111101101010000100
00001001010011000100
11101110100000111101
11111111111001110000
00001010011011010011
01100010001110100100
01101100100010100011
01001101100100010111
11101110111010100000
01001111111101101001
00111100011011010010
00010101000101111011
01001101001111011111
01111110000110011000
00011101001000100100
00000000010000100110
00100010001101111101
00100101100001110111
00110000111101000101
10010011110000000100
10001000001001101000
10000100110110100001
10110000101100000001
10011110010001110000
10101011000110111111
10000000111001111101
11011100111110010011
00110100011001010001
11011100100010010100
10100011101010010110
11010100001011101111
01010010101111111100
01011111000011110000
01110100111010110111
01010011111001010011
00101111011001110010
10010111101110001101
01100101001001010011
11010101001110110101
01110111100111111101
10011001110111010011
10111011110001111110
00100011010100010101
01111011110011010100
10001101110001001100
01010111011011001110
00001000000001001100
01000000110110000110
11101001101101011110
01011100100101101000
00001000110001111101
10101001100010101101
11011001011110100001
00011011110001011001
11100110000111110111
01000100011010111001
01011101100100011110
01000011001000110110
10100110100110111110
01001011110100000101
01100011111001010001
00000011110111100011
00000000001100011001
11000101011000101101
01101110111001000010
00000001001000000111
00010011110110000110
11110110001011010010
10011000010000010111
00010001110110001011
01011101001010000010
01011111000001101111
00011011101010010001
00111101011011001000
10101110001001011110
11010001001100011001
11100001111100100000
00110110101000111001
11110110100110010011
10110110011101011011
11100110001010010110
00001000011000001100
00100111000110111110
11011100110000101011
11001101111111100111
00010000111110110000
01000011010111110011
00011011110101101001
00100000100011011111
00000001110100010011
00000001001100011111
