20 511
01111110100001111110
01010100000000111010
10001010101100101011
10100111111001011011
01011110000000011010
11111000000011100011
11111110011011011111
11110101011101111110
00011100000110100111
01111000000011011111
01100101010000100100
01000110100111001000
00101111000010101011
11100010011010000110
00100100100000100100
10001001011011000000
01101000011011101100
11111110110000101101
10001001100010010000
01111101110001011010
11000100110101100001
01001010111100101100
11000100010111110111
00011100000111111100
10001111000101000011
11101100010000011111
01110111001000011010
10001010111001100011
00011010101001101101
10101001100101001110
00011010100001011011
01011000010101111110
10111011010110111000
11010101010000111011
11010010010010110000
10100000000111111100
10010111000001110011
11011100001011011101
11111010011101110000
01100100111011001111
11011101001100010100
10000011110100011011
10010110110101111001
00000101001111110001
00010011111011110001
11011100110100011111
01001101101110111011
01010001100111001101
01111100110001100000
01010100100101010111
00011100110101010100
01000011111011010011
11000111101001110001
11100101101010001011
01000100001100000010
01111001110101010101
01001000100110000001
01101100111101101011
00011000111111000011
00010001110101110000
10101001101100011000
00010001001001001011
11001101000111011111
00010011111010001111
11000111010101000000
11110100011011010001
10000010010101001000
01011010010111011101
01100011100011011100
10001011001011011001
00001001011001111010
11010101010011001011
11101110011111010101
11011100010110010001
00110000011011001110
11100000101101111100
00011011110000110001
11001010110001100011
00001111100011000001
11011011000000000110
11111101110001111000
00111011001100010110
10010110001010011010
10111011000101110110
10111101110111111101
11011000001110111101
01011000010111000001
00101011011011010100
10000101101100000111
00100010100010110011
01110011101001101010
00011011101101010011
01001010100010000011
01111011011010110000
01001111010111111110
10110000110110111110
01101101000100100001
00100110010111111100
01111001111110011010
11000110100011011110
11111010001110110100
11011000111011011011
00110111000101001011
10101001000100011111
00100000110100101001
00001101111110101111
00010101111111101111
01001100011010010111
00110110110101010010
11000010101100111100
01111100010111010001
01011011011100101001
00000001010011001110
10011111101101010010
11000110000110101101
00110001110110010011
10000000000101110000
10010001000100101111
11010000001000011000
00010111100001000011
11110111011101111101
00010010100110100000
10001001011100110001
10100010111111010100
11001000110010000001
10000110110001010101
01101110110010011001
10100101111100010100
01111001110011000011
00100011100100010100
01111011001010101111
01100010000110001010
00110000111111101101
11111011011100000000
00011001000100101000
00010011101001011110
00000011111001101000
01111100010010000000
00001001000000011111
01100100010010001011
11111000011001111011
01111100100011001011
01111011110110110011
10101011000101011111
00110110001111010110
11111111010011001110
10110010110000000111
01111011001100010110
11010000000011011110
00111011001010110001
00100110111011110011
11100101100000101101
01001110011001000100
10000101001011110001
10010111100110110011
01110000111100001101
01101000100010100010
11111010110110011000
01010000011101000011
10001010010100111111
01100111000011101001
01011010010101000011
11001010000111110101
00001011100110000001
11101010110001010100
11011001100100110001
11010100010001101000
10111000110001101110
10111100011111000011
10011110001001110110
10110010101010011011
00001100100101101010
01100010111001101001
01010001001111111011
10010000010101010101
00010001111000110101
01001100100101100110
01101101010010001111
10101111011010101011
11001100100110111110
11100110110100110000
11010101000001110110
10110100100010110011
00010000010110010100
00000111001011111101
10110000010001000100
10000110001000011100
01000000100100000100
10001111100010000010
01111100001100011010
01011010010101010110
01110010110101000101
00011100111010000001
00000011111000001110
01111000000000110111
10110111000001011011
01111001010011011101
00110010011111110101
01011010101110010110
10010001100010110011
11100011110111101110
01110001000011011010
11001010110100100010
00100000010111000110
01011110111000110100
10110111011011001011
00010111001001011011
01010001000001011110
11011011110110010101
10111010000000000010
00101110110111000100
10001000000111010000
00010000000001100110
01101110111000111100
11100111001101101101
01001101100011001100
11101010011100110100
01111011001101101110
10101000010000111110
10101000010100011000
11010100100000001110
11111110101010001101
10001110001101111110
11011001110111101100
01101011110010000110
00011111111001001011
01100011001000110101
11011010101110011001
01001000010101100000
01101101111011011011
10001010000010010101
11101001101101101100
10011101111001010100
00010011000110101010
11001101101011101110
11001100101110100111
10010110100100001110
10110101111000011110
11011100101111110011
10000110110010001011
00001111010110101010
01010101110101111010
10110100000110010010
00010011001010100101
10011110010101100111
11111011101101111111
00100001111100111001
10100101111010101001
11010001101001001101
10000110101101101000
00011011001100010111
11101001010011010011
10101000010000000100
00100011000111101000
01110110011001100011
00111001001001101010
00110011001110011001
10000011110110101011
11110011001110001100
10010000110000101100
00100110011100011001
01111111100101010001
01000100000011011100
11001001111010110010
10101011100101111100
10011010010001001000
11011100011000010001
11111010111011000011
01010111101100000101
00001001001011110001
10011100110011110000
10110001000101110001
01101000000001100110
00011100010010111000
11110101010000010110
11111100011101101100
00110110101110010111
11010010110101110110
11101101100000000111
00001111011110111110
01100010101111010001
11101000100110000111
00011000110001110111
01000001101110010110
10101101100100110001
10000110001111011111
11011000011001101011
01000111011110111111
00010100111110011000
01000101000110001011
10100100101001000101
00001110000100100001
11110000010100100101
01011101001000110000
00010010000000000000
00111000011001011000
10110101010011111000
11001100110110000100
00001000000110011011
11101111011001010001
00101100011001000101
11010100001100001011
10000101110001001001
10110111111111110011
01101011100110100001
11011001000001000111
00101011101001011110
00000000100101001000
11100000000000011110
10100110110100100100
01101011101111000101
10001100011010101000
00100101111011011011
11010101101001000111
00101011110010010101
00110001010010101111
00100101111010011101
01000110010101110000
01000011000111010101
11101011101110000000
10001110011010100010
01001100001001001000
10111011000111011111
00110010101001111011
10001011100110000101
00110101100101011110
00001111110101000010
01001011001101010111
00010001001110111010
11010001010010000100
01100010000111100010
00010110101111111011
00100000110111110010
01111110010111110100
01000100100111100001
00000101111001100111
11010100000001011111
00110011100011001000
00101010011001011000
10001010101011010011
10101110111010111000
11001000110000000010
11011101100110111011
00011101001111010001
00111111111100101111
00010010111001000001
11011111100010110100
00101000110111010001
00010101010000111110
00001011001010010110
11001001100011001011
10010001011110011101
00011111001001010001
10100000101001011100
11001000100000001111
00110101010010001011
11100101010100111001
00101100110101110100
10111010111011101000
11001101110001111110
11000011110100111100
00000011011100100010
11011001001010001110
11110100101010111011
11010110110100011100
01111001010011001100
10100001010100001100
01110101010101010000
11000010001101100011
01001110011110000111
01010101000011111000
01111011100010001100
11001111111111000101
11010110001110110110
10001001010001001000
11000000000110100001
01010001110010100100
01011100000001110001
00110001000111101000
00011101000001000101
01100000010010010110
00111100111010100100
00001011110011011010
11000111001000011011
11110010110110110011
11010100100010111000
00101110010100011100
10001000011010010101
10001000011010111011
10111010101000101000
11100011010001110100
01100100011110110011
00111111101111010110
10111000001100101101
11010101001000000001
01101001100011101010
10111011111100111011
11100111101100101010
10010000011000110100
01101001000111011101
11110111110000110101
01100010001111110011
11011111100101010001
00001101011001001100
01110011101101011101
11111110110101101101
01010011101011100011
01110111110011010111
11110100101101100100
10101100100111101100
11001010000101101111
00010101011101111010
00001011110111100011
10000111011000111101
11101111101111101010
11111011011110111000
10101011011000100100
11110111001010000101
10101111011111011100
11111100010001111110
10000011011010100110
10100111000111000010
11010010010100000100
10001101100011011101
10111110000101101111
11001101010010011110
01011111001100011100
11010010111011011110
11101000110000101011
00011110111000001101
10011101101010011010
10111010101100110010
01000001011101101001
10110010011101011001
00101100001110000100
10001001100100001010
01101110111011011111
11010110111010000001
00010010101010100000
10011000010101110101
01111001000100010001
10000110111100111010
10000001011010111110
10110100101000000101
00001001010111111001
00110010000101100100
10100101001011111100
11001010000100100010
00010101001101011011
11101011001010111010
01111110110001100001
00000100110010000000
11010100001010110001
01011100010100111001
10011111100011010000
11111010010101111100
00000010101010111000
11011111010111101101
00011111010101000010
11010011001011111011
11010101111110010101
00110001111111110100
10010001011101011001
00000000011110100100
10010001110111010011
11101000011001000001
01110100011111000001
01101001010111100111
10011101101101000100
11011101111111000111
11110110110111000011
10111010001101000111
11101001110101110011
01100110101000100101
01110100010100010010
10000100100111100111
00111110001011001111
00100011111111101101
10110011111000001000
00010100000010101110
11000101100101111110
11110111010110010011
10011011000110101001
00111000111100001010
01100010011011100000
10001011100100010010
01111101000011010100
01001111111110010101
10010100011000011101
10111110100111110111
00001011001110100001
00100010100111100001
00001111100000010000
10000101010000001001
00111011110000101100
01101001001011010011
11000000011010110000
11011011010011011000
01000111010000010011
11100110000010110111
11100110001010010010
10111000001010110101
00000000101101000111
11010000110101101110
01111011001010000001
00000000111000010000
00100010000110100011
01011001001001010100
00101101101000000111
00110101001011000111
10011110000010110000
