20 511
01010100101101110111
11100110010111001000
10001110101011101100
10000001111000100110
10100110100000011010
00101101000100000011
01110110011111010110
00000011011100000111
10001101111111010101
10010111110001110101
00101000101100010111
01000100111100010010
11010001000101110100
00100100111111010100
01011011000100001001
00011110110000101100
00011001011101110001
00000000001101000111
01011000010011110100
00001000100111000101
10100001010101011010
00010100001100010010
10110110101010101110
11010110011100111111
11110110001111001100
11011000100101111101
01110101000100111000
00100101011100011010
10000001100110110101
00010111000011111100
11100000001011111111
00010000010101011111
10101111001111100111
11010100010111010010
01000011011000110100
10101111111101101110
10010111000110111110
11011100000110000000
01110001001001010000
11111010111000111101
00100010000100011010
01000001100111010110
10111001110010101010
00001000001111000001
01000111100100101100
00111010000001001001
00111000100100101100
00101100110101000101
10100001111110011110
11000011001001110000
00111111110110000010
11000110001011100010
10111011111101011010
10101101001010110000
10010010001111100110
00011100100100111011
10110000011101010010
00101111100100010001
11001101100110110100
11000100100101101100
11001110001001100000
00100101000110111100
00010101101110100101
11111110100001110001
10010001100001010011
10001100110110110011
01010111101110111110
01110101000100100110
01101100010110100101
11110101000111111010
10100001010111010101
10110101110001010011
10110011100100111000
10100000111111110000
01001110101001100000
10111101110001110100
01101101001111011100
00011100110001010001
01001100010011011011
00010010001111000010
00111001000000011111
00001100111111000001
10011101111101010011
01101111100111011110
01000000010111101010
10001010010000110001
00011111110100000100
10100110010101010101
01010110111100000101
01010000110011101101
11010001000110000110
11000100011010011001
11101111100100011001
10011101000001011101
01110011101110001011
01011011110100111110
01101000110011110110
10111000101010011010
01011111110111000110
00111100001011000110
11111100110100100010
11001111001001001101
11001101110001100100
00010101001010110010
11111101001010001101
10010001101110101010
11110001000011111100
10111001011011010010
00100111110100010101
10001001101101001110
10110001110001001101
00111110111000111010
01100100101000111000
10001000110011001111
10011000110100010011
00111101000111100001
10011011011011011001
00011111110101010111
10001111000001001101
00010111001111000101
00101101100101001011
00011111000111011011
11010000000000010001
00011101111110111001
01000111101100110100
11100000110010001001
01001001011101011100
00011110000111111101
00110101100111000001
01001100000000111000
11000101110010101001
01000100010110111000
11011111100011011000
11101110011110010000
01111011101100001011
01101111101100010001
10100010110101001111
10100001111010101100
00110100010000100010
10000111001101110000
11110101101011111100
10101111110110111110
11000000110011001101
00000011011111111110
00010110000001101000
01001110001010110011
11010010010000110000
00111111001000100101
00101010111111111110
00001011010000011000
01110001110111010110
11110000001110011100
11011001011010000101
11011111000001110010
10010010010001110101
10001101000101110100
00000100101110001100
11011001001000110100
00100000110001111111
01100001010000111110
00001001101001110010
11101110101010101101
10101110010000100001
11101101011010001000
01100111011100111111
01010111010001101011
11101100001010100100
00100100010111101100
11001001100101100111
10001001000010001110
10100010010000101111
01110010111111100001
10111100101110101010
01100100110001110000
10111111101011101010
01101000110001110000
01100110101111111000
10110100000001100011
10011111001110110000
00110111000011000110
11110111000100110010
01100000000110101111
00101010000101101011
11111100111011110101
10000001010010001110
10101010001101010001
01111100100000000010
00011100010001000011
00001000110111100100
10111001100100100111
00100010001010000100
00010011111000101010
00100010011110001111
01000101010101010110
00011110111110100000
01010000101100000101
10001111011000110111
00000011111100101110
10110110000100100101
11001010001110011110
01000111000011101010
00100000001000100100
11110001111110110011
11110100111000110101
01101101010001001010
00000000111110010000
11111110001110100111
00010011101101000011
01101000111110110001
01111101010100111000
11011111010101110101
01111110011100011110
10100100011101100011
11111111001111100100
01001100011001111111
01101111001101000010
01101010001001010000
11001000110110111010
01011011011011011000
11110101000111111001
11001101001111100011
00100110101111100111
11110101111010000110
00000111011111000000
11101000101101001111
10110001010111110010
11001100101000100110
11100110011011110111
10110000100100001100
10001110110101100010
11000001011001100010
01010011111111100111
10111010110100011000
01111110110001001101
00100111010011001101
01101110101110101111
00010011100101010000
10110111011011101011
10011110010000101111
11011000000111101001
00000100001001110001
11010100010010100001
01011111111000010000
00010110110101001111
11011101001110100100
00100110110110101110
01001011000010010110
11101111111011001010
01110100000000000100
11111010110010010010
11111110001001111010
01001010110111100011
10101100011111001001
00100101010011111101
11010011101100100011
11000101101000011111
01111111100011001100
11111010000101000001
00011000000101100001
01011101100111011001
00010111001001111101
01100010010001011111
00001101101001000010
10110111101011010011
00101001110111111111
11110011111111101110
10010010101110001000
01010010011001000011
11110001011111011011
11111101110011110100
10001000110100110011
00001010000110001001
11111000111000010101
00011001001101011111
01100011110100000011
11101100001111010010
10000000100001101101
10000001001111101111
01010010000001101010
11010101111000011110
11101001111000110110
10111011111011001000
10001111111111000010
10001010111010111110
11010010100110011001
11110011001001100010
11100100011100100001
11000100101001010111
11011101001001001111
00010000011000001010
01001101000111011101
01000110100101111101
11010111100110101101
01010111000111010010
10010110101111001101
00101001010000110000
10101000000100010000
00011011011100110111
11101010100000110011
11001110101110010101
10111000011100101001
00101110110001010010
01001100011000101010
01010100011011101110
01000111101101100111
01110100011001000010
10101011010111111111
11100100001000001010
11001110101010110011
11011110000011101100
00010011011111001000
01110100011001100011
10010110111110000100
01010100000001100110
11010110001011011011
00110101000101000101
00110000110010011111
00000010000010100000
10001100111100011111
10101100000100010011
00010011011110100100
01010001010110000000
11001011111000010000
11110100010101100011
10101010100100011011
01001111101111001010
11011101100111110111
10110011101110011110
01110100011101101100
11110110111101011010
01000110110111011010
01011000001110100011
01011101001111001001
11101010010011111111
00111110110100101000
10110100101100110100
01111100101000010100
10000101000110011111
11010010100101010111
00111111110101011111
01010010110101110001
00100011110011001101
11100100110010100110
10101111100100101110
11000010100100010001
01100011001110010111
10110001100000001100
01010110100000010001
01101100111011111100
01101110001110101110
01011001010101101001
00100101010001000010
11101111101110100000
01011000001001010110
11110000011001011001
10100000111000010001
10011010010000111010
10100101110010001110
11010110011110010011
00010010000101010001
11010010110111010001
00101101010111101100
01000000001110010101
00101011110001010111
10001010111000101110
11100100101110011111
10111011010101011101
10111100110110010001
10110000000011101101
11110100000001000000
11011110111010000110
10000000111011101010
01110000110100100100
01110101011011101111
11011011100111110000
11101110010010111111
01110101111101111111
11001100110011001101
11011001100111000011
11100010111011011000
11011001111010011000
11111101101001000001
10101001001010101000
10011111011101100111
11110010011001100110
01010010000010110001
11110001000010001111
10101100110110101001
01111111110001110111
01100001110111011011
01110111010010100011
00110111000011111000
11100010000011111101
11010101001100011010
00110111100110110100
01010011100000110111
01111110100000101000
11011010000011011011
01000111100010100010
00111111001011111101
01101101100111111010
10010110010010010010
10100111110111011101
01100000010110101011
00110000101001100101
11110011110010010000
11000011001111000001
01000110000100110001
11111001111110011001
01101100001100100001
01101111110011110001
11101100101001000111
00000000001001000100
00111111010010001000
11111101001000011110
10101101100011110101
00111100110100011110
10111100100101001001
01100101110010001101
00000001001011000111
00100000010100010111
00110011000110001110
01111110010111101110
01011101001001010110
00110110101000011001
01000111010000110001
11011100001011101100
00101011111100110111
10001010110100001001
10010101111111011010
01010000011010101110
11110010010100110110
11110001100010010010
01110000101111101110
11110000000100000000
10111011111000110100
10110011000101010000
11100110101110000011
01110010011100101111
10111101010001111100
11010010011110101000
00100011110001110101
01011110011110000101
01010111011110110111
01010000100100000110
00101101011010101011
00100011001001011000
10010100000111111100
11000011000010011111
10011110000100101010
10001111111000111110
00111111110101101010
10110001000110111101
01001100000011100001
00101101101100100001
01011111000111001010
10100101100010110000
01011010100100001010
01010111110010000110
01000001110011010111
00011000001111110100
11100011000010101001
00010011010010110000
01110010110010111001
11000011111011001001
11011000011100100110
01110100111101101010
11110100011110101001
11000011100010110101
11001110000001110101
00111110000000011011
01111000101111111110
00000010100000010101
11011100111110101011
11100101010011010111
01100110010011110101
10010111111111010101
10101110110100110111
11001010011010111001
01110101000001101110
10000110110100100011
10111110000100101001
11000110000110011010
01100001100001100100
10111000000111111110
00010101011100011110
01001001101001011011
01101100010001110111
01111011101111110010
11101000011111111000
01011011001000011111
10110110110011011100
11001000110000100101
00010100101100001111
01101010000000110100
11000000111101110101
01001111010000001111
01000000101111000110
01100010010010101110
00011010000101011110
01100010100001100101
11110110110010011110
01000100000100111010
00011001111110000000
10111111110001011000
01110110011100101101
01001100101001001011
10000010011000101000
10111111111000110000
11000001100011011000
10001101110000110010
