40 511
0001001110111000001100101001101110101111
0111001101100010000010110011000111111000
0011001110110100101000010101000011000110
1110100111101110111111010101011110110000
0000000110011001100101100011100000111001
0001001110110001001110101101100101010001
0000100110001011111000110011010100000001
0110001011010011011011100001110010110111
1010101000011000011101011110000101101110
0100101011000110011000001111010111001101
0000101001110010101110110000010001000001
0100101110001000000100000100111110110010
1011011101000000101100100001110111111001
1100100011011001001110001110100000100011
0011001001101100000001011000011010011111
1111110001111100100100011110101011111011
0101000011010011100101110101011111110001
0000010110001010000100000010001100000100
1111100111000010100101101100110000100001
0000000111100100001000000000001111101101
1010010011100101011000001011000111001000
0000000111111001101110110011010011001001
0010000000111111101100110100001100111001
0111001100111101110100111000010000110110
1011100100100101011001111010110011110010
1010010011000110101010110110011000001110
0000101101010100111100000010111101101101
0010110100011100110011110010111111010000
0100111011110100111100100110001110001101
0010100111101000010100001000000000001110
1001101110111000111110011100101001000010
1100110000000110000110001001100010111010
1010101001010001000001011111111101011001
1111001000110011010010110100010111101111
0111011011111010110100101000111111101010
0100001001001100101100110000110101000011
1000001110110111111110100110100000010111
0111100110101100100111101010110010110100
1110000101101111011000111100110100111110
0100000110010100010100101111000001100010
0100010110010000011101111000111100010101
0001101011111010010111000110100001001101
0010000000111000111111011111100111100010
0101111000010110000110100000100011101110
1111001111011100000001010001101000011100
1110111100111100001001000011100111100010
0111001101111010110001101001110010001011
1001000100100000100110110100111001011101
1110000010110100110100010011001001000010
0000011011011101100110100101010111010101
1001010110010001000001111101110111111011
1110100110100111000010010110011001010101
1110000110001101010011000100101111001111
0110010100100010101110100001100010000111
0100111011011011101001111010010001111110
1111100100111101110001100101110101101001
1011010001111001100100010010010111001010
1110101100000101110010111000110110110111
1100000111010110000011110001110100111011
1000110100010110101001110101110011100110
1110111010101111011011101100101010101100
0110100101001111110001101011100000101111
1001110001000100001100101001000000111111
1110011000011010000100100101111111101011
0111011011111111001001100010100001111110
1000100101111111100101010011001010111110
0011000101110000100001001110000100010101
1101110101000001011111101011000000101000
0001101110011101010000110110100100110111
0000111111101000010011011100111100100011
1101111110010100010101000110111101101110
1110000010001010000010010001001111011110
1100110000111101011110111111111001111100
1001001100001101010111011110100101001010
0010111110000100101110111111101010001010
0001001110111111100110011111101111100000
0100011101010101100111111000001011101010
0010100110101101110001010100100011111110
1110111110100100010110101111011100110100
0100111001011010101011110100011010110000
0000100001001011111111101001111110110011
1000101001010000111010100101101001010001
1101011000101010000001011101010111101111
0110110011101110001110101110000001001100
0110001011111101111011000010001100100000
1110010110111000111101010011100011010011
1010110101101110001010101011100110000111
1001101011000101101100001000000010110111
1110011011111001010001101010001100111000
0101011110111001011010101010001011111010
1100110101010011011011011111001111101111
0101100000000011110000111000010110001110
1001001010000101101100010111101100001110
0111011110001011001000100010101011000101
1010010010001011000111011001100101111000
0110000001110100011001011000010111101100
0110010101100101111100001111101011000100
1010111100110010111100100111000000100111
0010000010011000010010100000110011001110
1111100111100111010101110111110001011101
0011101111100100101011111001000101011010
0110010001111001101011100010110101011011
1101010010010111010010111000001011111100
1010000101001110110010111011011111100010
1001010101010111111111001111010111000111
1010110011111111000110011100010011001011
1111101100110110001011111100101110001101
0011010011000011101011001011111001011001
1010011101110000010110101001010100110110
0110001111100111010010111100100111101101
1010001010110001111100111010101110110101
1100111000001011100100101001011111001010
1101111000000110000010101100011111010111
1100010000000101000111100000010101011000
0011011000011100011011001111101100010001
0000100010000101010111010001101011011000
0100010000010101001001110011100101001110
0001100011001000110000001000010011110101
0010011001100011001110001010110001111111
0101011100100110101110111100101101101111
1110101100000000011011110100010101111111
1001010011100011011111110011110011001010
0100001000011100000100010100011011111000
0101101011100110101001100011010000110001
0101000010011010011010110101100101010111
0110000110011101110101111101001101110110
0001111001001101110101010010010111010100
0000011110110010100111110111010111011100
1011110010000111100101010000010001000111
1011100001101111101001000011011000000010
0011110110110010111100110011000110110001
1011000010101010011100010001100111010010
0011001000110111100100010000111111111100
0111101100001101100010011100001111100010
1111001010100100001101011111110100001010
0111110100111101001010100110100001111001
1101100000000111110111100010101010111110
1000100011011010111110100001111010101100
0011100111011001100101011110000100101101
1110010100101011001100101100000000100001
1001111110110110000000001001001000101110
1111000000011110110101110010101101000101
0000001100011110011111001100001100110001
1100110011011011010100110000011000110000
1000111001010011110101100000000000000000
0010100100001010011001010010001011011000
1011101001001000101100011101101011011000
0000110111100111011000011010010111010110
0001011010001001000111101010111110100001
0011000010011101111111101101110110101010
0010100000111000100111111100011010000111
0100100111000000100000111111111001110011
0000111001100100000001101000011100101101
0000000100111111011110000000110001000110
0100011011001100110100011111100010001110
1110101110000010110010100100101111010110
1001011011110000001110110100110001010010
0101110110010101011101110010001001110011
0101111001010111101001000000010100000000
1011101011011000111000010010101111000001
1101011111110010111010111100000000101011
1001111010111001011000111101100010010001
0010101001100111000100100100101011000010
1000010111001001101110110101000110111001
1101011010011100000101110110110011111011
0001010111110001000111111001110001101000
0010110110110110111110010100000101000100
1111100110001000011111101001010011010111
1101111010100111011101011111011110110111
0011001101101000100011011100011110010101
0101101010011001101011101001101101000010
1011010110001000101000111110010111000100
0011111101010111000110010101110101100010
1110111110010101101101011110001111001001
0010111110101000000011000000011100111011
1101000110011000100111100110100101100101
1111100111011101000010100100000000110110
1111100101010111110110011110010111101010
1110101001100011000110101101001011101111
0100101011000100101101011010100011111000
0101010110010011111000001101010000100010
1000111111001110001000011001100111001010
0000111111010010011011110111110101110110
0101010110011100110110011110001000000000
0101000110000010011100101100001111110101
1010111000010101111111000100010000001110
1011101100001111100011101101101111000000
0000110111010100011001011011110111111000
0100010011000001110010100100110000100011
1110001001000011101011000100001000010101
0001000110011011000010110011110100010001
1011101000010110001111100011001011011011
1011001111101011010111010110011010001000
0101010111000000101011011110100010011001
0101000011101001001111001110001011101001
1001000110101101100011001000111001111111
0001010011111110001100100110000011010110
0001101111010001001110010101000000100011
1000101100010101011011010011111001011011
0111010101100011000001011110010100100111
1110110110110010100001010001100010110111
0011110010111010100111001111101011010000
0011100011110110011011110100101110101011
0001010110011010110100010000100010000100
0010000011111001000011100100010110101011
0011010100100100111011000000011000011100
0011110110110011010011111101011110111001
1001101101110100011001011010010101111111
1101000110111001111011010111101010010001
0001100100111000000100000101100001000100
0011011001011100011111000111001011110111
0101111000100011110100010010010000111011
0000011101010010010101110000110111001110
1000111011011100111011101101110011111001
0011101100111010100111110100100010011001
1011010101100010111001000011011010110100
0100111101011110001111010000011011010110
1010111101101111110110000100000100001100
0001011011101101001100010010001100101101
1011000000100011111101111000111010111010
1000001111001100000011000101000100010001
1001000100001100101100010110000101011010
0000001000100101101000010010110110101000
0110100101011010111110100110111011001111
0100101011101000010100011011100010000101
0101000101100100000000001101010110101010
1110101100010100100110110001011100011001
1110111110101100010100001010101101111101
1011101100111110101110010110001010110101
0100011011010111000111101010000000011001
1010000101100000010001010101111100101010
1000010110001110101001011001100111001100
0110100010000100000001111111001100000100
0010000000101110101110010000000011001110
1010011100001000001101111001100001101101
0110110100110110001111101110001100110010
0111001000101001010111100011111111000011
0100100011000101111110010110111111011111
0111001010101110101100111001000110000010
0111111000011010010111101000000001011101
1011101110110010010100000101001111001101
0101001110100001010101110101101111110111
0101110101101011000111101111010100101101
0101101011100100111000001100011101000011
0000000110110110101110010111010001101001
0100100001011000111110000000100101010000
0100001100101101000111110111000010000010
0001111111011100010110101101011010110001
0011111110011001010001001011101110100101
0001001111100010111111110010010011011000
1101011010011000000011010000001101010110
0110000001101111001111000001110111101010
1101111000010101011001100010111100101010
1111100111111100100100000101100110000100
0110000000100111011111000010110011011100
0110100101011000001110001111100001010001
1110110100101110100001000011001111010111
1010010111111001101010010001000010011111
0001100000011111110101101110001010101101
1011100111101011101011111111011111101111
1011101101101101010011010111001010001000
1110001011011100001010000001110100101100
1000101001111001001010110000101011010010
1111010011000011111000011111011001100011
0011101110100110111101000100011101111011
1111101000000001100011111100010111001110
0001100101111101101111111101011011110110
1010100010001101110010011000001101010100
0001011100110000101111110000000010011110
1010010001000010000011101100100110011100
1010001011001100101011100010000110111100
1100000111001111100101000010011000011110
1101000011001010011001011110110000000100
1111000110111000101110001101001110110010
1010000001011000110100110010110001111000
0010000111101010010101000011110111111100
0001001011001101010000001000100001011101
1110011111001110111011111110010010100101
1110111010101000011000100001000100100110
0100101111001001100011101011001111011101
1011101010100011110001101111011011001101
0011001011011010110111101101001001000001
1101011111001011000110010011100111001000
0110111110001010010001101101010000110000
1010011100100100100001010000001110001100
0101100010101000101000111010011001110001
1101110111100010001111111001010110001100
1110111111100010110000111101110001001111
0101010010110010111001111110000011100111
0000110111001010110111110010100001101111
0010001011101001100001011110100100101111
0100001001000011111101110100100111111101
1000101101010110101011000010000101110000
0001101000110011010011000110000111001011
0010001010001010111011010010110111100011
1100111011011111100101101100011011100111
1101100100011110101011010000001000100101
0010000100000101011000010100110000011101
1110110010001011011110111000010000010110
1111101010001000101110011101011011001111
1101100110111111101001001011110101000101
0001010101000100110000101001010111011001
1100011101000000010011001100001000111000
0100010011011101111100110001011000111010
0111100011010101100111110101010000100110
0111000101100110000100011110101011000111
1111000010010110111000111100000111010110
0111111011010110110010101010111111011110
0111100010000111011101101000100010100110
0011110001100110101001001001000110111011
1000100110011110111000000110100110001101
1110110111100000011000101010101110111001
1011001101000011011101010111101011111000
0010100010110011001101011000100101100001
0110100100010100111111111000010001001000
0010001010110001101110101000011001011001
1100111110100101001010101100010010111111
1000000100010111111100101001100100110000
1100111001000111101101000001011111001000
0011011100101011100100010101010100010011
1010101100010100010101110010001100101111
0011011011100010001100100101010100111110
1100111001010001101101011100000110001101
1101000111101010111011110011010100100010
0010000100101101100100110011101101001101
0110011111100101110111010001110001100011
1010001100011111011110100101111000000111
1000000010001101011001010100100111010110
0101100100001100011001101010011111010010
0111011100011001111111110010010010011001
0111000110101100110000000110110111011001
0111101011110000010111110000011011101011
0100011010110100011111111110110000111010
1100010001100111001111101101100101001100
0111010001101100100010101001011010101110
0100011100100001000111100010110100001001
1100011010101011100011110011111011100100
0000001110110100100001001101101001111100
0001100101111110100000110101000111000010
0101110111111000111100010011100110101100
0101111000101110001001010001111101001111
0100001101111000110000101011110001101111
0100111101110111010100010000000101011001
1111100111000000101001111011000000110100
0001101010011101011000010010111001101001
0001000001000101101110011111100001010010
0101010100010111111110101101001010000011
0001000111101110010111111100100001110001
1110100010101011001110011001110111101101
1001001001111111110011011111001001110001
1100000110101101111000000001010111100001
0010110010110110010011001000001101101001
1011100000011101001011011100001001101111
0111010010000100010101011010101111000011
0111110101010110001011001000010111101000
1101011011101011101100000000110101100000
0000000010100001010010100011101111101001
0101101101000001101011011010001100100101
1110110110010011000011010110100101101110
1101011001101000110100111011011110011001
1001101111000001100001001010000000101011
1000011011111101111000111010010011110111
0101000110110101101011011111101111101010
0000001011111110000001010011011010111010
0000011000101011001100001000010011001111
1000000100001101100111000011000000001111
1010011100001100101100111100011110110010
0100000110001110001001011001001000100100
1001111010000110100111110010010010000000
1110100110000011110011000100110001001101
1110011100001111110001110111111110110110
0110000000010111000101100010100000100000
1010010101100001011100110101011111000110
0101110011101010010111011010110101011011
1101110110101001110001111010000010010011
1101101101100101010010101011111000000110
0000101001010001101101101111101110010001
0001110110100110101011111000110101100101
1010001011100001000111111011110001000010
1011001101101011110110011011000100010110
0110010101111010010100100000010100111011
1001010111101000011111010101000101100001
0101010001001101111100001111001000010111
0011001100100101101011101011111001101011
0101010101110011001111110010001010111111
0011011111110011111110110101100010101101
1000010111000010101010100010001111111011
1000001001101010100001101011011011111100
1010011000011101101111101011110111110010
1111011010001100001110110010010101100111
0001010101001101101111110011100101001001
0100111100111100011100110111001111101111
1101011010010010101101101110010001011101
0100111010011010101101100010111100010000
1010000001001111100111011011111010100100
1010001110110110101100011001101100000001
1111010111010101101010111000000010101111
0001101100100001010010101111111100010101
0110111101011101100000010001000100110001
0100001111010001100100110111010101010110
0110011101010100001101110011011111010111
0010110010100101110110110101011010100010
1000110101000010010011101101100111000100
0111001101110100010111000010010010101000
0110010110011101100011010010010111011101
0010000000101101101100001101110000111101
1001111011111100010001110100001100111000
0111001101110011100011110010110100011100
1010111111001110101100111111001001101101
1100001101010100100100100110111000011101
0101011001100101110001011101000101111010
0010101000110110110101000100011111010100
0010111001010101101110110110100011110000
1000100000101011001100111010001001000000
1110111010001110110111101001001101010000
1110011010100101111001101001011010001010
0110000000011011011011101111000000010011
1100111101111001001110111001111101111110
1001110001011001111100111110100001101110
1001001011110001111000011011100100110100
0011111100111111010000110111000010001100
0001011111101111101101101111100111000101
0010110111100111100001110010111000000100
1101011010001111101011111001001011000010
0101001100000101010001011011011101110001
1010111100001010010011110000101100100110
1001010110110111001101110100110100010100
1100001001001001001100100100001111110010
1001101100100011000010000010011101011101
1111100001010100000000101111011110010001
1001011001000100000011111010001001000111
0111101110000010110110010001101000011101
1001010111100101110110011111010111111110
1001011110110001001110000111100110011010
0110010001001010101111010111010111111010
1111110011101011101111111011101011010101
0001001110111101101110010111000101011110
1010110000100101000011110110010010000001
1100011010100101111001111000010100011100
0000101110100010000100000011100000100101
1001000101010001001001010111000000011000
0100110000110111110110110010111110010110
0010000101011111110100010100110010011011
0101011001110100111000011010100101100111
0110011101011011101110111101101100000000
0110100110010001001001100001111100001101
0101000000000010110000001011111100101100
0010011100101010110011011111000101011001
0000110101100000000010101001111011000111
1011110010100011100000000111100010110101
1101111001000011111111111110110101110001
0001110000011111010100011100111111001011
0101111111010110000110100100010000111011
0010010010101001010001000100010101000000
0011111111000110110011110101111110000000
1010101011010110111100100010001010101001
1000101100111000010011110101000001100001
0111101111111000010010001101011001000110
1110001110001000010010010010010110011100
0101100110111011110100001100111110111001
1010111100101100101101100001010000110110
0010111000000101111010010111010000011011
1001010110011011010101100011011100000010
0110111101111011010011000000001111001000
1100100010110101101101000000001001101001
0100010110111011100110001000011101100111
0100011011110111111001011100100010101011
1010110010110101010110000010010110011110
1001001101100010001100100100010101110100
1110010101110101011101011111101100010000
1101110110001110110111101100110110011011
0101000010011101111101111101000110111001
1110111110100100110011000110111110111101
0011101100010011010011010010010000100010
0001100000011100110000010010011100000000
1011110110000110010010110111110011000010
0001110110101100001101101000110000100000
0010101111111001101000110110110111111100
0100111001101001010001010100010001000011
1111101111101010011110000010011001111001
1101011110000111101011111011111110110110
0010010001001110111011001111111011101010
1100101010101101110001010010111010011010
0100010100110010110010001011011110010110
0101010100100011010100111001111001000001
0011010101111010000000000101000110000001
1101100101001101101001011101010011011011
0111011111100101000010010110100110110000
0001001000100001000010000011101100001000
1011100101111010000100010101111101100001
1001110001001000110110111000111011001100
1111000111110110010001001011010100111100
1111100101010010101110011111001100000011
0001110000101110001111010001110101101010
1010111011111011010101011010011110000101
0100001001010100111010101000110000101010
1100010000110101111101110101010010111010
0100000010000010111011111010011000001111
0010000110011111010000011000001100000100
0101000011110100001111010010001000100110
0111101111001000111000000001000010111001
1111100111001000111100100111011111011001
1101110000000101111100111111001001011101
0101110011111001111001001011111111011100
1011101010101100100101011111000000010101
0000111111111001011000111000000100110100
1000111111101110101001101001010111100001
1000001011011111100101001010100001100000
0110100000010100001011011101110100101001
1100111010011011111011010001100010011101
1100100110100010001100010001110101111010
