40 511
1100001110001000100110011111101100101010
1010011000011011010000001000111111100010
0100111111101111100101101001011111010010
1011110010100001000100011100000101111011
0101101111001111001001010000011000010001
0001010001100111111000011100101011011001
1100000010001011000101101010100000101001
1101110011111101011101001111100000110110
0000110000010000110101110100000010110110
1110110001110101001110011010101000101100
1100110001110110001111001100110100111000
0010001110001101111111100000000011100110
1100111000001001001001110110011001010011
1000000001110011101000011101100101001100
1000001011111011001101100100011111101110
0101111010110000100010001101010010110111
1001000111101011110101000111000110111100
0010010101000001101001001111000100011010
1101100011010001101110101010101011101001
1100110101000110101100000101001101000011
1101110010111011101010001110011001001000
0111010001111010011011010111000010000111
1001111010001011011001100011111011000101
0111100110111010100011010100111010100000
0001110110011010001010001011011010010000
1100011110001010010110101100110001001011
0000000001010010001000111101111000110110
1101111010101101110010010111001010011111
1010110011110111110011111111101111100010
1110110001001110101010101101110011010001
0110001110110000010101010001101011000000
0001110010010110111111110001011000100010
0101100110001011000110110000100001000010
1001101110010011010100100110011011100110
1011100111011111100100000011011000001100
1011010110100111011001001101110100000100
1011111010110010101011110011001001110111
1001010011101110010010101000101000111001
1010001101110100110101101111001010010100
0100100011110000111100110100110100001110
0011101110100001010100011001110011011010
1000111101110111111000011101011110000010
1010001100100110111111000100011100011111
1000111101101010010000111001011010100111
1111100000111000101111101100000100101000
0011010000001110000110101011010101010100
1111011000110101101010000101000100011000
0011111100010011010111000001010011111000
0011101111011111010110101110000000111000
0001001111100100101010101111101101000000
0001000001011010111101000101010101000010
0110001001010001101000010110000110000110
0000001011111000010000000100100111100001
1111111111111001110000111011010111010101
1011111100010101010000000010111010101010
0000111101100101100011100110110000010010
1110001100001100111010111000101011111011
1110110101100001101001000010010001111101
0110110101110110110111100011010101000100
1011100000011110101000100001010010100010
1001101100100111111100100101010100111101
1111111110001000101100110110011001111100
0100101000001000110110100111100111000110
1100010100100011110011111000110101011110
1010010010110101101010011000100011010110
1010101110101000011001010100001110001110
0001000101011001010010111011110100101010
1100010001100100011000110101010111010011
0110110010101010110110111111010101101011
1111010110001100000100001110010110001101
0111011000010000010111100101110000011001
0010111001110100001010111010101111100111
1001011011111101000100100101001101100001
0111000001101111100111001111101010010101
0010100010111111000001010011001011100111
1000100110010010110011010111111010101001
0100011111011101100001110100001011100000
0001010001101111100100000111111010101101
1001001001110100100100011010001100010010
0100111001000111111000000011001111111010
0110011101001000001101000000110001010101
1001101101100001100111101100100000011101
0110000100000101110111001100100111111000
0000001000001100100010001111100011101100
1001000111100110110110111110101100001000
0101111110100101011001000000111000011000
0000000100011011011100110000001100000010
1001000101101110000000110000000010011101
1001111101001111010011011001100011101101
1100011000010100100011100010111101001100
1011010011011101111011010110010110010110
0011000110010110000111110011000100001111
0010100011000000110101100000010100011111
0011001010111110100011110100011000001101
0111011111111110111010110011101101110111
1111101001000111001000011100101100111101
0001100101101000110000010001100101100000
0001110011100111001011101111111101001101
1110111010010101001110011010001111000111
1011100110100001011001101010110101000001
0100001011001000100010100101010111001001
0101011000110001000111101100011110011111
0110110100001110110100100010111010100010
0100000011010000101010010111011011000000
0111010100010101100001101000100000111011
0011101001000101011000000001001110111000
0000101011110110111011011111010111010110
1010001010011011101110100110111001110110
0111000111110111100000010001001111100101
0100100001101001111101001111000111000011
0110101010001111110010010010001101011001
1110000101011100010110000010000001111000
0001011011101101101110101001100100001110
1111111011000111011111011011111010000001
0111000100011101111011101011010110011110
0101111100111110101011111111011001110010
1101010001110011100101001111110111110000
0110111001100001111001100011100000000111
1011101101111110110001100111101110000101
0100101100000101110011011010100001111000
1001010100110100011100100110100100001001
0010101011011010000100111101111111001100
0111101100101101010100100101110001101010
0001000010000101001000011010110101000001
1011011110110110000110101101100001000011
1101011101111110001010110110001110001111
1110000010111100011111010101101001111110
0001110111100000011001100010000001001010
1100101011001010110000111011101100010000
1101011010010000011101110100010110010101
0100100000101100100101001101000011000101
0001111010110101111000110011011000110010
0110100100110011101010111110111000110011
0101001001110011100111100011101110010101
1011000100001011101010101011101100111010
0111111010001100010000011001101110111100
1100010110010101000010011101100110111001
0110100010001111111110011011100011000011
1010010110001011001101110110110001101000
1110000100000011000101110001100011100001
0000110001101100010101010101100100111101
0111010111110110000011110001110100011110
0011011111000010011000111110010111110100
1001110111100101101100010110110101110110
0001100010100000110000111011010010000110
1101101101010011100000010000010011001010
0110010101111001000110010001110000111100
0110011011110011101100111000111111110001
1001010010110110000110011001001001110000
0011111001110110110000111011001100001100
1101101111010111101010111111101000000001
0111001100111100011011010111011010010110
0101000111001101010011100011001001000001
0100010001110011101011001011100001110100
1011011011000100011110111100110110100111
0011011101000000000011101001010101000101
0011000100011100010000110101011011111110
1111111000000100010000000100011010011100
0010001111000100111000111110100100000111
1001001111100000001001111110000110011000
1110001100100100000100010000000101101100
0001011010001110110101111011110011010100
1100001011111111010100000001001101111100
0011001000001110011010000101011111011111
0011111001010111010111001100111111000100
1100101110000100010111000100110110011101
1011101001101010111100001011001101101001
1001101100101101111110010010011101000110
1000101011110011001010000000101110100110
1001110011001110100101110110001010110010
1100111000111100110011001101001011110001
1011010111001001100100011110010000010101
0000110110111111111100001110001100111111
0000011111100100010111110010001010100101
0111111110001101011011110100100000010010
1101110100010100110100010000011101110111
1111110110011000110111100001100000100011
1001011111011011010001100110101100011101
1110010000000001100111100010000111010101
1001010000010111010111001011101001101110
1010111000101011111110100100001011011110
0000001100001100000000000011010100001110
0110010101100100000011000101100011010100
1011111101000110100011011010010000011101
1100001011001101110101010000011101010110
1001101100001010101100011010011001100100
1101100111101100010111101000100000001011
0000111010111000101000000101111101011001
0101001111111001100111110111001111000110
1101011110001011000111100111010100000110
1100100111110001100110111111000101110111
1101101001100000001110111001011110100101
0101101110101101111111101110000100110011
1001010100011110101001100101001011111100
0001100100001001100111111101000011010010
1100010101011101111011101100011010101011
0011100111001110001010111111100001001101
0001000100101000000010000011000110010111
1101100101110110011010111110101101011100
1101100111011000110010110110001101111110
1000101111000011001101110000000110001010
1111001111001111010101101001001110101010
1001000010010100110010001011011111101100
0101101011110100010101111101110010100100
0011101100010001000000000111010100000111
1001000110010010110001010100011101100100
1101111011001010000110001100010001100000
0100011100000011101110010000101001001100
1000101100100111100101100001000010101110
1101011111001000011011100101111111101011
0100100110110110001101010111011111101100
0110010011001101100110011011110100000111
0100011110110100000110100001110111100100
0111101000111111100111100011001001100101
1011100110101001101010100101100010011000
0111101010000101100010110001111110110110
1000001010000010110110011011110001100011
0011110001001000001100000001011101010111
0001101000110000100111000100110110111010
0011000100110111010111011110101100110100
0001101100000010001001100000010000000101
1010101100010001011100011010100010001010
1010010000101001001001010111010111001101
1110000100010011111101011111100111010100
1000100101011000010010101101000101101010
0001011010110110101100000000000100011101
0111000100110010011000011111100111001101
0001111010001111101101100011000110111011
0010100101100101000101111001110010100000
1011111010001011000110111110011010101110
1000111111110011101101011100010000011100
1110111010000000111010100111001011000100
1000101101000000100110100000001101110000
1000011001101100011010000010111001101000
0001100100010011100001010111001110011000
1011011001001010000110011101110001111010
1100101010000000111100011000110101100100
0010011000100110101101001111000110100111
0000000011000001110010001111100000111101
0000001001110001000010001111011001011110
0011011111111111100011010011110011010100
1011011100100110111010101101111000100010
1100101000100110110011000110010011011101
0011011111101110111000100001101110000000
0010101100010111000101101001011101010110
0110111000010111111000100101010000011000
1001110010101101000010101011011010111110
1001000100101011111110010001000111111011
1110101010111001101100100011011000001110
0011000001100001001100010110000010100011
1010010000010001110101010000110110010101
0001111110010101101011011010111010111101
1110100000011110100010011010001100010001
0100010000100110011101111000110011001100
0100011101110001001101110101000100101110
1100101001100011101010111101111011101101
0110111001110010001000101010001001011011
1111110011000101100001100011111011110011
1001011110011110010010111011010111010111
1101111010110011011100111111000000111001
1000000110100011000101100000110110100111
0010010111110111111101001101000100100011
1111111100011011101100100010110101010100
1110000000100001101001110011110110011010
0010101111010111000111000010110001011000
0011000111010000111100110111110000110100
1111110101111100101101110010010110010010
0111001010101000001110101100110111110110
1001011110110110001010101011110101010100
0010100100100001100001011010100110110110
0110100100010110001100001001100001010100
1011001001011011010011111110011000011111
1101001101110011010111011001111110001111
0000011110011010110011010110011111001001
1100000011111011001010110010110011101000
1000010011100010110100100001011101111001
0100111100010101100001101100111110001110
0010001111111110011010100011100111100000
0110000010110110111110111110000111001110
1101010001001101010100000100101011000110
0000110011001000001001110001010110111010
0111010001101110011111111100100111010101
1110010011101101111110011100111001111100
1010010110000000010111111101011100001000
0010000100101110110101110110000010111000
0010000001110110011000111101110101110011
0010001100001101010000011011010010111110
1100011101111010001111001000110000001000
1001001101010110100110111000010110111011
0111101100011111010001101100010010010111
0111000000101101101101001011011001011110
1010110000111100011101010101000010111011
0100010000111011011101011111101100100111
1000100111111011010011111011110101001100
0101010011110101000001010100100100101000
0101101000011010001110011100111001000111
0101011010011011111001001111000000101100
0110001001011111110111011101110100000011
0101100111110010001001101011100110000101
1000011111000101110001110011110111010100
1000101101000001000001100111110110010001
0001010110000011111110100001101000100001
0010010101010000100000110111110000100000
1000000110011100011110100100001001000111
1010011010110101101110100101001101100000
1111000000111011000111000101000101011011
1010101111001111110100100010111000110011
1110100111010101010011011000110001010010
0111011000111111001000101000011101000000
0100110011101101110011110101101001001101
0111111001100011001111100110000110111000
1111010010000101110100010110000101011000
0110011000111011111001010000111001000110
0000111110001101000100000011110010010010
0001110101110100100010101010001111100010
1011111000110001101000000101110101000010
1100111000101101000110101100010100000011
1101010111100110001000000110100110111111
0011010001011101010010100111010000110000
1111110001100010010110000001011111001001
0010011010001110010011110100011010011111
0100011011110000000011111010101111100110
0110001011111110001000111001010011111100
0000101010110000101001110010110110110010
1110111101100000101111000100100000010101
0001010101101010110000001100000011110000
1110110011111000010111111111110010011110
0000011100000100111110011010011100111111
1000011110011101000011100011110010010110
1100001100011011011101101100101010110111
1001000000011100101000100101110110010101
0010110111000110000111110000100010000000
0100000001100000001111100010000110111100
1100011010001001010000101010101001010110
1011101110000110110110010001011110100110
0110001010010101111000011000100101110110
0001010111111101110100110100100111000000
1001111001010010101010101010001110111010
1001110010100001011011011011010111010111
1101000100010100010010100101100100110011
1001001011101011010100111001111100100111
1010100110000010111000111111111101000010
0000110001101011011100111100010110011000
0111011111100000011100100011001000111101
1000000010110111001010010110000110111101
1101010111110111010011001000111111011010
1001101011110111001110010001101110010111
1100010010110010110100101011111100001011
1001111101101101010100001111001000111011
0111100000110110000011000101001100011101
1000111101101001111000010101000011110001
0100110111111101011000010010110001001110
1011010000101001110111000101011111001101
0011010011011100000110011100100010000110
0111010011100111000101100000110101001110
1100111011001110000011100001100100111011
0001010011110101001101111011010001110101
1111111011010011101001010100011010000110
0101010010000101011001100101101010100011
1010111100111110101111110101100000111111
1010001010011000100000000000001001010001
0101011011110001001001010110110001011000
1110000101001101111001110010011100101001
1101011010011110101010100110010111111000
0110101100100001011011001101110101101011
1000010011010101100101011001001100001110
0110100111101010110110101010000011010101
1010110111001101111110111011000001011101
0001010011010100111000000011010110111101
1000111111011111101000101000110100010011
0110000111111110010000001100100110101100
1000000001011000001010011000101010010110
0111101101101011101000001100001101000000
0000110101111011101110111101111111101011
0010101101100110110100101100111010000010
0001111011100011111110100001001100011001
0100111000100011001110101000101010000010
0110100100001000100100100001100001110100
1000100000110000111100100100011011001111
0011101111101011110100100011110100010101
0010010000101010010010110000010011101011
0010011100110110100000111001000110101011
1011010100100000111001110100101110111111
0000000101110100000100110111010000110111
0100010000011010011111010101110110000111
0111101101110010000101100110000111000101
0100001111000101010001011101010101111110
1000101111001111001110001111000100000001
1011101001011111100100100001111110110001
0111011111001100000011000110001101010000
0111011110000111111011110001110001001110
1101101011100101100110100101110001010001
1010000110101000111100110101110100111011
0011000000111011110001110010010101011111
0010010000000011001010101101000100100110
0110110110001000000000111001100110110000
1011001011011010011000111010001010101001
1111001001011001101101101100001010100100
1101101010010101110010111001000000110111
1101100110100011010000001111001000010001
1111111110000011011011101101110111000111
1011010101010111010111110000110010011011
1111010001100110111111110000100111000000
1101010110110000011110101111101011010001
0110100100011110011001000011010100101000
0101001000010111000001101000010110001110
0010010111110001101010011110100111110000
1110101010000111001000101001110001001100
0111000001000110110000011100101001000110
1110011101110010110101000111010000001001
0010100001001011000110000000010100010001
1001111111001011011111000111001111001000
1000001010010101100001101010110010101001
1110001011110010100100001110100001111111
0010000111100001000101011000010100000110
1111010101001101001001110000000101010000
1000110001010100101101110011101001111001
1111011000100010011101111110101000111000
0011110100001111100101100110111001111001
0001111011100100100010001110010111010100
1100010011001010101110100111100000111111
1000111101000110100101100011011010000110
1001001010101001011110110110100100010000
0110011001100101001010000111110110111011
0100010010001111001011010100000110111101
1111100111010100011010101111011100101100
1101010000010100001011000000010110111100
1001100011010010110000000000100111011111
1101000000011000001010111100101010011001
0100100000111111100001011010011001000100
0001101101110111000110101110001101111111
1011011110100010000111100001111101111010
1010110010111101110000111100010101101000
1000011100001111101010101100001000011100
0101001101000101110111100011110100000010
0000101001000110010010001101101110011001
1011111011100110011100110111111111111010
0111111111100000111111000000101110010111
0011110100100100111000110111101111000110
1001001011000011110111111010000000110110
0101000010110001101011010101010001111100
1111101000011101111111100101010100100000
0000010010101101110100111100010011110011
1001110001010011111110111101010011011011
0111111101100101000001111101111010001111
1101100110110100000111000111011101001000
0101101111100101110111110000110100100111
1111000011100111101011011111100101001000
0101000110110000100100101110011010101000
0110100111111001101101011010000100110011
0001110011101111001101010111100110101111
1100000100101000110010100110000010100100
0011101111000100000001001000010110000011
1001000111001100011100010101100100010101
0010010111101101000010011000011101110011
0110001110000001011110011001001110011110
1000111010101001101001111000110011010100
0101100000110001010101011000101101110000
1110001010011010010100010111000100111111
0100011000010010000001001000000010011100
1010010000111101111110101101100111000111
0111100100010001111011100010011001011001
1101100101001100010011100100110010100110
1111011100100000011011100100110110001011
0010000100101001111010011000010100000101
0101000011111111111101100001111010111111
1101001000111000011001110101000000000010
0011110001000110001011111111110111101010
1011110100000000000000110001111101110011
0010010010010100001011011100111011100010
1001111101000111110111000101011010011001
0111111111101101110010000011011100011111
1111111010000100001101010011101001011000
0010111010110000100001100010111111111100
0101101100100001011000100111001101010011
1110101111110001000011110011001010011100
1110110000010101100001110110111100110101
1101001111001111000110101001111101011100
0000010010101100111110000011111101100000
0100010011011111100100111110011110100100
1000011001001111011011001111010010000110
0000101101111101010111110010110111001110
1010000100110010101100001111110101111000
1001011010000100111010111111011000110000
0011010000001001100110101000101110010010
0100101110111000111000100010001000000000
1000100010000001110111111101010101100010
1010100011110000010010011011101110111011
0110000101010100011011101110000000010110
1010111011011111011000111100111010000001
1000111101101111011001111100011010111000
1100101010000101001000110111000111001010
1100000000001101010101011001000011010011
1001011110000010000011011000001110110011
0001010111101101111010001011011011011001
1110001010101100111000111111100000101010
1000001010100100011011010000111010000101
0001101000001101011110001101111011000001
0011110110001011100100010100001110110100
1011100000100101110101010000010011010011
0110010110101111100001110010111011010011
0000001110010101011000010101000001101011
0000000000100100111101000010110100101001
0101101000011000010101110010110101111111
0100101001011001000000101100101010111011
0001101001010011101110111001011010011000
1000100001000111000001100110111101100010
0111110111100010011010001001010100111000
1110101111101100100110101101100110110000
0000000000000000010001100110100110101010
1101011010100111000101101101110011110110
