40 511
0101111000100010111100011110111101110101
0000010011110001011001111110110110010110
1110100000110001101000110100001110101100
0011010010000001111010111000000010011111
0001011010011111100100001101101111101010
0111010001111111011011010001001110000011
1001011111011001010011001101101001111001
0100110110010001100011101001111100011001
0101110000100101100010101110110000111111
0111111101101100001001001110011011111000
1011011110011111101101100001110010011110
1001110001111010011100100001100110000000
1110110011010101110100110100110111101101
1100111011000011000000101001110010101101
0110110011100111000101101111111001110010
1111011000100101011110111001000001000101
0100110111000101101000011110001100110100
0011100001001010100000000110010010111110
1101100101001100011111100010111110100001
0100100101010111111110001011011100111011
0010110001100000110100010011101011000001
1010010000000011110111110000000000100110
0001010101011001111011010000100110001111
1001010010101000010100110101001000100110
1010100100000111010101110001100110010011
0111001111011011111100110110010110010111
0011001001000000101111111010111001110011
0011100101100111101010100110111101000110
0001110000000101111011000010001001000011
0100100001110010110100000111010100001001
1110101100100101101011101010110011100111
0010111101111000001000111000010111110011
0001000101110010111001011111011010001100
0111001101111011001000000100001010110100
0000111101001111010111011101000011110100
0101000011101010100110101101001010010011
0000010110100011110101111000111100010101
0100010010100011101110111100111100001111
1100001001001110010101011000100100101010
0011010010110101111011000011111100001110
1000010100101011111101001100100000000100
1110101001001011000010000111111001100010
0101001110011001101101111011110010100000
1011010000111001100111000000000011010100
1100000001111110010101011011101101001110
1011001101111101110111011100111010101110
1000111111101011111100110110001111110001
0001011001000110011010110110101100110111
1111101000010000101001001110000110011101
1110011000110011011110111111111100001101
0010000000001111010011000100011011001011
1010101110001001000001111011000110100001
0000111100001000111100110100001010001011
1111000101001101110110001001101101001110
1110010010010000100100100010101010000001
0001010011011101000011000000100101011100
0000110101100110010010011101000100110011
1011011111110000011011001110100100011010
1111110001100001010011100010110111000010
0111010001111011001101100101110011000101
0110100001111111001101110000101011000011
1110011000010011011001100111110100101101
0010110110111100011111010000010110011010
0110010111010010101001000001100000000110
1110100010111100110110011010011000011100
0010001001101111100001010100111011101111
0001110111111001011000110001010100011000
1001110011100111011001010010111000100011
1011011101001100101000011100010001010111
1101110010001011101101001110001101001000
0110110111001001100100111101110110100100
0000011001001011100100101110000001011010
1110110110000000011001010000000110101101
0011111001111101111011101100111110010110
1001001111110101000011110011100000011011
1101101010101010011001001000111100000010
0111101110001001010100101010100011110010
1111111011000000011100010010010011110101
0111110100000010110110111110111011011111
1111100111011100001000110100010000110000
1101011000001001111111001010011111001100
0001100110110111101101110001000010011111
1100011100111010100111111000001111001110
0011110010100101000011110110110011000101
0001001011101110111010011111001111011101
1000010101000000100011000101111100001110
1011001000000100101111101111011011110110
1111111001101100011111101000011011001000
1110011110111101001011010111010000000110
1010110101000001111101010111100101100100
1101100011010111001000011000111011001110
0100111101101100001001111101000101110110
1101001001011111111100110000101000010000
1010110011100001001010110010011110111010
1100101000000111111110000101101110001101
0101011000010100110111110101110101001101
1000100111010010000110011110011101110010
0010001011011100110110101001000000000101
0100010111100110101111100011001001001001
1110011110101100010110111110001100101010
0010001101100000101110100000011001111101
1111010111101110010010010100111001010011
0100001100011011110111010111111101110110
0001101111000001001100110100001111011101
0010000011110110110101100011101111100101
1101011000001111010011010110110000100000
1111111000011001011000111111111100100110
1101010100010100010001100011010110101000
0011111100100001100111100010100000000111
0110111001100111000110011100001001010000
0111011011010000110101111011000001101011
0111110010101101011001110111101000011000
0110100101111100110100011101110100110111
0100000110010101111011000111111110111011
1110000010100111010101110100010100011001
0111001110001000110110011010001111000001
1101100000010001010011011001100010000110
1100010011000001010110010011110011100011
0100111000001000110101010001001000010101
0000100001101010000000110110010110001111
1111111001101010010000100101000111110000
0110111110001101100101001011000101000110
0100100010000100000000000001000010100001
1110100101010001101111111100101010111001
0001011010001110010100101100111111101110
0000110000011000101110101010111110111001
0010011110111010011111100101001111010001
0010001111100001101100110001000110100000
1111110111011101001101100011000001100111
0101011101010010101000011111001001010000
1011100000111000000101111000011000011001
0111001011011100101001000011100011110101
0010110010011100100100101010101100101100
0001101000000011110000010000001110011000
1101011110110111111010110110100011101010
0100100101001111111001111000000010000100
1000011001110100101111111110101101110101
0101001010100011001010110101010111111010
0011101100111110000111101110010100010110
1001001100011111111110011010011011110011
1000110000100001001100010000110111111001
1100101011111001010000010011111101110010
1100000101100101110001001000100110111100
1011011101111001101010100100111111110111
1000001011100011110111010101010111000001
1111011000101110001111000110101001101111
0100100001100100111011101010111100000010
1101111001010010110110101100101010111010
0010100101100101010101101011011100001011
0011011011000101101110111110000000111001
0101011010110100110011010101001000110101
1001101001010000001110110011010011100100
1110011110111111110001100000110010010100
0101101110011101111011110110101110101101
1011111100011110011011111011101111001000
0100101011110001011100101011000100100110
1001010010011001110000110100011111000000
1000110001001110011110010101001001001011
1011100111010001010001100101011111110011
1111011011101001000010110000000011111010
0110011011010011110100110100001011100000
0100100110110000110001001001011011100011
1110100110010110001011000101111010110011
0011100000111001000010111010001011010110
1101001111100100100000010100100011001110
0111100010100000111001110000001110111000
0001111010001100101001011000010000010011
0101111100000100001100111111110100000000
1001100010101100010001011111100110100100
1111111010101110000001111110011110110001
1101001010101000101000000011000000010111
1111011110010011101100111010010111011101
0101001011010001101101010000000100011001
1100101001111101101101010100111110001011
1101101011111101101110000011110001101110
1100101110111011111000110001111100111110
0010010001001001010011110001101010111101
1010111100000000100000000100000000100011
0100100011110000110010011110110011011010
0110111000001011010110100000010100111001
1100011100100000101111001010010001101000
0011011011111101111110000011100010010100
1011000011110010100111110110000100001110
0100001100110011100000010100101100000011
0000100111001010111110101101001111001101
1101110011111010100000110011001111000011
1101100100010110001100111011000001000111
0101011111011001011011010011100110001111
0010111111010100110000010111011100010100
1010101100111110001101000110010011100001
1100100011101000111111100111001010110010
1000111111110010101111101111111110001100
0101101100101010010101001110111011001101
1010011000111101111100010111110010110001
1100101011000011111000010100101011010101
0100000011011000110010110001110100000011
1100111110100001010110110101110010011011
0100100100001100110111111011001001000011
1111011010010000100011001111110100010100
1001111100100000011010000101100110101000
0001011010010110110000100101000011000000
1110010100110001100101010011000110001101
0110100000100000000001111101100011000110
1010100101001111010010001010100011010001
0010111110001101110010000101110101011000
0010110000110101000100000111011110011100
1010000111100111011000111001011100001010
0001010110001011110110011110001000100000
1001111000000110111101110001000100001111
0001100110110001101001111001110001001001
1100010101010101110001011110010111111111
0000000110001010001011011101111100001110
0100110101110011001001101011100111110001
0000110100000011101000101111001100001101
0111111001000100111111110000000110111000
1100111111000100011001110100101100011110
0100010110111011111101100101110110011110
1010010011001110010001010011100001001110
0111100110000000001101101101001110100111
1011111000110010110100011011011010011000
0101101001010100100011100111011110101100
1010100101101101100001010100000010111101
0110100111110111111010000001001100111101
1001001011110010100111101011111111111110
1001011100100111100110100001011010101000
1111101110111011000101100110111000110110
0100100000010011011101101010000011001001
1111001110100100000100101001010101011010
0101101100111001100100000010000110010011
0101001110000000101101111111011000100010
0011101010111110100110110011000111110110
0001110101101111001000000100101101111011
0001000010110000110100101011000101111101
1110101010010111101001110011010001101101
1100101001110100101110001101011010000101
1100010010101100110111110101101100010110
1101011101101000001000110101110100101001
0001110000110010110000110010111000010110
0101110100001001011011000011101100100101
1011111101000011101000111110100000100111
0100101110000111010110110100100010000010
1111111011101111000010101100100110100100
1111111001000100111011011101010100111111
0000001111111010010010011100111010111101
0010100101111101110111101110001000001100
0100110101001110101010110011011111001001
0011100101111000101011101000101110011101
0110100011101001101101101101100001011100
1100100000111101001010100010101100010100
1000000011000100011000111010011110010010
1110011010010011011100101111111111000101
1001001101010111001000101111010000001101
1011001011010111101010010110010100111111
0101011010100000111010101001011101011011
0100110101110010100011010101011010110011
1000111010100100011110111010101011111111
0010000100101100000100111011101011001000
0101000010110110110100101001110100010011
0001010011101011111100011110011010010000
1101010101111110110101110011000000101010
1010010111001001011001011100001001111000
0110001000101001010010100110110100110100
0000010000110110011011010001110011110110
1111011110001110101101000001000100000111
1111111001010010001000011101011111011111
1111100010100011000110011011100011100000
1101111111101111000010110101010111110011
1110001010100100111000011101110101110011
1011100011001010011100111111110101000000
0101100000000010011010000011100010110110
0011001001011101000001111001011110100010
1110100011111011001000111010100100001101
1010001001110111001110010111000100010111
1001011010111001110011101010000000111011
0111010011011011111000110001011110000000
0011111000010001010100110101101001000111
0111111011001000001111011110011001010101
1100000100010000110001011111101010101010
0010110111001111100101000011100111110101
0010111110011100101000100001110000100000
0000100110011111100001110110010011001001
1101001100011100000010101110000011100001
1001110100011100111101101011001000011110
1011111100001100111001100111100010101010
0010100001011001000010100100011111100101
1110111110111101100000101110001010001111
0101100010100000110100101101010100110111
1111001000101111100100110000101001011000
1000100001001110010010100111100011000010
1101010110101000000110000000110101010010
0110100000000110111001001101001011010000
0010001000110011001000101111100111100000
1110111011101000000101111000110011011100
1111000000110101100100011010011001111000
0110011100100110011110011011001110000100
0100111110000010111100011001100001010011
1111100110011101110011111000111001111111
1001011001110001011010001010001110000001
0001001111111001110011101100111001011101
0000011001111111110111011111100100111001
0011100111011010001000100010011000110111
1111011110001111011101111101101001001111
1110011010110010100110110000111010010000
0011110111000010101011000000110111101110
1111001101101110111001001100101100111000
1100010000111001101111110000100001011100
0101111110101010100100010011010111010010
1111110101110110010110011111001000010111
1110101101111110010111101010100001101010
1111101110010110111101001000111010111010
0001000110111001111001010110000110001110
0001011011110010110101010101111110001100
1101100011100101100100110011110110011101
0101101001111110100001100110110110100110
1011101010101010011101101011110011010001
0100111111000110100011011001101101000111
0101110100111101100000100011110001011010
1000111111001010001110110101111110101011
1111101111100110111000100111010010100010
0101010001000001001100011000001100011111
1110000101010100010010001101110000010110
1000000101111100110100001101001011111010
0011011010110000100101000101001110100000
1001001001110100100001001010101111011011
1000110001000100101111001010001001000001
1000111011101011011010100111101001001010
1011111001101110100100101000101111010101
0010011000001110111101001111110100110110
0110100000110101011011001010001000011010
1101110001001110100000111010111100111011
1101000111111000111010000010110001000110
0000001010100010000111111001111100101110
0001010010001010001000001011101110000101
0101011001101000001111001011101010101100
1111011001101001010001101111001101010100
0000100111000001110111110001001010101101
0000100010010110000101111100110010101011
1001110100000001011000001010111101100010
0101011101000001011011100011010000010111
0100010001100100001111101010001101001111
1011010100000010100001111101000110111110
0111111000001100111110100000000111101000
0001000011000010100110111100110111100010
0010111110100010001110110001110011110100
1010100000110000101001010111000011001001
1111001010100101110110001010100001111110
0111111000110001001110011111000010001100
1110100001010000001010100011000110011001
1111100011110100110100001110000110010100
1110111010101100011011110011000000000011
1011001000101100100000110111011100011011
0011011100111100001101110001111101010010
1000011001111101010100110100000110010000
0000100010011011001101110101000011110101
1011011001000011111111011100000111001100
0111010001011101101101110010101110011111
0001011100110011110111111100010100111000
0001001011010001001111011000111100010101
1011110110011000111101101010111001101100
0010111110010100111001110001010111110110
1000000011011010110110100000111100000110
0011001011001101001111011101010111101000
1010101011011110011011011100011101111111
1100101111011000001010110111011100010101
0000111010110011000110011100011000001100
0000010101010000011101000100100111010011
1100010100111000000111001010001100000111
1111011011110010011010110111101100110001
0011000100001010010111011011101110010011
0011000100000011010100110000100011011110
1010001111001001010010111100010001111110
1111111110010110101000100101000111100010
0101010111111011110111111010101110000011
1011100011110110111110001010010110010010
1000111011100001001100110011101101011010
1101110010110011011100001011110110010110
1100101011000001111111111111100001111110
0100011000100000000010001010001100010000
1001101111011100111010011110010101110100
0100110000110101001100100100110001000110
0101010011100100011101000010111011000111
1010011011011111010100001101010001011111
1110000110011010011010010111110110101101
0110101110011110010101001101111101110100
1010111111011000000001101110011011010110
0100110101001001011110110001110111101000
1111110010001001101101011110011011101100
0101101011000011101101011001101101000101
0110001101010000000100100101010001010000
1111011110000000010001000101000011011110
0010111001010010001011101100101000110100
1010100000100100011100010111011101111101
0100010101111110010010000001010000010001
1011000100000101110011110101110010011100
1001111000111111101001111011111000110101
1001010111100011010000011000001101011000
0101111101010110110000000100101001100101
1011010011001100001101100011001101111110
0111110010000001010000000110100000100000
0000011101111101010011100110110011101000
0001001101101000110010011010100100101111
0101001110111011100001010100010001101000
1011111000100000011001110010100011101111
0001000110001100110000000100000111000111
0000110011111001000001101101001000101010
0000000111101010010001101101101101101101
0100001101001001100111111011101000001111
0101010000000110000000111010101101100110
1011101101010110100010100110101011100100
0010011111110010001100111001100111101000
0101100000011001111110101010000001010000
1101101000001000110101011001010110010000
0100110001101000010011010111001000111000
0111101111110101001001011100101010001110
1010001001000100101100110111011111110100
0011100100001000100011000110100111000111
0000000010111100010010010101110011011010
0110010010000100000101101000011111111110
1111000010110110101100010010101101101110
1011101111011010010011000101000110001100
1110101000100110111101110101110100011010
1111101110101110101000000100101000001110
0010110100011001001100111010001111011110
1010100100011001011111010111010100001011
1100101011010111010000000100111001101001
0010001001110010010101011011101001100000
1000100111101011001001001010001001000011
1010010010010101111100101010111101001100
1101101000000101101110110111100110010110
1001100011010011000011100001100011011111
1110010110001000011100110011001001111011
0101010100001001100010011100110001100111
1011001100000110011111101000100001010011
1111110000111011000100110001011011101010
1110111101011010001010000011001110111111
0000000010000100110010000000010111110101
1010101001100101001111110111011111010100
0001000010111101011111001010100001011010
1001001111101100110001000111100110110100
1011101011110010001000011000101111000010
1000111011011000011100111100100101001111
0001000111000101100001110011001010100011
0000101100010110101111000111110111110100
1010111110011101000000110010111000000111
1100001100001000001011011011110011010111
1011010010000100001110111000000001111111
1011010110111110110011100100000111111110
1010101110100100111010010101100110111101
1000011011011000000001001011011000111111
0010110111100010100000011110100000111010
0011010100001100001010111010100101101110
0001000001111010000100010011000111000101
0011101011100001110111110010110011101001
0000100111011001101101100001110110101010
1111001011101011101001100100100100111110
1000000110110000100110000000010100011011
1000000100001010110101010110010100011010
1001001000011001100111110011110001000000
0000010100001111011010010010110110011011
1110110001110100001011101001011101110011
1011100000101010011001001110111100001000
0000010011010001111110001010011110101011
0010000010001001110011101000111011110010
0001011110001111110011101100001100001111
0001011100010010001010101011010100000000
0000010010100110100110001011011010011011
1010001110001010101010100000010111010100
0110111100111000010010110000011101011101
1101011100010110000110001000011010010010
0011110011101001100111101001001010101111
0010000010111000001000010010101111111001
1111000110010110001100010000010100110000
0110011001011000110001100100100110101000
0111001101001111100011000101101111111111
1110001101100100001001100111101110111001
1001101110010100001110110101010100111010
0001010101010110000100000111111011001011
1111001000110001111101101110101000101111
1011111101011111110111100100100011100011
0111000000100110101100010110110100010101
0000010100010001011000101001110100000001
0011011101111101101000101110010001011110
1001010111001010111010100101100000111100
1010010101110001111000001100100001011110
0000101110000010101111111011110000111001
0101011111001101010011111011010010110101
1110100100100101001111000011010011001100
0111101101010100100101111111000100111000
0101100110000101100101111010001001110001
0011000001101001010110100000001100101100
0001111001100110001111010100101101010111
1110000100000101111001100011110001001001
1111110111011011000110100000000000110111
1011101001101001011110001101101101100010
1001100001010001101010101011110101001011
1101001111101010011001001010110111011010
0110000100010110100001110100101010110110
0100100011110001001000011110011101101011
1001100110111000011001000110011110101101
0110110010010001001100001101000010101101
1010010011101001000101010001011101000101
0110000010001011110000011011010111000110
1111100000011011011100101011000000001111
0110000001110010010101001101010101111100
0011110001101001010010000000100100011000
1100101011100100100101110010001100001100
1100010111000011111001100001010011011101
1000101110100001100101100100111111100000
1010100011111011111000110111101011001001
1001010111101010000101010100101010011010
1100111010010110101100110011001010010000
