40 511
1100011011010001001010110001110001110011
0001001000000100011100001111011111110010
0001011101111011101111010110011110001011
0010101101100111110100011101011100101100
0110111000111011101110001011101000001001
1010100001010100110101111001001000010111
0011110101011111000100000010000100010000
1011111000100111010000010111111101101000
1110011101111100110110010011100101111101
1110000100001001101001101101100110010001
0100100000100011000011100101001100010101
0101101001111001010100001110110100100001
0000101101110010001010010011111011100000
0111100011011111110100100011001100001110
0110010110111111111100011111111001110000
0000110010001110001100011101011101110011
1010110110101110110101010010100011100111
1111011101000010011001010000101000110110
0101000010111101110110000001111100010011
1000101100110100001001011001111100001110
1011001100000100111010000111110011010011
0111111101100001000101001000001000110111
1011010111000011111101011011000111000010
1000011101111000011111111100011000111000
0010101111100001010101000110001001101010
0011111011000010001011001011111001110010
1101000001010110010010010001000010111110
0111100001111111001001111101001111010010
1001111010000010011111010000011110010001
0111110000011111000001010101011010101001
1111000001100001100101000000001000001110
0010100110010111111110010011111110111110
0111110110101111001010011001100110000001
1110011111011010110111010100101100011101
0011000000100010111001100000100111011101
1100000000001001001101001000011100010010
0111001111000101011001111110100010100000
0001010011010111000000100101110011110000
1001100111001011000000001101110011011011
1100101000001011111000111111101010101011
0010000111001111111001110010010001110110
0011000010101110001001110010010101011001
1010011001010100100101101111101000000010
1010111111001101011001000010001101101111
1101100001010011110011011111000111111000
1101011010001011101011110100000011001100
0111010011101000001000101000111111011100
0000110001100100100001001001111101111111
1001011000101111000111000110000011001011
1111111101101100010111101100100100000011
1011101000101100010010001000010101101010
1111010110001110110011110001010011001101
1010111100001110111001111110101111100001
0010001001110001111000110010011011011010
0101110110111001001101101000111101111011
1010000010110110011100001011010000001001
0111100101101101100001111100100101111101
0000011111111100011110101101000011111001
1101011000000000110101111011101100000111
0000110111000010110000000110111111000001
0011111010111010000011110000101110000011
1011100110010011110001011110110100011111
0110111100110111110000011000011110001010
0011111111011010010110111110111010000000
0111001000011100001010100100001011011001
1110100101101110000111011011100111110110
0000111010110011100001001100011000100011
0101010110011011010111111110101101111011
1010101011001011110001001100110011100001
1000101010011100001101110000100001000101
0001101001001101011110100011100010001001
0000000001110000000010100111001011001001
0101101111000110000011000001111011111000
1111100100010110001010011001000010010001
1000001011011111011001000110000111000001
0000100011110100111111001000010001100110
0000100100000000000001101011010010100001
1010001100001010000010110100010110001010
0111011011101010101101010100100100100111
1101000111011101011101111100101111011001
0001100110001101011010101010001110110001
1010010101010000010011000110111010001110
0010010000111110110101110011001110111000
1111100000010111010110111100111011100000
1111100000010100111000101111011100000100
0011000101100100011010000011001010000110
0011100111110010001101010011110000010001
0011100010100001111100110011011010011110
0111000110011001100010100000001011110101
0001100010110111111100000111101000001101
0010000011101111010010101100111100111110
0110001000000001110101101101110110000101
1110011111111010010110111001110011100001
0010010100001000100010110110101100101111
1101011010001111110111111111110101010111
0000100100001000010010001010100100000110
0000001000101101011001010100010100010000
1000111011100010010001100101101110101011
0001101111110011001101000000000000001010
1011001001111110010010001101110010110111
1010010101011000001011111000110001111010
0001011110000101100101111101001110111000
1111111000111101101000011101001101100100
1100101110010111010101011100011010110111
0110100111010101101110000001100000101101
0000011110010100111101011010001011010101
1011011000111010010010110111110100011001
0011011000111101011110001110100010010000
1101101011100110001111110000100110111000
0010010001111011110100010001101100000111
0001000011101100000111100100000000001011
1101001110000111000011001100110000010100
0011101110001101111010001011000011110011
0101011111101111101010110110001011100001
0011001000001100110001000101000110101010
0001101111110110110011111111000110111010
0010100010011010000100110010010110001101
0001101110010001011111001111111110011001
1011101001000100000100100101101101010001
1101001100000101011101011011110010110100
0100101100100111010001000101101010110000
0010101010000101100010100011101100111110
1011000111000101110111111001100111111101
0010111111110111010011100000101001111110
0100100100111110100000000101110000101100
1011110000000110101010011000101010100100
0010000000100111011010000011011110101110
0000111101011100111000010111110101110111
1100101111101011110100011000111100101110
1000111010010011101010001101011111111011
1110100100111000001110101100011101101101
1111001111001011111011001100111111101011
1000110111010000110010010111111100100000
1011001010101001000110100100101000001000
0011001001011010110011110000101111110011
1001100000100100000001101101011111011110
1001010100011000111001000100011000101000
1011110000111111101111010000010100111001
0110010101000001010100001100010001110110
1111101011111000010110110101000001101111
1111000010101000000000001001000000111110
1100111011011000111110100110100001110111
0010100011100100011000100010010101010100
1100000010010001100111010101101001001010
1111110000000011101010000011101101111010
0111111100101000011110000111000010000011
1000111000111000010000110111001000101000
0011101001011110101101100010111001011110
1001110001110011101010010100110111001001
0101001000011001100110110000001111001010
0000101101010011000100000111101110100011
1100000100010001001011000001110001001110
1101111111000111001010100100111010011110
0111011101000001000111111110001110100000
0011011100110011001100001111100001111101
0100000100101001011110100001110010100000
1101110011011111000011100011111000010011
0100010011101001010010010101001100101110
0011010110110000011010111111011000001010
1001011000111111110101011111000011111100
0001001100110111100011000011111100000101
0110011000100001100000111111000101100101
0001010010110011011101100000010111000101
0000010110100011101011100000101110110000
1100010001011001011111101111110101111101
0110010011000011000011001101011110010101
1001101100111111110101010001110110001011
1100111000100110000110000110000011101001
0000000011000000001011111100110101000001
0001101110000101100000010100000111011000
1000000010101010100011111001101111111001
1110110011011011110110111110010000111010
1000001101011110011011110100100110110101
0111111010100111110101111110101101001001
1101010000010011111111110000010010000100
0010111110000000100000001001000100101011
1110100111101000011110100001011001001101
0111001101101101101111000110101001000011
0001000001100111110010000110011101111011
0101101101101100010111101101000100101010
0001100111000001010000010010010000000011
0101101001110100101010001011001000101111
1110000101000011100100100110111101101011
0110000110000001110011010011111101110111
1001000010011000101101001001010100000010
1001101001010010111011010001011001111001
0101100100100111111010011001111111100011
0000010011100101000010010010100011101111
1001111011011100000010101111100000100011
0111001001011000101000111111011101111001
1010111101011001100010111000101000101010
0100001111011010001111110011001111011111
0010010001100011101000111010110101001110
0000101111010001111001111000011011101111
0001100111001101111010100010001011001011
0100001010100010001010111111011000100011
0011111100111010110000110001100100100101
1110111101110110100111110100100111000000
0100000110101010010001001000001111010101
1111101001111000001000010011000001001110
1011001001110000110000101010100010000110
0110101110011000101001010100111011001000
1001101010111100110001001100111111101110
1110101010111000000110001100110100011100
1000000011110001100110000001101101001010
0000011100101000101110100010100000011011
0001101100000101100101110000001100001110
1111001100000001010100101111110011001100
1000111001101110010001101111000001000101
1100101101100001100001100111001100100110
0100010011001110110011011010011100100000
0110000101111001100011111101010000001011
0001010011001110101001110011010101010010
0000010010100101110000101010001110101001
0000000000010010010111111101000011011100
0000100011110010101010001000011100000011
1010110100100011010111111011110000101110
1100111010011001110011011100100110110100
1110001110101000011101011010100010101001
0001100001011001000000010101001101110011
1001111101010111110110000101100010101010
0100000110101001110101001001101100100001
0111000000011010011011110101100001000000
0100110010011100010110011101011110001011
1010011100000110001100010000101110001001
1010100110101101001101110111101011111011
0111011011110011100011100010001001101000
0100001100000011001011001000011101101001
0011100110111110110100001000011100010001
1110000000110100010101111011111011111100
1001010101011011011100010001111000001010
1111000000000011000000010100010111010100
1111100010100000010100001110111110110101
0001000000001101101010011010000101110110
1101010001001001010110011011000011100011
1001101010010101110010111000111010110010
1100101100000010000110001011110100111000
1010111010000110110010111101001110000101
0101011011100000110001000100100111110011
0001010100001111100111001110001000110100
1100101111011010110100010011111111101101
1101000101100010010001001100000011110110
0010000111011000111010000100101000001111
0101111111000001110010001110110100101001
1111101000101110110110010111011101000000
0010001011010000100111100110110001000111
0101001100101101101110111110110011011111
0110010101100101010100010000010111110111
0100100110011110010101111011110011110110
1001110000011101001111011110001111000100
0001111111100000000000110001000111110110
0100011011000101111100110100101011010001
0011111010001001010000111100011111101110
1010010110111010101110101010010001110111
1100111011001001100000000010111111110110
0010011101111001101111001000101000101011
1101101000110101111010011010111011111001
0111111001100110000110001011101001010111
0011010011010110011000011110101010101111
1111100011011111000110000110000001000101
1110000010101100001111001001110111000100
1000110010101111011000010111001011000000
1000110010101100101111110111011110001000
0110111110010001100001000101001100111010
1110000010001001001111111001001110011011
1010110111011011100011110101101111110110
1110010011111110111001111011001011000000
0111110101101100011010101011000001101100
1111100110001011110111101011011001100110
0010110101111001010110010111000000001010
1011111001010100001000000101010101000101
1111110101010110011101110110001011100001
1010101101010010000000011000001101010011
0010011101001111110110000010001011100010
0110101001111111000001101110110000000100
0010110100001110000111101111011111101100
1000101101001001101010110001001100111110
1000100101101111001101101010011100001010
0101011111011011110000100001011010000001
0011011011110011011001010010001111001101
1000100000001011010010011000101011101011
1011111100010101011001110000111101101110
0110000110111010110100000110100011100011
1100001101111001001110100101101001011110
0101100111000101110011100100001110011111
1111011001100011010100010001000111100100
0000110111001000110011001000010001100111
1100001010111100001111100000011010011000
0010101010010101101001100100010000101101
0011111111100100111000100101001000010110
0001001010110010011111111110111000010000
1110010010011000001110100000111101000100
1001000100111001110001000011100001110111
0011001100101010100010100110111101100011
1110010101011110111110010101011101111011
1011010111100100010111010111001101001010
1001011001111110100011111001100111011100
1101011110011110010011010110100011010100
0101001011111111000010100011110001000000
1011011001011100100110000001100111110001
0011010110111101110101010001101100111111
1000101010011110001100011111000111110000
0101001111101110111001110010000010001110
0010010111110000011110111001000100111011
1111101001111011011100000101110110110010
1000111100111001111100001000101100101111
1010010110111001110001110001101111001010
1010010010011101000011111110010101101001
0111010001101001011000000110010111001000
0000100110000111010110011011010010010111
0001000011000110001110100001110011001011
0101101011001010000011000101101001101110
1100110110000001010000001110001110101011
0100000001110110110110001000111000010010
1110001101011001000010001110110011011110
1011010000000110111111011001010011110010
0101100110011011100101001100100101111010
0011010110000111011111000111100101100010
0011000010110001101110110011111001111100
0100100001001110000100010101000000011110
0111001011100011001000001001101001110001
1111000011101111111010110100011101000000
0101001011000000000100001110101111111110
0011001010011101000000011110011001010100
1000101000010111011010000100010100010101
0011010000101110111100001101110011011001
1010100000010110010111000101110010101100
1110001001010000111011000111101110011110
0110000010010010001101001001101001011100
0011010010001101011110111110111000011010
0101101011101001100100100111110000110101
0000011001101101010000101110011001100011
1011101001001100011100111101111010000101
0001011111110111111110010001100000011010
0000111111000100010010011001101100000111
0001010001011111101111000000101011001000
0010100010000101101100110010011101110101
0000010101100100000011010011111011100000
0001000011011101100110101001010111110111
1000101110100001100111011011011011111110
0011001011000100000001111011100110011111
0101100110100011001001011000111100110001
1010011010100111101101011010111100110110
0100000111110010000100100101011010000101
0001100100001101111100001101010001100100
0011111110000111001100110011000010010000
1110110000100101100000011100001000001101
0011101010100000000010010001111100111111
1000100001101100000110001110000011010000
0111001000101100101000110001101000101001
0001011110110111000111101011000110101110
0111010010110111001000011011000000001001
0001110101110100100101010111100011001011
0000011001011011100110110101100001000111
0101010001110111110011101011100100111011
1011011001010100101001000011111100010111
1001110011100000100111111010110111101011
0000100101010011111111010000110010011001
0001000110111011110101111000110001001101
0100001100010000101100110010101010110110
0101000001000001110010010010010011100100
0001001100000010010111111100000011001001
1101101111110011001101011100100100101010
1110010100100010111011001001110010001100
0111101010011101101101100001110011101100
0000011010111001111001000111101111111010
1000100110100000111110011100101001101100
0001011001011001011011000100110010010101
1011111111101000100110000000000000000110
0010111110010010011011001011000011011011
1100111000011011001100110001000011111011
0010001010110111100111111111110010010100
0110110100100111101111101101001111001010
1001000111111100101111010101000111101110
1100001011110000100001010010010110011100
1010100110100111010000011000000011101010
1000011001000011111101001010001100000011
0111010011110110100010011100111101100100
1001100110011001001101101110101110001101
1110010100100101110111010100010001101111
0011110001000110110000001111111000000000
0001010010011100100001100001001010011111
0101110001001001110011111000100000111100
1111111000011000100110100010001101011111
0101100100111010101110010110101010100000
0011111010111110010000111011100110010111
0010010001111101111111010011010001110100
1111111101001000001100101011011100110010
1110110010011110001010000101011100110011
1000001010111110001100111011011100100110
1111000001110111011000000111001100000000
0110100010110101011111001111000101011000
1010101111001110001010100011110001110101
1110001101100000101000000101110001101011
1101010000001110011111001110010110001111
0111110001000001010100010010001000000100
0110100101010111111110111110000010111110
1110011110011111110011001111101100010011
0010110000110100001100100001101011110110
1110101111101101001110000001011111001011
0110010111011101111010101111101011110111
0000110101110101011101111010000101100001
1101111111101100100011010111101101100000
0100011101011100100101000011100100011011
1011011001101010001111111100000011110000
1000001111010010110010010110101101001000
0100000011010010000011000111110011011100
0100010101001001110011010100110011100011
1101110001001011000010011100011110101110
1000000011110001001111101111101010100000
0110001101101101111001110001000100111001
1110001110100110001101100111101111000010
1010110111101011011001001111111101110110
0111110000111110010000000100100011100101
0100101001101000001001001100010110010101
0011000100100101000111001000110000010100
1100001000001110000001001010110110010000
0001100000010001101011100101111000000000
0100001001110011111101010010110010111101
1110111100000001010110110111001100001100
0001001101011010100000101000000001010111
1011101111011010010001011000101011111111
0010111010001100000000101000000010100010
0000111110011001110011100010000100110110
0011110100000001000110000100001000100101
0011001010011011001001110111001111111111
1111101101010010101000011000011001010101
0110001110110001100000001110111100110110
1100111010011011010010011101110010010011
0100001100011100010010011001011011011101
0101110000001100101000111110001000101110
1011111110110010111010101110111110101111
0010111111111100001010010110100110000101
0110100100001101000001011001111111111010
1011001011000111010011111100110100000011
0000001100000010011011101011111111100101
1100000111110101101010000110111101111010
1001000000010000100111100111011101000110
0110101000101010101101011011011000011100
0111001001100010010111001000010000101110
1111111001111010101001011001101010110111
1110100000011100101110101110111110100010
0100111101100011010111011001011001010110
0111000000101101110111001000111010110100
1100011110111100111110111110000011000010
1101110111110010110001001110011110110011
1111010001010110110011101011100001010001
0110110011010001010111110110001110001000
1000001010010111101111001101010110011111
0110000111111000010101001010100010100110
0010100011111010000100010101100000010000
0001010011111000001110101011101100101100
1001111101001101101001100001101011110100
1101000010010101001010101011001110111010
1111101011000101011100110011010110100111
0010100010111110100011011011010111100110
0100101011010011000000111111011000110110
1101010010110001101101000100001110011011
1101010111110011010001110001101111100011
1110100001000110001011101111100001001110
0010101110111010000011110011001000101000
1101011101000001010011101110111110100111
0111000100101001101101110101100000110000
1110000011011100101000100010001101001011
1001110100101000110101101110001010000100
1011111100111111011100101010110111111010
0111110011001000000001100001001100011000
1010110110000000101010010001110000110000
0110001101101110001111011100000101011011
1000111111001000101110110111001000110011
1111000001101110100010010010000110111011
0110110101011001110111001001001101010000
0000010100001001111010010010101111111001
1001011110011011110001101001101010111000
0110000001000100100011001101111110001101
1110000010100011100101101100000110111010
0110011111001000111010101101010100011111
1111100100010011100101111001010011011000
0101000011001101001100100100000101001111
0111011011110011111000011000110001001000
0000111000100001111011110011011101100100
0001000111010110101000101111001111101100
0011100001101111100010100100011010011100
1100111101100101100010001000110110000000
1101010000011000100001011011110000100111
1001000100101011011101101011011000110101
0111110110001001001110010111101101100010
1010100111111110001011100010010001101100
1000100111000011001100101001101000001000
0110101010000100101011000110011001000101
1100001000000110001011111101010011001100
1001100010101110111110001110100011011010
1001001110010101000111100110000101001110
0001111100100100110111000110110000111111
1001101010011001011001100000011001010101
0110000010110101100111000000101001010011
1011011111111011011101001101110101101111
0111010011101010011011000100010101011101
0111100111111111010110100001001010011110
1110010111000011011000110000101110010000
1010001000101001010010110000001101100010
0011101110110111110110110101101100101000
0011011101110011011111101000100111101010
1101000111101110111110010111000100110100
0100100101000010111111110010000011010011
1100011001111000011000010111101111001111
1011100110001000101110000110010000100000
0100000011001110110110111100000101100001
0101011101100001001101101110000110000100
1010111000100011010110000111101010100010
0111000010011010101110110011111001100011
