40 511
1100011010111101111100010110100101011011
1001011010110100110001111111000010001001
0000101110100111111110110011101000101010
0010111100111001110110101101110000100111
0101101100111110000100111100111110010001
1001110101011011000010110010100110100111
1001100011111001110100101111000000001100
1001000001101000111010100111011111000101
1110001001100000111010001000110101000101
0011001100001010110011110000011111011100
1000111100000110011011100011011100000010
0011010100010100010001001011110100100001
1010101110101010010100010101000001011011
1000000111110110000101010101100011100110
1000111011101011110111110101010000000101
1000110011001011110011011001000010001011
0000100011100001011011011010001010111111
0101010101001010000100110110011101110001
0110111111101101011001110101111001011100
0011110101111101001101110100111000010011
0000100100101000011011000101111010010110
0100100011110101100110111010011011110110
1111110110111011111000001100111001101110
0110001110100111100011000110001100001010
1111111100101011010001101001000001000111
1101100101001000000101110110000000100101
1111101110111000010110001001101110011010
0000000010110001011101111100101000000011
1101001111110010110010101100100101011101
1110011010111100101111001001100001110110
0101111010011110110000011110111101011100
1000001001010011011001001010010110100010
1101001100011010101100011101101110111100
1110001110101101001000101011001111101101
0010010011001111110010101110000111001101
0011111110011101101011010101001111110001
0111101110000111100000000111011101110110
1111000100100011101101000000010010011000
1110101011110100010100001101110011110100
1010001111010111111001110010100000101110
0110000011110101001100000111111011010010
1111000010100001010011100100100010110011
1001100110000101110000001001011101000011
0000001010111111101010101001011101101011
1011001111011010110100111111101110001001
1011010101100000011011100001111101101011
0100111110010010110101000000000010011110
1111111000001001000001000001001110001010
0100100011000111101101111011010111110010
0000110100001110110010010101101111100111
1001100101100101110111010101111011011011
0111001111100011110000111111001100100010
1101001001001111100010111011110001101110
0000110000111100100010001011100110100011
0011110110101011101101011011011010111110
1010001101100000010100000010001011111101
1111110101100011100001001101111001110010
1111010110011111000011100001100011111011
0110001000101010010010011110100000110011
0110100010111010111110101001110101000001
1000010010110100110001000100011001110011
1011010010111110110000100101010000011001
1010000011010110011110101111010110111110
1111001011000000010111001010101111000011
0100100111101110100111100000010101100010
0100011111000000110011001001011111100000
1010110101110001001011010110000001110001
0011000001101000011101100111000110001010
0111000101111111101100010011010100100000
0100111000101000101001101101100001001111
0100100010100000110100101111100101010000
0100001000010000100000111101011111010011
0110000010000011101100001010100101011000
0100010111010100111011011111001111111110
0000011010010100010010101100100011011001
1101001001110010001100101111100010011001
1100111010101101101101000010101001010001
0011010010010110110010110101011100001110
0010010100100010100001011001001010010000
0001010010101011010000101010111101000100
0100111001111000110111111101110110001000
1000111000011100111110100001010011011011
0011100100010110010010100001010111100000
0010000001010100111010000001101011100011
0011110011110000000000100001101000101011
1100000010001011101100111101111000110011
1111010101101111111111100101111111011100
1001001101111001000000011100010001001100
0010010011111000000001011110100100010001
0110001101100011111011110110111101101111
1101100001010101000011010001101101001110
1010100011001000111101101010000110100101
0010111100100111010101110101110000001100
1100000101101111001101101011111101111011
0010100010010100111110110110110010011110
1100000110101101100111101000000001110111
0101000011110110010010100000000101100100
1000110001111111001101111001000011001010
0111111010010000001111001101110111011011
0001101100111101000110001110001010101101
1110100101010010110110010010111000101100
0101000100101011011110010000011100010100
1010111101010001001100111010111001111000
1110001101110010111100010001101110101010
1111101111011011110110011010111001101100
0111100110001110110011011000101111110111
0101110010000110100100110010001101010010
0100010111011001010011101001110101010010
0110011110110011110000111000011001010111
0011000101100101011100011110010111011101
0110010001100111100101110111110111010001
1010100011101011000010011111011001100110
0110111100110101110110011000010110010000
1100001110110010001110100111000011111010
1111001110001111111110010010111111001000
1100101100011101001001000001010000100111
0001110011010010101000100011000001011101
1001001101010111000001111111001010100010
0101101011101101110110010010010110000010
0001101001001101011010001110011110011000
1011111010100110011111111100110101111110
0101100010111010111011110011011100011001
1111111101100001010100110110011000110010
0100110001001111011111110001001100010101
1000111011010101101010101111001100110111
1000110101110101001000101010001001101010
1001010111010010010000011111100101101001
1101100110011100011101110111111010110001
1110100101010000001010100011000011111011
0011111010001100010100111010011000101010
0011000001001101101011110110000110100110
1010010100111111001010001011100100110010
1001100100011100000000001001111001101110
1110100011100110010101001001010000101111
0010000011011011100100010110111001110000
1010101010101111001000011010011101100001
0100001100000100010110100101010011110001
0100001010000011110010101001111101101101
1010010001010111011011101001011100110101
0000001110000011001110111010110100010010
0111100010101010110001101011111100011010
0110010000110001110110001000110011000000
0011011001011001000011111100101111001111
1011100000010101000110111001001110100011
1101000101111111100101101000001110100010
1111110100011110100001110000000110010011
1000001101101011010111010000100110011111
1010110001101010001011110001100010010000
1010010001100010111100110101111100100010
0000111101101000111110001101011111011111
0110001100111011010010010101100010011000
0010011110010000101000010010001111100011
1001110110101000101110111100000101110001
0010011111101111110001100010111010011101
0110010100110111101001100001001011101111
1010111011000100100010100011001100101001
1101001110110110011101001011010010010110
1000010000101111101000111110100100000101
1101110011101110101110011011000100101100
0011011000111101011011000010011111110110
1000011000010101100010101100101101000001
1001000010001110101011101100100111111011
1001010101000110011010100001001001010011
0100010110110101010101100110110101011010
1010101010000001110111010101111100101011
1011000101101001101101100010101101101100
0011100100001101100011111011111101000100
1010011000111100001111101111111000101000
1011010011100101100111000001101100011001
0011110001001111110111001101001101010111
0100110111111010111011000100100110001001
0110101010000010011101111111100011111010
1001011100010100011000100010011001001011
0011110011011110010101101100110000000011
0110010010110011001001100100111101110101
0011011000101110011111101101011010110000
0011000000101001101101011001010100100100
1100110000001011001110001001010111100100
1010100100001100010100101011001100011101
0000100100000110001110100010111100011101
1111101101011010000011010010100011110111
0011011111110111000000101010101111100100
0001100011101110110111111111001110001110
0110111111111000101110001110101010110101
1111011001101000011011111000010001010110
1010011100110111100000000010011001011100
0101000101110011110000100011010100011101
1011010100110010110111110000011101011010
0101010100000000100010101011001101000000
1101101101010101101010001110010110100010
0011101100011111000001100000011110110100
1101110111010111111011010010110000111011
0110101111011100100001001111111111110011
0100001111100011110101100100111111010101
0010111001000000111000011111111011101010
0110011111010000001110011000101100111100
1011111000001001111010001111001010101011
1100110100000010011011101101100001101101
1011101010101101111000110000000000010111
1100001111101001110011111100000011110001
1010010001011111101011110001111101101100
1100000000101000010010101000010100000001
1101111001010111011000010000010011011110
1101000000110001100101110100011001101001
0010010100011101101111111010001000111011
0010100101000011100011100110000100111100
1101100101010111000000100101101001010111
0000111011100001000001001011110111110001
0111010011010110100101011000110101000001
0010111111000010111110000101100100100100
1010000001011101011000111101101010000100
0000100101001100010011101110100000111101
1111111111100111000000001010011011010011
0110001000111010010001101100100010100011
0100110110010001011111101110111010100000
0100111111110110100100111100011011010010
0001010100010111101101001101001111011111
0111111000011001100000011101001000100100
0000000001000010011000100010001101111101
0010010110000111011100110000111101000101
1001001111000000010010001000001001101000
1000010011011010000110110000101100000001
1001111001000111000010101011000110111111
1000000011100111110111011100111110010011
0011010001100101000111011100100010010100
1010001110101001011011010100001011101111
0101001010111111110001011111000011110000
0111010011101011011101010011111001010011
0010111101100111001010010111101110001101
0110010100100101001111010101001110110101
0111011110011111110110011001110111010011
1011101111000111111000100011010100010101
0111101111001101010010001101110001001100
0101011101101100111000001000000001001100
0100000011011000011011101001101101011110
0101110010010110100000001000110001111101
1010100110001010110111011001011110100001
0001101111000101100111100110000111110111
0100010001101011100101011101100100011110
0100001100100011011010100110100110111110
0100101111010000010101100011111001010001
0000001111011110001100000000001100011001
1100010101100010110101101110111001000010
0000000100100000011100010011110110000110
1111011000101101001010011000010000010111
0001000111011000101101011101001010000010
0101111100000110111100011011101010010001
0011110101101100100010101110001001011110
1101000100110001100111100001111100100000
0011011010100011100111110110100110010011
1011011001110101101111100110001010010110
0000100001100000110000100111000110111110
1101110011000010101111001101111111100111
0001000011111011000001000011010111110011
0001101111010110100100100000100011011111
0000000111010001001100000001001100011111
0100100011001000000001110001011000101101
0110011010011101000001101100011000101011
0111011010000010000000110010001011001111
1111000011101100110010011001110001111001
0000001000001110001110000011001100100101
0101010111111000101001110000110000001000
0100000010001011111110111111011010000111
0101010101011100100101101100100111101010
1110010000000100110101101100100110100100
0011010000001110111010000110110111010001
0100100001100101001110110100101001111000
1001110000111110000001001001000001101111
1010000000001100000111111011011101011001
1011001011100010101110111111000000111111
0010001001100001110110111001011100000110
0001001111101101001100011000111101010000
0101000111101110001001011111001010100010
0011010101110100000110111000100110100100
0011100110100010111100111110100101011000
1111000100001100001001110110100010101111
1010101000110011010001111100110000011110
0110100110101100001000010110010011100100
1101110011100100011011000110011000111011
0101011001101011111010111011010100111011
0110010111100001001100011100010111100011
1001111111100000100001010000111010111011
0010000100001101100011110000011000000101
1001001100110111111000011101110100100011
1000010101111010000011111110101011101000
1101011101111010100011101011001101000101
0100011000011001011101010001101010010001
1100111111011110111101011011010001011110
1011111001000000101001100001000111100110
0101101001101110100100110101111101110001
1010001000001010110101010110010101011001
1010011100011001101000000101100000101100
0111100100010001001010101010111100000011
1011110111111100001111111000010101110010
0011000001100101001000011111001000100011
1110111011101110100011110100011011100000
1011101011010100110011111100110100001111
0010111011111101110101110010010001000100
0010100111100100101100101101111000101111
1111011011011001011000110100010011011101
0110001010101111011111100100101101000101
0101010000111000100101011001011011110110
1000111111010111100001110110100101100001
0011110100000101000111111110010010111011
1010000001010011001110000001011110111010
1011010101001110011110011110010011100011
0110100011010011000010011011000101111000
0010110011110110001111010011100010100110
0010010111010010011111001100111111100011
1010011001001000001101110101111010111111
0100010010010011011111100010011011011110
0101000001111110010001001011001111100110
1101110010000000010110101101001111010010
1001101011110110110001001110101011110010
1010000101101011001010110011111000111101
1001011110000100101011011101110101010001
1100011100011010111011100101011010101001
0100100000000110100001010011011001010111
1000100011101110001000110010110100101111
0001111101100001011110101010111011110000
0100100111011000111111011010011010001110
0001001010011001011011101100011110011111
1110011100000001111111110011101100010101
1110001100001110001101010010011101011110
0000010011000100111101111110101101011110
0011110010111101101011010001100010110111
0111011110010110001010001110100100100001
0010000000010000110000000010011011001000
0001001101110110000100100000100010001101
1011111010000101001100000111110100011111
1000111110111000111111110010110000010111
1011111010111001001001110010110100101011
1101001110111000101100001001100011001010
0101100110100110011100100000100100010111
0010010010111101011011000100101100000000
1011100110101100110101011111000001000111
1001001010110001101011011011000110110110
0101011001010001000010000100101110101100
0100000110010011010000100001101101000000
1100001001111001011000011011100011001011
0010011001011111101101100010000001101100
0101011111101101100010111000001001010010
1011101111111110101101110111110110101110
0111000010110111101110110111000111001010
0011010001111111001101111100011111111011
0011011101011100101101010111111100101111
1110010111001111110101011011000111100001
1010000010111111110000101101100100011100
0000111000111110101011011100011001011100
0100010100100110011000111100010100101001
0101110101001101000101000011010000010010
0101011010101001100011001100001101010100
0000000111010110110011010110111000001111
1010111000010110101110101010100010010000
0000111001110101100110101110001010110110
0111010011001010100010010101001101110111
1010010001101011101100110001110101001000
1011011010010001110110110111111000101011
0000100101010010010001100100001100110010
1010111111001010101111011100011110110010
1100011011101011110011000100010100100101
1011011000110011011011100000000010010110
1011000010001000000101001101101011100000
1101011111010101111110010010100011111011
0010011101001110000000100111001100111000
0001000001000110001110101111101100001111
0000110111110100100110000100111111001101
1100010110110100100110100000011010010110
1000101111101010110100100001011111100101
0000000111010011010110110101100010111111
1011001110000001000000110100111001011100
0111000010000100100110011110111111011011
1111100110101000001010001110101111100100
0011111001110100111111111101000000010100
0001111000111001110011110101000111011001
1111111101110110110001010100010000101001
1110100111100110010001111101001010100111
0010101110010011010101101100110111101111
1000001100000010101110101000101011111101
1000110000010110010111000000001111101100
1010111101110000001010001001001101100011
0000100100001110111011100110001011010000
1000001101101111111001100011000010110110
0000011100001100111111000101011111100001
1101010000111100010000100000111001111100
1101011111100110010000111100011100111111
0101110011101100111001001011110101000011
0011011101001011000010000111001001111110
0000100101101000100010101100001010101000
1001100011110011001101110110010001111101
1000011101001000101111000010000001010111
0011100011000011110010010101011010110011
1001111100100111100011110100011010101011
1000011100110011110100000110011100010010
0010100001100110000111111100111100000000
0000011000000111101011000110101101110010
0000001000010101001110100111110111101010
0000100001001000011100001010000111111001
1010101101110011001111111001010001100100
0110110011010101110010111011000011011110
0111001110010100001110111111011100000000
1011101100111001001011100110100010011110
1100000110111100111111111010001001110101
1101011101001010110001011011001111000000
1001100100110101101101000111001000011010
0111100100101000101101100001001101010000
0001011001000000111001100110100001001000
1111100100111011000101010110110100111011
1101011000001101111101100011101010100110
0110010100001101010011000001111101100000
0111111010101111100111010011111011011000
1101001001101110000010011110011101100100
1010111100101011001010111010111110001110
0100110110001001110011110101010101111111
1110100110110101001101101110011000100001
0101111000010000110010000000011001110010
1011110111111011110011010111001111110001
1000011111101011110111000000111110101111
1110000001000101010000101001011010101111
1111001101001100001001000001011110110100
1111101111011000000100011011111111000001
0001001011000001100100000111010110000001
1011000000011011110110000001111010101010
0100111111101101010101101101110001000011
0000001000100011010001111100011111010011
0010111001011011110110111010100100001000
1010010011011101101111111011011010000001
0111010111110010010001100000111010101110
0111011101011110001100000111011101111001
0001101100100001110101100000101101000010
0001111110111101111100001000010101101011
0110101111010110100101001000010010001101
1110000101111000010110111101111011000011
0101100110000001110100101111001110011111
1110000011100110101010111011011110110011
1110010100010101000110100000011010000110
1001000101111100100000110010011000110111
0000101011010010010011110100001001001011
0010100101100111100010111000010001000100
1110010100000101000101100110011010011011
1100110100001011100110101101010011001000
0011010101011010101111100011101101000010
0111110010111101111001001011110110000110
1010011100110011111101001010101010000110
1110110111001010000110001010100000010011
0111100100010001011100110111001011011001
1010111000011000101000000011010101000110
1111101010101111101110011101111000110001
0000110111110110011011110010110000100001
1010001000110100100110010000101111000101
0110100110111110011111010011001001010100
1101111101000101000001111101110010001100
1100110100010000100000101111111001011001
0001000111010100111101001100100011000101
0001111110101101011001100010000001111111
0011001001101111010010011000100101110101
1010111001100010000110011110100111101100
0010010010101010101000111010101111101110
1000000011111110101101100110011010110110
0000001101101000001011011001010101010111
0010000101101011010010001001110000111110
1100000010011001101001010100111101001110
1110010111110000010011001101100001100110
1000010000110000011111010001000001001010
1111101011100011111100010000101100101011
1011000000011101100010010100110111100000
0011111001101100100110110010101000101010
1010010000100010101111111011010101010000
0011000010111111000000110001011101101110
1101111111111110100110100001001001011000
1110010001111111010101111001111000100001
0100110100011001110100001010001010010101
0111111010011010001001101100001010010101
0000110111001010111001110101100001110011
0000011110001010111001010000011001101100
1011101011110100000001101001110010101111
1000110010010010101010010111010111000111
1100010110010111110111110100101110101011
1100101010010100010011000101000011110111
0100010100101011010010000001110111110100
0101110110110001011111010000001100011001
1100001011000111011101111001100100010101
1010101001101111111100001110011010101101
0011011110111100011111001110110011001011
1000000011101100000000011100010101010011
1101110110000110000111000111011110010101
1000010101110010011000011100110100101111
0011110000110010100010101100010010000011
1000011000110100010100011111001001000111
1101100110001101111010010011110011000101
0100000011011111011000000011100101001101
0111000000001001011111011001000111000101
0111010101100110100010010111001010011010
1101110100010101111001110011111000000111
1001110000100001110001111011101010000001
1100000000111000100010111001011101010011
0110000101110001011000100010001101001001
1011111010001111101100101100101010111100
0000010010000000010000001101111110111101
0110111100110111001101110010100011010000
0100111001110100101111110010011010001110
1011100011111100100000001001000011010010
1000101110100100001011011010010101011111
0010110000101010000010111010001001010000
0101010110110000000110100010101010000010
0100001111110100111110101110000010110010
1101010110101111111000001110011011010110
1101101101011101101111100011010100010111
1101010011101010100000111110100111000011
1011001101000101101010010110010010110010
0001101111010010001000100111001101111101
