40 511
0101010010110111011111100110010111001000
1000111010101110110010000001111000100110
1010011010000001101000101101000100000011
0111011001111101011000000011011100000111
1000110111111101010110010111110001110101
0010100010110001011101000100111100010010
1101000100010111010000100100111111010100
0101101100010000100100011110110000101100
0001100101110111000100000000001101000111
0101100001001111010000001000100111000101
1010000101010101101000010100001100010010
1011011010101010111011010110011100111111
1111011000111100110011011000100101111101
0111010100010011100000100101011100011010
1000000110011011010100010111000011111100
1110000000101111111100010000010101011111
1010111100111110011111010100010111010010
0100001101100011010010101111111101101110
1001011100011011111011011100000110000000
0111000100100101000011111010111000111101
0010001000010001101001000001100111010110
1011100111001010101000001000001111000001
0100011110010010110000111010000001001001
0011100010010010110000101100110101000101
1010000111111001111011000011001001110000
0011111111011000001011000110001011100010
1011101111110101101010101101001010110000
1001001000111110011000011100100100111011
1011000001110101001000101111100100010001
1100110110011011010011000100100101101100
1100111000100110000000100101000110111100
0001010110111010010111111110100001110001
1001000110000101001110001100110110110011
0101011110111011111001110101000100100110
0110110001011010010111110101000111111010
1010000101011101010110110101110001010011
1011001110010011100010100000111111110000
0100111010100110000010111101110001110100
0110110100111101110000011100110001010001
0100110001001101101100010010001111000010
0011100100000001111100001100111111000001
1001110111110101001101101111100111011110
0100000001011110101010001010010000110001
0001111111010000010010100110010101010101
0101011011110000010101010000110011101101
1101000100011000011011000100011010011001
1110111110010001100110011101000001011101
0111001110111000101101011011110100111110
0110100011001111011010111000101010011010
0101111111011100011000111100001011000110
1111110011010010001011001111001001001101
1100110111000110010000010101001010110010
1111110100101000110110010001101110101010
1111000100001111110010111001011011010010
0010011111010001010110001001101101001110
1011000111000100110100111110111000111010
0110010010100011100010001000110011001111
1001100011010001001100111101000111100001
1001101101101101100100011111110101010111
1000111100000100110100010111001111000101
0010110110010100101100011111000111011011
1101000000000001000100011101111110111001
0100011110110011010011100000110010001001
0100100101110101110000011110000111111101
0011010110011100000101001100000000111000
1100010111001010100101000100010110111000
1101111110001101100011101110011110010000
0111101110110000101101101111101100010001
1010001011010100111110100001111010101100
0011010001000010001010000111001101110000
1111010110101111110010101111110110111110
1100000011001100110100000011011111111110
0001011000000110100001001110001010110011
1101001001000011000000111111001000100101
0010101011111111111000001011010000011000
0111000111011101011011110000001110011100
1101100101101000010111011111000001110010
1001001001000111010110001101000101110100
0000010010111000110011011001001000110100
0010000011000111111101100001010000111110
0000100110100111001011101110101010101101
1010111001000010000111101101011010001000
0110011101110011111101010111010001101011
1110110000101010010000100100010111101100
1100100110010110011110001001000010001110
1010001001000010111101110010111111100001
1011110010111010101001100100110001110000
1011111110101110101001101000110001110000
0110011010111111100010110100000001100011
1001111100111011000000110111000011000110
1111011100010011001001100000000110101111
0010101000010110101111111100111011110101
1000000101001000111010101010001101010001
0111110010000000001000011100010001000011
0000100011011110010010111001100100100111
0010001000101000010000010011111000101010
0010001001111000111101000101010101010110
0001111011111010000001010000101100000101
1000111101100011011100000011111100101110
1011011000010010010111001010001110011110
0100011100001110101000100000001000100100
1111000111111011001111110100111000110101
0110110101000100101000000000111110010000
1111111000111010011100010011101101000011
0110100011111011000101111101010100111000
1101111101010111010101111110011100011110
1010010001110110001111111111001111100100
0100110001100111111101101111001101000010
0110101000100101000011001000110110111010
0101101101101101100011110101000111111001
1100110100111110001100100110101111100111
1111010111101000011000000111011111000000
1110100010110100111110110001010111110010
1100110010100010011011100110011011110111
1011000010010000110010001110110101100010
1100000101100110001001010011111111100111
1011101011010001100001111110110001001101
0010011101001100110101101110101110101111
0001001110010101000010110111011011101011
1001111001000010111111011000000111101001
0000010000100111000111010100010010100001
0101111111100001000000010110110101001111
1101110100111010010000100110110110101110
0100101100001001011011101111111011001010
0111010000000000010011111010110010010010
1111111000100111101001001010110111100011
1010110001111100100100100101010011111101
1101001110110010001111000101101000011111
0111111110001100110011111010000101000001
0001100000010110000101011101100111011001
0001011100100111110101100010010001011111
0000110110100100001010110111101011010011
0010100111011111111111110011111111101110
1001001010111000100001010010011001000011
1111000101111101101111111101110011110100
1000100011010011001100001010000110001001
1111100011100001010100011001001101011111
0110001111010000001111101100001111010010
1000000010000110110110000001001111101111
0101001000000110101011010101111000011110
1110100111100011011010111011111011001000
1000111111111100001010001010111010111110
1101001010011001100111110011001001100010
1110010001110010000111000100101001010111
1101110100100100111100010000011000001010
0100110100011101110101000110100101111101
1101011110011010110101010111000111010010
1001011010111100110100101001010000110000
1010100000010001000000011011011100110111
1110101010000011001111001110101110010101
1011100001110010100100101110110001010010
0100110001100010101001010100011011101110
0100011110110110011101110100011001000010
1010101101011111111111100100001000001010
1100111010101011001111011110000011101100
0001001101111100100001110100011001100011
1001011011111000010001010100000001100110
1101011000101101101100110101000101000101
0011000011001001111100000010000010100000
1000110011110001111110101100000100010011
0001001101111010010001010001010110000000
1100101111100001000011110100010101100011
1010101010010001101101001111101111001010
1101110110011111011110110011101110011110
0111010001110110110011110110111101011010
0100011011011101101001011000001110100011
0101110100111100100111101010010011111111
0011111011010010100010110100101100110100
0111110010100001010010000101000110011111
1101001010010101011100111111110101011111
0101001011010111000100100011110011001101
1110010011001010011010101111100100101110
1100001010010001000101100011001110010111
1011000110000000110001010110100000010001
0110110011101111110001101110001110101110
0101100101010110100100100101010001000010
1110111110111010000001011000001001010110
1111000001100101100110100000111000010001
1001101001000011101010100101110010001110
1101011001111001001100010010000101010001
1101001011011101000100101101010111101100
0100000000111001010100101011110001010111
1000101011100010111011100100101110011111
1011101101010101110110111100110110010001
1011000000001110110111110100000001000000
1101111011101000011010000000111011101010
0111000011010010010001110101011011101111
1101101110011111000011101110010010111111
0111010111110111111111001100110011001101
1101100110011100001111100010111011011000
1101100111101001100011111101101001000001
1010100100101010100010011111011101100111
1111001001100110011001010010000010110001
1111000100001000111110101100110110101001
0111111111000111011101100001110111011011
0111011101001010001100110111000011111000
1110001000001111110111010101001100011010
0011011110011011010001010011100000110111
0111111010000010100011011010000011011011
0100011110001010001000111111001011111101
0110110110011111101010010110010010010010
1010011111011101110101100000010110101011
0011000010100110010111110011110010010000
1100001100111100000101000110000100110001
1111100111111001100101101100001100100001
0110111111001111000111101100101001000111
0000000000100100010000111111010010001000
1111110100100001111010101101100011110101
0011110011010001111010111100100101001001
0110010111001000110100000001001011000111
0010000001010001011100110011000110001110
0111111001011110111001011101001001010110
0011011010100001100101000111010000110001
1101110000101110110000101011111100110111
1000101011010000100110010101111111011010
0101000001101010111011110010010100110110
1111000110001001001001110000101111101110
1111000000010000000010111011111000110100
1011001100010101000011100110101110000011
0111001001110010111110111101010001111100
1101001001111010100000100011110001110101
0101111001111000010101010111011110110111
0101000010010000011000101101011010101011
0010001100100101100010010100000111111100
1100001100001001111110011110000100101010
1000111111100011111000111111110101101010
1011000100011011110101001100000011100001
0010110110110010000101011111000111001010
1010010110001011000001011010100100001010
0101011111001000011001000001110011010111
0001100000111111010011100011000010101001
0001001101001011000001110010110010111001
1100001111101100100111011000011100100110
0111010011110110101011110100011110101001
1100001110001011010111001110000001110101
0011111000000001101101111000101111111110
0000001010000001010111011100111110101011
1110010101001101011101100110010011110101
1001011111111101010110101110110100110111
1100101001101011100101110101000001101110
1000011011010010001110111110000100101001
1100011000011001101001100001100001100100
1011100000011111111000010101011100011110
0100100110100101101101101100010001110111
0111101110111111001011101000011111111000
0101101100100001111110110110110011011100
1100100011000010010100010100101100001111
0110101000000011010011000000111101110101
0100111101000000111101000000101111000110
0110001001001010111000011010000101011110
0110001010000110010111110110110010011110
0100010000010011101000011001111110000000
1011111111000101100001110110011100101101
0100110010100100101110000010011000101000
1011111111100011000011000001100011011000
1000110111000011001001111110100101110110
0011011001101110100111011011110100110100
1011111000011010100000010011111000110001
0011111000100110111010110111000110110101
1100110101010101100000100010011011010010
0100001101001100010101011001111010101000
1111100011010101001001011000001000100010
0000100110101010100011001100101000111100
1110011110000011100011101000101111100001
1010101110011010000001000010001111100000
0111101101010011001010001110001100010110
1000101101111111101011000000101011100010
1101110111010010110101001000000111011111
1010000001001011100010101000011101001010
1010110001100000000001111010111000110111
1001000110101000101000000101010101110000
0100111110101111101110000100010001110110
1011101001100111010111010010110110100011
0011100101111111100100011010100100001101
0101111001011011100011100110100100010100
0000111100010010000101110000010110101010
0111001011010001001101010101100100101110
0011111011000100001000010011001100100101
0001000010101000111111000101111010000101
1000011001011100000001111000010010100111
0010000100110111110001110111101110010011
0111000001010101100101000100101001011100
1101011000010010001000001011001010011010
1001001001101110100110000011110111111111
1000010111101001100000001010111000110010
1010001000000111001101010001001010111010
1001001111111101001100101101110101111000
0000111111111111101100001111100100100100
0010011111111000100100101100110101001111
0000001111011101010110100110101001101101
1100010000001001100110100011011000001000
0001011011111111000100010011111001111001
1100000101010000101000101011110110001110
0010110111011110010100001111101000100100
1111010101001101100111011001011111110100
0011001101100010111000110000011001101000
1000101101010110111100011001000101000100
1000000011010001110010001110010111111111
1011011100001010000110011000011010110111
0000010001101000011100111111110110111001
0010001010001110111100011110110101001111
1010100100011100111111110110110010101111
0101000001110001100001010110011100101101
0100011001010110000111010000010010001101
0001001110100011101000100100111001000011
0101011001110111000000000100001011110011
1110111000000100110110010000110110101101
1001100110011101001001011100100001000110
0111000001001110110000011011011001001101
0010001100011000010101111111100110101110
0100001011000000001010110100001011111100
0100101001000010001100001000000100001110
0000001111101000010100010011111001110011
1111100101111110011000100001111101011110
0011001000001100001100111001011110101001
1100000101111011000000000100000110010010
0101010111001010101101000000111100010101
0111010001011100100011100011001010111101
1110111010111110111000001100100101100011
0100111110100110100001100011111010011110
0000111011010100010111111110100000100100
1111011101000001010111001000101100011111
1011101100011100101101010000101101100010
1110000110110100100000011110000001001001
1000101101011011000101000001101111000010
0011110010011101000111111010101010011111
1000011100000001100111110010011001011001
1011100001011110100110001010100001111101
0000111101111111001011110010110100011100
0011000110001001011110000010000000011011
0111111110000011001100100100010010111011
1010000010000011111000101100000101000001
1111110100110100000100101100000110101100
0000100101111000101111010011101011001011
0110010101111100001010111101111000011111
1011011111000100100101111000100000001111
1000100001100100000011010001110001011110
0000100111111110100100111101001111010101
1100101100000101010000011100001110111011
1100110000100110110100111100110011001101
0001111001110011111100110101001101011010
0001001010100110100101100101110011011100
0110010110110100101011000010011000011000
1110111101000101011101011010001000001000
1001001101111001011000101111100011011011
1101010110011100111011100101010101100010
1101010000110000011010110000000111010110
1011001000011011000011010011100111011110
1001010010010000100100101011100010000010
1100010011010100010111001110100110100000
0001011000000010000111011111011111000000
0001111100101110000111011110011011000100
0011010011001001100010110111011101011011
0010110010111000100101001110110010001010
0000010110100000101110010010000111101101
1101111011100010111110000001010000010000
1101100010001100000101000100010001000111
0011001100100101101010101110101100000010
1001011001101010111111101101000000110100
1101110100000001100011111110101110101111
0101001101101001110101110000100000000110
1010001100000011000101001110000001111101
1010110010001010100000111110001010010000
1110101100010001001101111010111010001100
1110010101000101101110101100000110011001
1011100000000010110100100011000011000011
1011100010100111001011010001111010010001
1010000110110000101000101011101000011100
0000111000000000000001111000111010110101
0000000101101111100000010101010000110111
0101111011000000001111111100100101010010
1000111000110001001111111011100110011001
1010110111101000111111010000010110011111
1011101101100110101110101001001000010101
0010101110000000001100101111101110111011
0010000010111101101111110010001001111000
1011110011101001110011100100000011011101
1111001111101101010010011111100111001111
1101101000100100100111010000000100000000
1011111111100011110111111010011100000111
0101010111011010011100001000010011001011
0011111011001110100111010111111111010000
0011110010101000010101011001011111010010
0010000111101100010000011011110110010010
0011011000000110111111110100111101001011
0000011011000011110000110100010110101001
0001101010011100011001101101000110011001
1110110000110010001000000101111000101001
0001000101001001100100010001111011110010
1010100011010001110010001100001000010110
0110011100101000000001110110110011010000
1001001110011100100111100010011100100101
0111011100001001010110100111111010001011
0000111001100000001100100011101010010101
1111110101010001011010111010000010011011
0111111001000001101010101111101101011101
1011101000001001000111110111010110100111
0101100000010100101000000101100110111000
1000111111111110001101011000000101100111
0010111101010001010101100011010110111010
1011101000011011111001010101010101011100
1011111010110000000110101011010101001001
1011101101101000010100011001010101100110
0000010001101110111000111010000100110101
0100011101100101010100010111001010001100
0000000110111100110000111011110001101111
0100100111000101100100110001110011100011
1001110111001000111111101110111111000100
1011111010101100100001110100110000011101
1001011111000100100101100000011001010110
0000100001110101101111110100101010000111
0111001011011001010101101010000101010111
0000110110010111101101110110001101000101
1001000110010100011010110000110101001111
0111000111001011001000000101100010100101
0000100111100001011001011011111101100011
1110101110010111000100110000101011000010
0001100001100001101011001001000011000000
0001010011001010101101101001111111111001
0010001000100101010110001001101110101101
1100011010100110111001110000101001001101
1010101100000101110010111110010101101011
0100110111110001000001111011001110001101
0110010010100000000001110001001101011111
0011000011100100001011000001001001111100
1011001001000100100110001010000000101110
0011011001010101011010110111100110011000
1110110100001001101100000000111000111010
1101100111111110100111110110101101011100
1110010111111110010100100110011001000000
0010001110110110101101101110000010101000
0000011100001011000101111101111111001000
1111111010110011000010110110000101011011
0011101111101111011111110001010100111110
0110111000001101011111001010001001000000
0110100111000001110000100100110111101011
1100111110011011001010011110111011101010
1111001110110000111111000001011010110100
1101000001100010101001010010000010100111
1011010010001100010111101100111100010101
0100000101011101111001101111110011110001
0010011010111010111010000010111110110100
1100010110111010010011100100001000001001
1000101011100001110011110111100001100111
0001111101100001000100111001010100101010
1000000101101000000000011101010111010111
0110011010101100101111001110010110111011
1000111111111001011100000100110010011010
0111010001001011111101000001100101111010
1101100010010000110110111001001110101001
0111110111101100010011001001100100101111
1101110111111000101110000110100101111010
0010110000001001101001010000010001001000
0010000000111010001011011110000001110111
1110000001100110101010100111111111000110
1101100001111100101111010111011001100000
1001010110000101000000110101000111011101
1111100000101101110110100100011111000110
1101000010100101101011101111111100010111
1100100010110101001000001111100101010111
0001011001001000100101101011011100001011
0100111110001011100011001010111100011101
1100100111001001110111010111111011011000
1101010110110111001011011000010111101101
1001111111010100001101100001110111001010
1000000011001100001010100011101010100000
1011111011010010101010100001111011001011
0010100000001011011111100111001110001100
1011001001010100100010100110001001010110
0110111100110101110000011011001000111011
1000001100100110100011011101010111100011
1100100100110111011011000011101000110001
0110101000110010010001101101100111100100
0000110100000110010100000001101010010011
0101111110000101000111000110010100110111
0100001100000010000100111010000000011011
1011001111110100101100010110101000101110
1111011111101010111101001111111101011000
0001010100101110101000100101011111111100
1111000111101101000100001111110001000001
1110010010111011010100100101000010011010
1000011111111100110110100111001100100111
1001010011001110010110001101110101010011
1000111111100110000101000110110011111010
0011101101011000000111011000011011010111
0110001000001001101011011101101111111000
1001111010011101100001000001111100001101
0101000111101000010011010001101000000110
0111111101110110010101000100101110001111
0000100110110101001011001000100011001100
1011101010000111010100011110101110111011
0011011100100001100110111100111111111000
0101010010010111010110100000001000000111
0100000000011111110010100111000011000001
1001011000001111011110101011000100001000
1100110110011110010010001010010010001001
1010100010001111010011010010111010100010
1101001011100011010111000010110100100100
1100101001110010001011100101110111100000
1101001111111011000110100010010101100011
1101110100011100001011101010111001010111
0000001101110001011111111010011011010100
1110010111110110101101100011001010110101
1010100000000001010101000000000101010011
1000100111011001000011001101001101000000
1000000110110000011100011010100110101111
1010100010111101001110000111001011001111
0111100011101001011000111110101010111000
0110101111010100100001100110101010110100
1100000001100111110011000000110101010101
0011010010001001100111001100000001001001
