40 511
1101011001010011100010011100000100011010
1010110010000000001101110011000010100100
0111011110100011011010011001001110011101
0001010111100010100110100010101101111011
1001111101110101001000111011101001100110
1011101011110000010000000101011101001100
1010010001100100001110010101101101010010
1111001001010001011011101110000111001100
0000101100100001101001001010111110111100
0101100100101011000111000001011110111001
1101101011000001101101101111101110100011
1000101001011001011010001101111010001010
1001100000101111011011001011101011101011
1000000010010000010100010110111111011101
0011111110010001110101111001010000100101
0001110000000100010110111000111001110101
1110111111110001101011100111001100100000
1000000101001111000100011011001111111111
1011100111101010010100010011110111011010
1111110001010001011110010010111110010001
0000000001101100100001101110111101101011
1000111100000001100000000010101000111001
1100001101100100101000010001110111001010
0011010110100100011111011011000000011100
0001111001100100001000111010110010100110
0001001100100110110100101001010000011000
0011110101110111000101110110000111100110
0001101011100111000000010111001111111010
1100001001000100000100111011111111110011
0110000101111001000000110010001010101110
1000000001011100101100111100100010111010
1100001110110101001101000010101110011111
1101111010110000100110110111101100011111
0010110111111001001110001000100011111100
0000110000111000110111110111111110010010
0011010001101111110010110100101100110010
0000000111101010010101010011001111111001
0011011011001001100111101001000011000010
1100000111010111110111010010100110100010
0011010111011000000000110001001100010001
1010111111001001100011111000001001011011
0000010101011101000110001101010011100101
0111111011001101011011110111111000111000
0111100001001111111001001000110000010101
1000000010001100001110111100001000111110
1111000000011001011101001110001010001010
1011011111101101000101100001110101001110
0100101011111101010111101111100111010100
0101000111100101101011001100011110110100
0001000110011001110111111111011101111010
0110101010101000011110000001010100111011
0110000011001001110010110111100011111101
1000001001100111101011110100000010011100
0011010001101111111100001101001001000111
1011001001010111101100110001101001000010
1101110110001010100111001101010001000111
1010011010011100101010000111110110110000
1101011100011011001010000001110111010100
1011011000010110111100101010111001111010
0100110110010101011000101101001110111111
1111111001001001010001010000110110101000
1010001011111101110011101011000001010101
0000001111011111110000101000011111011001
0000110010111100000100010100100111100101
0101001010001100001000000101101001110111
0111111100011001000011001001110110100111
1011111101101101011100111001100000100011
0000101100111010010001110000000111011010
0111011100111100101100110011101000111101
1111101101101100101100001001000001110001
0010110001010000011100101000100000000111
0000101000100001100111001100000011111111
0100110100010101100011011111111100001001
0110011111111000011101011010011110000100
0010110110010010001011000101101011111100
0011110110000000100000100001110001101110
1101000100010000101000101001010100100111
1110000101011100001111011000111011110100
0111110111001010110000011000111100101001
1000111110000110110010111111111101011101
0011000000001100111001110011010000111001
1101110011010000111101001010101011111100
1000011001101100000101111001001100110011
1100111010001001101100000101011110000100
1100101010101100100110010001110011101110
1000010000110110101011000000110001011000
0100111111111110110001011110011010100111
0111111100000100111011111111010101101101
1110011001110100001001001111110010001011
1111000100111100011101000101000110001110
0011010000111000001011001100010010001110
0001011101111100111100000001100100000001
1010101100110101001111011101100000101100
0110011000100011001011101100001010001000
1100000011011101000111001011000111100000
0011110101100111110010110111011000100011
1001111111100100011011110111100100001100
0010110001000100101010100001001010101110
0111111101111001101101111011100101110100
1000001100101101011011011000111001100100
1100011001001010010000001010001101101010
0011101000110011100100010110101110101111
0100110001011001000111011100100011110011
0111100000110000101111001111101000011001
0100110001110101001101001110010011011100
0010010000010010001001111001111101100111
0111110011001110001100100010000111000000
1110100011010110111101011110101110110110
1110110011101010111011110110100110000100
1110001010001011110111011011011111010011
1111100000111001000010111010100110101011
0100100011111101001100001000111011010010
0010000001000001011110101110001011010010
1110001000111010110101011111101010001101
0000101001010100000111010101011001101110
0000011111011110000010000100100001000001
0101100110101011110001101000100110001101
1011001110010010001010010011100011001100
0000100000100101011001001111001111011110
1100010100010001101010010000010110101100
0100011011000110010100110110110011011110
1010000001000100101000111010011001111010
0110011101010110001110010110111101000100
0011110010000010010001001000000111101110
1111001100111100101110111110110101000100
0110000000100010101010000000000011010111
0101000011000110010110111110011010111111
1000100100001101111100111111111101110000
1101100100000100000000010101110011010101
1011000111100101100010001101010010101001
1010010010010000110000100100110011100101
1111001111001000001001101101011101101111
1101111101001010010101111111001011001000
0101011100111000110010001101101101001010
1101001001100110011100110000001100000000
1101110101100101101101111110110101100010
0101001101011010001101010000000101110010
0010101000001100111110100101111111101010
1010110111101000000101110001110001010010
1010101101110110110100011000010001100001
1111111100001001011110111011011110111001
0001011100010100111101100101010010001000
1111100011111100010001011011001101010010
0011000101000101010101010011110111000000
0111001110111001001110101111011100100100
0000011101001000110011111110001110111001
1101110101111111111001011100111010011001
0001011110100110101101011011000110010101
1011011011111101111111101100100001101000
0001001000010101010110101001001000001000
1001110100010001011110000001100100110110
0000111010110110100100011111100100010101
1100101010101100000100010110001100010011
1100110000100111100111110011101001111011
1000111100000101101010010000101100101110
0001111001001011011101111010100010011000
1011110000110111000000001011001101000000
0001101001110011011001011001011111001100
0110101000101001001111111110110011101111
1110111111000011001100100100000001001111
1100101001000111000101010011110000100101
0100111010001000010101011110110011010001
1001000100100110000011110110000011000001
0111000000100100001100011001010010101000
1010110101101000100000100011001011100101
1001110000101011010010111001000001100010
0010100100101010110010000111011000111000
0101001000111000000111010101001100010100
0010001011100011110111111001010011000011
0110101000111110001000001100011111101100
1100001110010100101101100111011011111111
0111001110001111000001010001010011100010
1001101000100001110101101111001001001110
1001101101110011100000000011101111011100
0011111110100011010111100100111001110101
1111110110100100011011000100100010100100
0000111100111001110010010101101101001100
0110001100111101001011000111010110101011
0101111100110111101110100000010010111110
1001001001101110011110101001101010110010
1111110011001001110011110110100101111110
1101100100000110100111101110000011001001
0100110101000111000000010000101010100001
1011110101011100100111110001001110011000
1010110010010100000010010110010100001100
1001100000010010110100110010101000011001
0100000100100010001000001101000100011100
1101010101110010000100101110010111000110
1101011101101100000111111000011110011011
1011101110111101111001111000101101001110
1011110001001000111011110001111000011000
1101110100000100101110110100010001000100
1101011110111011001000011100100001101110
1011101000011111111100000111100011100101
0111001100101100011101110001000101010010
0100001111000110101010110001011011000111
1110001100110001100010000010111011111001
0101000011100101100101101111101001001100
1010111010110100011101001010101101011010
0010110010010100100111111101100010001001
0011011001111110000010110001101001101100
0100010010110001011001110110101001111011
1010000110010110011100011101110100010010
1100001101001010110010100101101010000011
0101101111111100000001000000110111001111
1101001110001000010001000111111000010100
0111011001000000100000010111000110101011
0101101110111011000111001101111110010110
1110101111011000110111001000011010011100
1000001100010011010111100101101010110101
0010100001011110110101101001000101110100
1101110010001101000000111000101010000100
0100010110111111110111110100000100001100
0101110101110101101000100101000010010001
1010010111110110000011111111011001000100
0100111110110010101111100110111011111001
1100010010111010111101101001111011011000
1000100100101100011100001001101001110110
1010000011100100111110010010110110001000
1100001011100000010000011001101010110001
0000101011110000000111001010100110111010
1011010000100111011110011100110111111111
1110110111110001011111100111001110011010
1001101110010111010010010110011101110111
1111110111110101011011011011011001101010
1000101110101010010101111101110111110100
1010001010101111000010001101110010001101
0011101101011000001000110001100001001100
0110111001111100111111111000011111110100
0100110011111100001000010111100010100110
1010010010011010001100110000011101110011
0110011010000010101000010010111011100010
0110000101000001000001101110001011111010
1110100110011110110010100110011111011001
1010010101011001000000010111011100100110
0001100100010010100101101010011000101000
1110001110011110011101001001001101001110
1100000001000011011111101101010001110110
0001011001101100010010000001001100111010
1001111001000101011101100011010110110011
1110001101111101101110100011110100100101
0001100101010110101000000101101111001111
1111100011010010010001010010001011001010
0100001001000111010001001100100111101100
1110001101111110010100111111101010010110
0111011100000101001011001001110011010111
0011100000000100101111110110010111100110
1101111111001010111111011010011110100011
1001001101110011010011111100111000000110
0001110100101011010100000011001100000110
0011011010101111111101010111011100110001
0000111000110010101111001110011010100111
1111011100011100111000000111111000011001
0001001011111011000011101100100100101111
1011111111011101110010110010001011001111
0001011011110000000000011101101100010011
1110010101001111001011001001010101110100
1110101111111101101011100101110101100110
1001100011110111100101010110111110110110
0101110010111001010001000110111110110011
0000100101111000101110000010011101101101
0110110011101110100111101110011110111010
0101100000011000000101010110100011001110
0111111011101110100010100010010001100101
1100001010001001100001101000001000010011
1111111101001000111100101101010100111101
0010000111011001110111110000000000100010
0000110100000111011001100100110000001000
0010011010010000110011101101110011100001
1010100000110010010010010011001101000110
1110011101010001100010001111010011010110
1110100011100101001010001100111100111110
0001001110011101100000101010000110101101
1101001010110001111110111000000111111101
1111111100011001001000001000100110111011
1000010010010100110010111101001110100011
1110010010100110110011011111100000111111
1011110110110110011000011110011010001010
1111001010111010110100001001000111100101
1100010100101001100000011101011011100001
1110000000111110101010100101000110000011
1110010000101111010100011010111110101100
1011111111000010001100101000001000010111
1011000000000010100100100011100111110010
1000010100011001000001000111100110111000
0011100010110110100011100010001110110001
1000100011000100110101110001000010011110
0000011000000010101011101111011001110110
1100111101100011110111001000100111010001
0000101111101110011111110001111111110100
0100110110010110010101011001101000100100
0111001011001000011001000100100000101111
0100001011101001001110010101001001001101
0010111111111101000110010100001011110001
1111111010001011100101011100110110111010
1001111000000010110000110001100010110110
0000001101110000100110110111111111101010
0110000011001010100100100001000000010110
1100110110011100000000010110100111100011
1111100110001011111101100111001000101110
0000001010101100100111011001010001111111
1100100111100100111101100000001101001001
0010000001010001000110101110011111001101
0100001101010101111010010111110100111011
0001011110001100000010100100100100110010
1011010101101000000111011001110011001110
0010010000001101010100100100001001011110
1000111001100101100100101110111010010110
1111101110101101100000111000111111101000
1001000010010101111011000101111100110101
0001101000011011111100001111000010011001
1010010000000001101010111011100101011111
0110110101101010001011001000001000100010
1001111000111110001110010001110000000011
0101101010100110011011111000111000110001
1101011000011011110100011010000110001000
1100011100100101011000100011101011111100
1000000011110011001100111011111101000011
0110000001011010111101010011010000011001
1000100000101111011010110100101001011111
1001111011001100001100011001000001011000
0101111011010100010111000110110011001111
0010000011001100011101001100111001100001
1110100101111001110110101110011100011100
0000110111111011010110111110010001001000
0111111000000011110000101110001010100010
0000101000100001111101110010011101101101
1100000000100111001110001011010000101110
0001110110001010111110010100011001101010
1100100000000101000011100001100001110110
0110001101110101110011001100000011111101
0101101100010100110101101011010010011000
1000111110010010011001010101101011110011
1111001111000011100011010100001110111000
0101100010100001111101110011001100100001
1110100010111100100111111101001011101111
0000011110111101101111001000011110100110
0101101110110010001110010100100111011110
0100110101001110101110001000111111000001
0100010111110011010001010110111000001001
1110111001001011000011101011000111010001
1010110110101111110101100111101010100001
1101100000100001000000100110110110101001
1011001100001001000011100010100011101011
1010100111000000100101000110101011111011
0011111100100111010110000111101100101110
1110111011001010100010010000110001111111
1000000010001000010100110011011010111000
0001110100111000011101100000110111110001
1111111000011010100010110011100000010101
1110110010100000101110011101000011101101
1001100000010110101001010010101110101111
0001100101011100000000010001100011000100
1000000100011010111101101011011000011010
1111011001001101110000101100001101001001
0001010000011111100010010000001000001111
0111010100111011111100010110110100110111
1001001001111100100110001010110001101001
1010001010001111110010110111001010000100
1101001011011110110111011001011010100101
1001011000100011110010101000010011010010
0100111111010111011100110001010110011111
1011001110100110100010000101000110100010
1000101111010000111100100011011010001001
0001111001011110110010001111100001111001
0010110111110110001010111101000010111001
1010101100001000001111100001101110110101
1011011010111001101010000010100100111000
0110110010000001100010110110001111010101
0001101001011110000010011101101000011011
0110110110100110000110010111010100001011
0101111110100001001101011001010000011110
0111011000011011000111010011100011111010
1101111010001011110011101111100010011001
0100010111101000100001110011001010011111
1101110000001101111000011011111110100100
0111110101001100000001011000101001011001
0000101100101000001101101110010010101100
0001101100011111010111111101011101000101
1010001000100111101000011010010001101000
0011000000011100111010111001000010000110
0011011000001011100001010000100110000101
1010010001011011111000000011001110111110
0010010010001110100000011011100110101100
1100000100001111001010010100000101101011
0011010110000000111101100111011110101100
1000101010001100110110011100101010001010
1111011001100011111101010000111001100000
1101001101100000001100001001100100010100
0000100111000100110000011010101011111111
1000011111101011011101000101101100100011
1000111011000000101001101011011100010000
1111100001000111110111111101010111111101
0111010111001011101110001111001000000000
1011100011111100110101101111010101000010
0100100010111100001000001101001011101111
0001000101011111011100101000011011100100
1111110101100111101101100111101010100011
0100100111111010000010001001100111101000
1110010100011101010100101010001110100100
1001011010111110011111010000110110111110
1110111100101111111101110101000110000011
0010111101001111101010100101011000101001
0101110101011111110000010111100111010101
1011100010101000000010001000001101000011
0110001100101011011101000111101010101100
1001110010100100010101010100100001101110
0110010101101000000000011001110001101111
1101111101110111001100000000101100101101
1001000010011101101010111011001000011100
1100110011101011000010101111000010101100
1110111000011110101110110100111101101110
0111110110001010111111011100111011001000
0001111011011010110101011110101101101000
0001000101000001010111110010101110110011
1101011100000110011100000010011001011100
1000111011110111100111010111111001010010
0100101000100011011110010000100001000010
0101101110101110010010110110010101001011
1100010110101001101101011011000110101111
1011000011110111101101100111100101111100
1100111101101011001111111101010010100011
1111101000011111110000000101111000101011
1000111111101011000001111110111011001110
0011011101111011011111011010111101111101
0000110000010100011101011001101111001010
1110011010000010011101111001000011001011
0100011010101111011010011100011010111001
0110000010101100101001001100010111011110
0101111010001100011111101111001100110100
0101101000100101110100000111010010001011
0101111000111111010001011101010111111110
1100001111010101100000111010101000100010
1001010000101100100010111011010001010010
1110001110101110100010101100100111010001
0100010011000011110011001001010000000001
0001000111010110010000110111111101000001
0111101000000000010010001100000001011000
1011001011111000011010100101001110001111
0001101001101010111111111010001001001011
1101110011101011101011001001001011101110
1100110010101001101001111010011001000000
1111010001111010111010110111100100110100
1101100110001001001001101100111100101011
1111001001000001101111111100000011110010
1110101011010011111000011111111100111000
1110100001100001111010000001110101110001
1010110011000111110110001110001110101001
1110011100001011101001000110001010111111
1000101100001010001011001101100001011000
0010001100110111001010100110011001000100
1110001101001011111000100000010100100100
1101000100111101110111011010000010101111
0001000000111101000001101011111000110101
1000100010000110010100110110000111000100
1001111001001010100101011101111010011100
1101001111010101101100101111000111000100
0110100011000011110011010110100110000001
0000111010011111000111111101001010100110
1010011100001100100110011011100000110110
1011100110101101100100100100010001101011
1100001000111000101010101101101001001001
1111110010110011101110110100011000101001
0010101111011011010101101001011010000010
1010011001010000010101100110111100110010
0110101100101100111011101111000111010001
0111010111110000000111001101000101110011
1101000001010100101000000110010001111111
0100100111111111110101101110001110111010
0011001100001001110111010010000001101110
1101001111111100000000000101000000100100
1111010011011111101110010000010100110111
0111010111101110110001010011100010110100
0001111100010101001111000100101000011111
0111110011001000100011100000100110101100
0111111110001100100001101100111110111001
1111101101111001111110011101010111110001
0001110110101100100010101000111100011011
1111011100110000010011111011011111011111
0110000100001001101111000010001100010100
0011110010000101100110000111010000111000
1100100010111100000000010110011100010100
1101100111101111010110110100001100100001
1100010000111011100011011000100011001001
0100011000111101101111011101110101101011
1001100111110010011010110011100110100110
1111110001011010011001110001001100110110
1010101010000111111001100111111100100100
1010010100111001011000100001011110110011
0100100100001100110011011000110110100110
1001100011001110101101110110010100010100
0100111110101011110101100011000101100110
1111101011001010100001101010111010101101
0010000011110011010100111101101010101100
0111011100110001011101101000101111111001
1110011010000001110001010101011100000011
0010001111000100001111000100011101111101
0100101111001101110111000111010100101101
1110111100010110000011001011100011010011
1101110000111100001010011110100100011000
0111100110100100010011010101011101001000
0111110110111001110111101111010110110011
1110100000010001011100100011010100110010
1010001110100001101001111110010001000111
1111000101011101011000110010010001110111
0011001010011101100011011010001000011010
1101101111110100111010011011100011000011
0101111111111100111010111010000100001101
0100010110010110001111110101111010111001
1111100100001111110111111101101000011111
1101100100100000111011011000010001110001
