40 511
1101001011101100111011101110010011011001
0110100111011100010011100110000110100111
1100111010111101101111110011001001101001
1111101110001111001110010001011011000010
0100000101110001000001000110100011000000
1010010011000101000100011100001111101111
1011110010011101001100101111010011011101
1100000000001101100011110001110110011010
0110100010000000110011001101011110001100
0000011110001101000100000010110111111100
1010100101100111101000011111110110000101
1101001010110001011100100111000100010000
1001101110001010000001001010100001000101
1000010101011111001011111101001110000100
0001101110011101011011100110010000000100
1100010001010010001010000100111011111010
0000000110011111000101010001001010101110
1011010001110000101101010001011000100010
0001010011011001001100110011001000001011
1101111110110000101111010001110110001111
0100101000001001101000101101111010011010
0000011100110010010110111100010010100100
0011100110010111011111011111000000101001
0000000000100110001111011101100100001100
1100010110001000111101101010000110000101
1011100110000111101001000111100101101010
0100101010110001111011100011010101000010
0001011111111101100011011000001000111110
0000011010110111111101001111010101001001
0000111000100101001000110110101110101101
1011010010101111010011011101110100100100
1001010000001011000000111111110100101110
0010101111011100010111011100001101100001
0010000001010100000010011101111001010011
1100101010100000101101100101110111111000
1011001110010010010001001011100101000100
1011010101101000001011101000111101111001
1000100000100011101110000000111101001000
0111010010011100000001010100111010101010
1111001001110110001110111100111111001101
1101100001001010001001111101010111011101
0110011000111111111111101001101111000001
0100010100011110110111010100100110000111
1100110000011011111001100000111100001011
1111001010010000011110001000010110011000
0011101001000100010100100110111101000011
0000111100100100100001110010010001110101
1101110100011100110111000111000110110000
0010000011110000111110111100110100000111
1010000000101000010101000010001111101001
1101101111001010100000100110000010000011
1011101111010111101011101101010110101010
0011010010110111001010011001000010100101
1100000001000110010111111101001100111010
1110110111101100101011110011100100100111
1111100111001110101000101111000100111111
0010001011111101111000101100111110101101
0100011011111100001101001101001100010010
1001111000100011101011001011011010000100
1111100011010110011100111100110011001011
1111010100000001110001011101000100111100
0010100110011000000101100000011110000100
0110111111010110010101010100111100010001
1100111001100011001100110110110111011001
0110001011010011111100010110011010110110
0101101111101000010100111100001111111010
1000001101111111010000010110011101111100
1011011100111001000110110010111010110100
0101001110000110100000110010001001011100
0000001100110110011011111101110001110010
0100011110110010001010100011111111001010
1101011011000110100011110000101100111101
1001111011001101011100010011011001101101
0001111010110011101101111110110100110111
0000100101101110001010110101110000100010
1010000011010111100010100011010111111010
1011011100100101111001011111011110000111
1001000111010100111011100010100001011101
0011100001001001101110011001001100000000
1001000010010110000100010111111101100100
1010001100100111010010011010100011001101
0000010011110001110000101010111110011110
0110000111011101110101001110101010110010
1000101100000101000000000111101101000101
1101010011110000010010111001110101001000
1110111100100100111000001001111001110100
0110110111000000101101111000111111101011
0011001001101111011000011010111010001110
0010111001010011100100010001110011101111
1000000000011001100010010110001001010011
1010100001110000010011100101010110110100
0000000111011010001011101100111110100001
1100111111110101011000000111001101000101
1100110011101001010101100110011110000010
0010000010010110001001100000100000011010
0011000010101100110100100000111000110000
0101110001011000100100010100100100000000
1001101001000010010010010000111000100010
1100110110110011101001010110110011011001
1100001000101001000000001010100010111000
1111111111000000110100011000110100001010
1110010010001111011000101100001111110100
1101011100010111101101111100000010100010
0010010111101011001001111001001101001001
1001110000010000001001000111111001101101
1100010111001111010001010001110100010101
1011010110000001011001100100110010110101
0010100111110111010011110000010001101110
1000011001111111110010100000101000100011
1000011110110000101001111001100101110000
0111110101100001001101001111110000101000
1101100101101001101101001111001010100101
1010001011000001101011100101100101010111
1110110000101101110111001001000001101001
1000010110001110110111010001000101100101
1111000011011001000110100010011101011110
0011100001110000110000011110100101000000
0011001010001110110001110010001110110000
1111001010110001000011011001001000000110
1010110000011111001100011110100010011011
0011010011101000000010111000111100101101
1110001000101111010000110010001101110111
0111001101001000110001010000011110111101
1111101011100010100101111101101000011001
1100111001010101011010001101000101101100
0010000110011111111000000111100111100001
1001101000101111100011011111001001110010
0101010100100101101010000000010010000100
0111010001001101110101001100010101010001
0100100001011001001000000011001000100001
0101001100111011110010110101000111110000
0000100100010010110101001111000010001111
0101100101000011011101101001101000010010
1011100100101000010011100110100010001010
0010011100100101100101111110101001000001
1101010100011100110001001100010000010010
0111001111110111000001010011011100100011
1001100110111011001101101001101010010001
0100100101111001111100100101010111000100
1000011000100001010111110010100101001010
1000011001011011111110001000010000111000
1100110010010011100010100010100100000101
1100111001011001100010111110011100111001
0101001001011000101001110111011001001000
1101011101110010100110001010111100100000
1101111011000101001110101101101101000111
0011011111100110110010011111011001100110
0010111001001110110111101000101001001111
0001101101110011111010001110011111010100
1110101100001110110110110011011000111100
0011111100100010101110100000100110111010
0000110100000011001001000101101011101000
1000011101011110111010110000000001111110
1000110111101000010011010010001101110100
1011011001100111111110110001001110101010
0000110101100101110000100011111011010111
1010010100101111101101000011000000101001
0110001011000001100000000100001100100001
0000100110001010010110110111001101101001
0010010101010010110110011100110001010111
0000011000101001101110010100011011111010
0010010000001000000001111000111001010001
0100000100011001010001010001000001110001
0110000110101111100110111011101000111001
0101001111111101101011100011110001001101
0010010100000001100110010000101100011011
1100001110000100100010000001101110001111
1111001000101001011001000011000000110001
0101010110111100110001111000100011100110
1000010111010101111110111110010011010111
0011111100110011011110010010001001001111
1010010110011111101111011100101010010111
1000100011101110001000100111011001100010
0100110001101011100011001000101110111111
1001001100010110110000111000011001010111
1010110011110000011100011001001010010011
0000000110101111111110010000011010000100
0100110011001010110000100011010101111111
0000010011100110101101000000101111110011
1110001000011110100000001101100101000111
0010100010011110011001111010000001011000
1100011000000011110011000001010010010001
0110010000110101000100100111000100100010
1101011000011011100000011110010100100100
0001000011100101000001111010010111110000
0010010010101000101010000011001000010000
1101111101000001011111001000101011110011
1101010111110101110100000110111010101010
1100100101011010101000001011110110010111
0001000001010010111000110111000111011110
0001101110011001011110010000011111010101
0100010011010101011011111100100110110000
1111000010101111110010001000110001110001
1100110011100000100100101010000010101000
0000100011100110100000100011101000000001
1111110111110001110001010111011010010011
0110100011111110000111000101011011001111
0100100110011111000000100100101000001001
0100000011000100110010010011110011100000
0011100000111000101101011111000000000001
1000100100010011000000100111011110011011
0011101100010001111001001011101101010111
0101101000000100011110001111000110010001
1100100011001000010001011000011101011001
0100001011010100111110000011011101000110
0111011010100010010100101111010100010101
1001111111010100011101110101110000100110
0000010111011101111010100100101001000001
0001000101010110110010110001010110010101
1101010010101111100011001100111000000001
0110101010001000101001010010110100000100
0101000110011101011100100111111101011010
1000000101011110110101110011001111101100
0101111000001101101010100010010011001110
0100100111110100101111010111000010001110
1011010010110000011110010001110000001010
0000101110000001001100000100000001110101
0001001010111111001010001011101011101000
0011010101000000000101110000011000101111
0011100111001110111100001100111100011001
1000101100110111011100001010101000100101
0111101101010101101010000101000001110010
1110010011100111111011000100010111110011
0000101001000011111101110010111111110001
0100111101111010111011111110111111110001
1111111011011011100101100111110011011000
1100010111111011011110101011000101011010
1111110000100100011011000011010110010111
0000011101000100101011000101101100011011
1100111001111110110101001100110111011100
0011001101001001101000010100101001011000
1000101001000110011000101110100100100101
1111110011110010101001111011110011111111
1010001000001101100101110101100110011100
1111010110111110001000001111101111100101
1001100101111000000001111111110011010001
1110100110000101101000111110100110111011
1101101111010011111001101010110100101000
0110011000100101000001000101100101110000
0111110111011001011001011010111001011110
0100001111110101110100110010010100110010
0110110010010001000010110010001110011101
0101001100010101111111010111000100111100
1000000101101000011000011100110001100100
0110011111010101110110000000000010111001
1011100000000100111111010100110111000000
0010000111100000111010110001011110101100
0010010101001101111110010100010001010111
1010111001111011000110100011001010000101
1111001001111001100101001010001110000010
0110110000000110110010110111100101001001
0101110001110100111011010110100010111111
1110111010000001110111010110011110110101
1111101011101100000110101101101101111010
0010111101101111111101110100000000110111
1110101011100110111001110011010001110101
1000100100100110000110001011100101001110
0111010101001111001101101000100000111111
0111001001111001101010110001001101100110
0101011100011100100001001101011011000000
0000011000100000111100110011111100011000
1110000001110000110010010110010001001011
1000001000111001101011000000000001101000
1110001101100011100110000000010111010100
1101101100011110110101001100111100100010
0111001111100111010000101110101111000101
0110111111001101000100100000010110101000
1001100011101101000101011111110110111000
1000011010011111000001000110000100011010
0110001010000100111111001101110011001101
0001111010111000010011010000100111111100
1101011001001011101110110000110110100111
1110001110001011001100111000010100000100
1111011100010110100111001000100010111101
0000111000011000000001010001001101011111
0100000110101111101100101101011111000110
1001001010101010011001100111001000000011
1110111000110110010010101111110011010100
0001000101101000101100100110001100010101
0001111111110100100000010100100110011000
1111010001101010001110000001111111111011
0010010011001010010000000000001111000101
0000101001111101110110111011111000110010
0110010111101000100100101110000100100001
1011110011000010101010101011111101111011
1101101011011000010101000010111110000101
0110000011000000110001011101010101010000
1100111111111000001001000010101110000110
0100010010010011001111111101011101101111
0010010010100011111111001100101011100100
0000111110000111001001101011000110010111
0100110000111001101110110000100010110000
0010000001010011111000011111011110010110
1101111001000110011000110111111100010011
1011010010110000111000111000111111011000
1101100010110001001001011010110111000011
0100100001100000000100111110011101001001
1111000010111011000101000101100101011101
1111111001101001110001100111100001100011
0011001000001010110011101100111100111111
1100110000011110111111100110101011101100
0000001100111101101101101111010011010100
0111101001011010000111001001101110111100
1000010110001110110111111001101111100100
0110000111111010010111010110001110000101
1011111010001010100111110001000001100110
1100000101000010011000100100101000000100
1110011101110001011100111111000111000101
0110110000111010011111011101000101111011
1001010010010101110010111000110010001001
0000110010110100001111110100001000101110
1010000111000000110101010000001110111010
0000001101110000110101010011011010101100
0110101111110111000101111010010100001011
1111011111100001011111101111111010001001
1101001011001010111110011101010001001111
1100010101010001110100110011101011101000
0110011000001011111111111101000110101100
1111001010101001101101111010010110000011
1101010110100000100011110111110110000011
0111111010010101100001000101001110001100
0100100111000110010011001011111001001010
1001001011011111001101011001011101110001
0011011001011000001101001011110000100100
0101011001011110010110101010111011100000
1111110101011101011000001101001010110011
0001001110101000111001101111101101101000
1111110101000100101001101001101001111110
1111101011101101000110111011100111000001
0011000000111011000101100000110101011110
1010011010011000010001000100000100000000
0001101001010111100101101101100110100001
1011100100100011001010110100101010100111
1111000011100111100000010101001111000101
1001010011010101001110011011010011000100
1001001000111000000110101100001000011011
1111110001010101100110011111110000011110
0101000001100000001010011001110010111010
1101010001110100001010100000001011001110
0110110010110101101101101010111010101001
1100001111011011111011100101100101110101
1010110011100110111001000101111111010011
1101000101100011111101101110001111001100
0110110100111011011111001110101101100011
0000100101001100111010111101101110111101
1101111100011100011000111001010011111001
0101110111110101100010001111001100011001
1000110000011101000100011111101111000010
0010001111100101101001100001110100011110
1111011111000101101001100101110010100010
0000000111011011000001010010000010101010
1100000110001100001100100100011100101010
1010000100100011101110000001101010001101
0110100111000000001111100100000000011001
0011010111010001100110101101100111111001
0001110111001101000110101010010111110101
1010111011101000011101010101001011111110
0011010100011101001100100110110000000111
0001110101101110111111010000110110000100
1110110001011111111100111111110110100011
0000001101011001011100111001001101010111
0010101010000010111111010001001010010000
0111100101100011110011110101011011101011
1101001101011010101100010111010101010000
1011001010100000011000010101001000100110
1110000101111100101001011101010000110011
1001011110000011110110101100001010001011
0000010000100011010111110000110101101111
0100101000101111010011000011000100110011
1100100110110101101101011110001111100010
1000010101010010111000111010011000111100
1101010111010111101010010101011011001011
1001000101100101111000001011010010111011
1010100000110111000110001101111001010100
1010000110110100000001001110101011000011
1010011111001101001100011000111000011001
0010001110011001001100011110101011011100
1111100111011101001101000000110111101010
0000101110000100010001010010101111011110
1101000100100111111001000010010010101110
0100101111110110000011001010110101001010
1110110110111001101010001010001110100000
0000111010000011100001101011111011111110
1011110110111010011000100101011100110001
1101111111010111101110001011101010011101
0101000001111011111110011111110111000010
0010011010101010010101010101001110011110
1110101011110001101001010111110011011000
1111010000010111010110101101000101000010
1011110011100101111101000100000111100000
1001010000101100010100101011111010110111
0010000101001100100010010011100111101011
0101101000001011001010110011100001100101
1100111000011010010101100000010000110001
0100011111011110110100100110100110001001
1100010011101101101000000110111001110111
0010100110110111110011010111100100011101
1111101011011000011001101111111010101011
1010001011111111100100101101010001110100
0111010011000001110100111000001000001010
1001111110011101001011000111001110010100
1000100100111101100010010001000110101111
1010010010010101000110000010100010011110
0010000101011110101010000101000010111001
1110111101110100101100101001101000101101
1011110101101101111110000100011111010111
1000110111111010110101100000010101111111
1001101001001000000001100001111000101101
0111100110001000101110001001111011111001
0011001011000010101111101100111111011011
1011101100000110011100110000101000100011
1101101000111010101111111111001100011100
1100101110110010101010001010001000110001
1100101100101000010111001110101111001011
0111110100111111001011010100011000001001
0010010000010000101011001001010000111000
1110001101011001110111010101110101100111
1010100110100110010000010000001000001101
1011111011111000100111100101010110110001
1101110101111100000111110011101110001010
1011111001011010100111110010010011111000
0111001111000010001001101001011010011100
0100111101110110000110000010000101101101
1001000010011001100010101101110110100010
0000101110001011011101011110010001100101
0010001101100100011111011110010011100101
1111010111010100010100110001110011111010
0110011100111010011101001100110010100011
0010101100100111111000110010100000000001
1011100000111100101111000111010111011011
0001110000011101100111111001000101100010
1111110110001011011100001000001110010001
1001111100000110101011110001101001010000
1001001110100011001011110111100111100010
1010001010010101011011101101011011100011
0000000011111011100110110000100111100101
0011111000111111111011111010110100101101
1111001000100101110111001111000010010010
1000101111011101101111010000000010100011
1101011010010000100111010100000010110100
0100010100101111100011001011010110010010
0101111100111011001100010000000100010111
1110111101011001010001000001100001110000
0101111100110010001111100100101111011001
0001000110000100100111100101010101001111
1010100111011000010100000000011011001011
1010100001010100011110010110010101010011
1110011110101101000000100011000011001101
1001011101001100100110011100011101110011
1100111011011000010000011101111001110000
0111110110110100001101101011011100100010
1011001110010010101001011011001011000110
0011011010010111010011110111110000001101
1011110101011010000101111100011000100101
1100110100101000101111010010011101111101
1100111000000010011111100000011111010110
0001100100110010001101110111011010111000
1110111101110011000001100101101001100100
1001010110101101100011000110010111010100
0111000101111111100001110000110010010100
0000111100000011110101101111101001100111
0110101101111000101110111111001010101001
0001110101111001010100011111111000110001
1100000000000110010110110001010111110100
1111101110100011111011110100100000001000
1110110101101111010111000100100111000000
0011110000000110011110100101000010011000
1100111101111101100100100110101111111100
0010000100011110010001101011111011000001
0001001011011100110000011001100111010001
0001011011010101110100101111100011011101
0010010010110111101000000111110100011000
0011011100010001110000100010010110011010
0010000100010010001100011000011010001011
0100000001010001101001001000010000100010
1111101100000110100000101010111000101011
0100011111010111100110101101100001111101
0111101010100111001000100100110100110100
0110100110001101000100110111001001010011
1101010010101001011111000110010110001010
0000110000110010001000110110000111010011
1110111110011101101010010111111000111100
0101011110111100111001011111110000001111
0110111010011101010011100101001100101110
0000010111010001101010101000010101000011
1100001110001011101110000001111111000110
1010111001010111000010101011011100110001
1001100110101111101000010110101111011011
0011101000101101101101000110101111000101
1010001101111101101011101101100110101001
0111000110010111101010000010111111001011
0000101011100101110100100011101011001111
1101110110111011101010110001001110011011
1101100011111011001010010110011111111000
0111111110101101011011100111110101000011
1100000100101001001011001011100101011110
1101010111111011011010110110001101101101
0010111100010011110000100011000001001001
0111000000110101100001110000110011000000
0101100010010111010111111011011110010100
1000111101110101100001001010100101001111
0110111000101110101101100010110010000100
0001111010100000001000001110001001100001
1110010001100100010110101110101001000100
1011000011011010110010001000100101000010
0011011101011000000110111111000100101001
0010101001000001110011001110101010111011
1100000000101100001010110101010000101110
0010101101111001111110111000111001110100
0101011101001101101111111100011110010001
0010111000011010000001001000000000001110
