40 511
1001000010100010101011101010001110111110
0011100111011110001100100010011111111111
1111001010100000111100000100111010111001
0111111000000010101000110110110001000101
1000111010110110100101101000111011011110
0011100110001101111111010011100100100100
0001111100101011100110111110010001111001
1111111010111011010010010010101010101001
0000111110100010001100011001110010111001
1110010110001110011000001000111011111100
0010110101001100010111111110010101110001
1010110100010000001001000100110101000011
1001001000100100001111111100001000000000
1001101101010010110101000101011110011110
1101111011000010000101000000111010111001
0110100001101111100101001111111001100100
0010010110111101110011101111010111001110
1001110101110000111101010000100001101001
1000100000101111001001101000101100110000
1000101111110111000000110100000010000000
1101000110010011000100000110101001101100
0001000011111000110000010001101010110001
0011000000100111110101101011011111100000
0000101101011110001110000001110101001100
0111110001000001011100110011100110000100
0111111001101011111000000001001100101111
0010001100011101001001101111101011010101
0000011101110011110001100001110101010010
1000110101101100100111000101110111001101
0111110011001111010101110110110000110100
1110111001010001101100100000111001110111
0110110110100011101111001110010110000100
1011000000001100001001110101000111001111
0101100001100111100101101001100110000010
1010011000100100011111101010001101011010
1110001110110001010000101100100111111010
0011101011110001010111101010100101101010
1010000000101001001101010111100011110111
0000001101110100011110010101111111011000
1000111010011010000001000101111011001011
0011000101010001110110001111011010000010
1011100111011111010110001111100001011111
1010010001111001100111001101111000011001
0001001000100100111000001011101011000001
1101100010000011000100110000100001001000
0111011000000001011001011011101000000100
1100111001110000101100100000110110111011
1001100101101001100101110010111111000011
1110100111011000110001000111001101111010
0101000100100000110000000001111101010101
0101000110100001110100011000101000010101
0011100100111001011011001011100100010111
0101001000111100011011110010101000011011
0010111010011101100010101001000110111000
1010001011110001111100000001101000010100
1110100001001000011100101100011110101010
0000101110110101010111110011001001101110
0100001011000010100101101110001000101000
0111010010111000000110101011001100110101
1100100011010001101011100010010000101011
1000100101100000100001100101101101110101
1010011010000000001100001110000100100000
1100010100001110110100110101101000101010
0000010100111000110001100001110011111000
1000010011011001011101000011000100101011
1010111101001010110111010101111101010011
0011110110001011000001101111110011100001
1100010000011011100111000111011101001100
0011010000000010010010100010001110100001
0101000101011010110110110010000000010010
1011111100101011111000100001011110100000
0101101000011010101110011011001011110010
0001101011101001000011001000001101001100
1110010011011111000110010011011010100100
0010001111010010011011010011100010101010
1111101101000100100101011001001001000111
0001011010000010111001011101111111110000
1101110100101010110010101011001110111101
1110010111101110000110101101111001111100
0101010011110001010100110000110000000111
1011111111010011001111100010011001100001
0001010011010011110100100110111100100000
1011011111101000101010100101001000111001
1000010001010111010111111100110001001011
0110100101010111010000111110101111010000
0110011110001101011001000000111001011001
0110110100010101001100001100101010101010
0100011000111011010111010111011000011001
0000011110001000110111011000111101111100
0000011100101101111101100110111110100000
1010101100111111100111010001110011001100
1101101010001111111110100000101100101110
1111001001101100011100100110100100110110
1001001100111110110010110001011100000011
1100001001100100010101000111000001011010
0000001010110111010100100110101111010100
1001110010011010101101110001100111010111
0100100100110101101001101000011011011111
1111100011100111010011001101001100001010
1100010110110100010100110001101100010001
0001010111101110101110101111101010011011
1111011011101000111010011001001101011101
1011100100000000101001010111101001110000
0101000000000001010111001111111000110001
0100100111000010000011101101101011101000
0101110010000001000001001100000001100001
1000011000101000101110001101001010110110
0010100000001000111110010100110001110010
0010101010111110110101000011110001001010
1010000001010101001010100000111001101110
1100111100010101011100000111110110011000
0110001111001100001101001110000011101100
1111001000100011010111000101000011001111
0011101101011111110011001000100011001100
1100111110110110010011010100111011000000
0100011010101100001100001111100100001010
1001100111000010100010011001110001110110
1010100010001111010001010000110111111001
1001101010111000010101110010110001010101
0001101010001000110110010000001010101001
0000010110110110000100001101000010001010
1011101001110001110111001001011101111000
0100001010000111000010111001111111101110
0111000110010100001111011100011011000011
0101101000011110000110000110000100110000
1000111101010011000001110100111110100110
0001101110011010011110001000011110000111
0101011010001011001110010000100100101101
1000100110000100111000001101100100111111
1100010110011000010010110000100100110001
0100111011000001000000010001110101001110
0100010011111001010010111101000010011001
1010011010101010111100110101100110010011
0000100100000100110000100000001111100110
0011111000010010001011110110011110100000
1011001000111110100011111100010110000001
0110010110011001000000010110000001111111
0101000100011011100100000110100001000001
1010100110110010000001100111000011011000
1010101001000010111101010001111110111100
1100001000111011100010000000000001111101
1000111010111101011100011111101000111011
0110010001010101110001101000100010100011
0000100111011001110011111111100100000110
0100101000100010010001011001111001111100
0001000110000110111111010110111101110011
0010111101010010101100100110001100111111
1100010001011111100000110100111000001000
1101011010101100111010101100011000001100
0010011111001001010111111010111010100110
0100101110111011101110111110100011101111
0110101010110111011010100010111100101111
1101001110000001110111010111111010001111
1110001101110001001111101100111001101111
1000010001011111011010111011011001111000
1101100010100101101100010110101100001110
1101000011110101001100001110101010101001
1100101001011110100010101000010111101111
1110011110101011111110100101011010001000
1010000111010101011101001110010011101110
0001101111111101000000000010100100000111
0101011010100011111010001010011101100110
1101100101011011100100100011110010110011
0101101100010101010010110111011010001000
1010011010110001011010100110101011010101
1011111011010111011011101101011101110110
0011010011011001010110101000101110110100
0001001111100010011010011110101100111000
0001000101011010011011111110110110101011
0111101001111100110100010001001010010001
1010000001101001001110011000001001100001
0001110111111111001000001111111010010000
1011011011001000011001011011101101111000
0111100100100011100110101101111000101100
0111000110100100100110111100001010110100
0000100110011001011101001110111001011000
0111001100011000110111010011001010001011
1011111100101001101111101010101100101010
0001010011000001011111011111001000011110
1110000010110000001010100001011000110101
1001010101110011000100100001100110000101
1101011100000011000101000010000001010010
0100110100101100111010110101100000110111
0011000001111010101001110101011111001100
0011100001011000110111100110101011100100
0100010100011000000110111101101010001000
0101010111011000111001100000101101000011
1111000010010000110010010011001110110100
1110000010101001101100111111111001101001
0000100110100011010001110000010000010001
1101100111111100110000001111000100010001
1011101010010000011011011111110111001010
0010110100100010100000000001110000110011
1101100011111101000000000010001101101001
1100010100000011011110010001100001000101
1101001001100011101011100011101011011000
0111011111000011001001010011111100011110
1000101001111001011111010010111011111010
1100000010111100010100101001101111000010
0001111001111000111110111111110111011101
1001000100010010111001001001100101000000
1001000101001010011011111000001111110110
0101001110100100010111111010110110000011
0000101110001111111001110011100011110100
0110011111011011000111011000110111001110
0100111011000100101001010101011110110100
0000111110101100101100010100011101001110
0011000011010011101101101000100100100001
0010110110001000101001011111110010100001
0100100110111000110011111011101100010010
1101101101010001111101111110101011010100
0100110100101010100010111011000001011100
0000110111011000000110011110011101111101
1111010000100101100001100101010011100010
0011101110100101010001010100111011101000
0011011100010101000111011010011000011010
0111010000001100001001110011011100000101
1110111000100011000010001110111110100001
0110100010001001011110101000100011011110
0001110001101010001100011000100100010001
0101110100100111010101001100010010100011
1011101110110011110000000001111010110100
0101000101111101101101001101100111101010
0101111101001000000111010000001100011010
0100110110100000010011010100100100001111
1011001110000111110010010011010001101001
0000110101010011100000011011010010011000
1101010011111100100111000100001111110001
1101011011000001000111011001000010110011
0101000010011001000001110100100001111110
0100110010001011110110011101101110110001
1010100111001010010011011011111111110011
1010010101110100111011101010110111100011
1000101010111100000011000001101110010010
0110000001100100111001100010000010000001
1111101011110001010011110111010110110110
1110110000000110110000010111110101100001
1110001101000101100011010011010011110111
1011010111110100100100000011101000010011
0101100001001100111001010111011110010110
0000000000011111100100010000111000110100
0101010011000100110111000010001010011100
0011000101010100011100001010101111001010
1110010110110111100110101001001110000001
1010111000001000011101011100001100100001
1010101000110101100010110110000111000101
0101110110101011010101000011110010001000
1110100010010011001010011100101001101100
0011010001110010100010110011001100001110
1000111011000010011011111101111101111000
0011010100001001001001111110100001011011
0100001001011011101111101111101101101001
0110010011010000000001001011101100101001
1001110101101101010011001001000111101011
0101111000000100000101000100111010100101
1111011000001001010011101100111101111010
1101001010011010000000111101001011100101
1011001111000000001101010101110010000110
1011100110010000100010110000111100001000
1111011111100100011011110101101111100000
1000110001010000001010001111000111111110
0000110101111111110011101000011111111001
1010010000110101110100011001011011110101
0111110101110011001001111001110111001000
0101011010010111010101010111000111110010
1101000100011111111111001010100001110011
0110100101000110101000111000011011100000
1101101000001101100010110110000011010100
0011110010100101111111111010000001011100
1101001000011001011010111011000110111001
0010011011110111000101101010111011011010
1001100111000000010011000001010110101100
1111100111111111111110100001001100110011
0010011011100101110010011110101110100111
1110110010011011100010010010000111111101
0010100110111001110001110001011001011001
1010001110000010010001111101110001001101
0110100111001111111000111100110001100001
0010010111011110001010010111011100000101
1011100110100000000100001101000000110001
1110111100101000110101101010000000110110
1110100011110100111110110110001101001110
0111100000000011101111010000100011010011
0110111100010111000110001000100010110100
0000100111110010111110101001010001111111
1111010010000110101011100101001101010111
0100101000100000001000010100000000111010
1100000101101001110010000011101000100000
1100100011010011000101111101111010101010
0101101101100111010011001001001101010101
1001010000011011110001001011100011100000
0110011100011110010110010000001100110100
1100010010011011101101001001001100001110
0011100011111101110000001101000010101001
0001100111110101100101000101100100010010
1001101101101100100001011110100111001010
0100101111010111111110000111110111001000
0010101101001001000101101001010010000100
0101011100101110100010111101101010010111
0100100110111101010110111001110101010110
0101000110010101000000100000000000100100
0011111110000111101110000000000001101010
0110111111111101110111110011010111001101
0110101001111001001111110110110000000011
0111110011001001110111000001100010101010
0110010001111000010001100000010010001101
0000001011101101010101111010011100011110
1111101000010110011110111101110111001000
1000101111111111100111011110101100111111
1110010010011101001011001011000010000010
1000011001000011110000111111111101000111
0100100101101111000111010000111001010100
0011111011010001000111001101001011111001
1100011000001000100000110000010010101101
1011101111100101000001110111000011001001
0001100101100101111001010110110110110011
1010010100011010110000101011011111110011
0000010010010111100110101101110100001111
1100001001010110111001101010110111010111
1110100000101000011100011101001100011000
1111100111011110101011000000101110011010
0011001001010110101001110011111001100000
1011011100010011000000001010010011111101
1010110100000110101110001110110100100110
1001100010011000010100100011011011111100
0100000101110010101110110100111111011010
1011100111010010110111001110101111110010
0100011001000000100111111110110110110100
0111100001011001011110111000001010001000
0001011110001101101101111101110011110101
1100101000101011011000110010001001110100
1110001011111101110010011100000100111101
0110101000110000101110010100111010111000
0100010001001111100000010101011000110101
0000010000111001111000110110100101001111
0010010100111010101011010011101000111010
1100100010100110110010010110110010011111
1011100111011111100011100000000101110100
1011001010100111111000011000010100101010
1101000011011111000000100001001011101111
1011101110111011110110101111110001010101
1100000011100100100010101110101001011111
0100100011101110100111001101101100101001
1011101101011111011110110110000001000111
0000101100000011011101101111001001000000
0000101100001010011101000100010101001101
1110111001100000010111000000001001110100
1101101000110011101100000001100100110000
0101000101010111110010000111001011110010
0010110111000010111101000000010111011001
1000011110011101101000101101010000110101
1000100000011111010111001100010100100010
1101101100010111100101111000001000001001
0000001101111010000110101010000001111110
0000011110010111100111101100000110110001
0101101011111100000001011010110010101110
1100101011001110110110101100001011010010
1111000110101010100001000101010101110101
0100111101010001100111101111000010101010
1111001101100101101101110100100110000010
1001110100110011100100101110011011100001
0011101011010010011100100001101111101100
1000001001100000000001110111111001000010
1001100010010110111000101001101011011011
0110010001110100101000100100101101110110
1111010000011100011000100000110001000100
1000100010010110100011111110111111100001
1010110111011001011011011100110100010110
1011011010100111110010001101101000000010
1000101110111111100100011000110101101011
1110101011010011010110111010111100001101
1101100110010000100011110001110000011011
1101100010001101001010011000100100101100
1001000000100011100100010101101010011010
1000101000101000100111001101001000000100
1111000100001101111000101000110100111111
1000111000001011001110101111100001010110
1010000100010101101110101110100000100100
1011010100000110100110011010110101111111
0111001011001001010001100100001110110110
0000110001010010010110110110011000010111
1000100101111011010000011000011101011111
1100101110010000001100101011000101010010
0010011111010010010001011011101010110000
1011101001011001010110110011001001111000
1010011101010101101011001111100011101100
1011111010100110001110010010001110000110
0010001010100110001011111100100011010011
1111001111001001010101001010000000101011
0011011101010001100101101010100100010001
1111110010010110001010110101111011001010
1111010011000111000000111101011001010001
0111010101001110010110001110101101110101
1110100001101100100111011011010010100011
1101110110001001011110111010100011111000
0100011100101010110011101111101011110000
0010100100011101110101011110010010001101
1001010110010100101111111000010010000010
0111000010101110010000010101111010001001
0101110010000111101000100101000000011111
1000011011101000101110101011100101000111
0011010000111010000010100011000011111111
0110110001111010001101111110010011001111
1000111101001010100111010100000110110011
0111011110110010101100001010001010110011
0010011111100101000001010100001000010111
1100110100110000101001000111110011011100
0100101111111001010000111001010110000101
0001110010101111010100111001001010001011
0010001111100101000001101110101010011111
0001101001100010100010111000011111001010
0101110001111110100100010111101110011001
1110110000011001111001110011110010000110
1110111001000010000011110101001001001100
0010001101111100000111110111101010001000
1010110111110000000011011111100110010101
1111001111000110011101101100001000001010
1100010111101100100110100110010000010110
1000101011111000111011011010100010100001
0100011010101110110011110111011010101110
1000110000101101011000000100101101011011
1111001010110001100111110100000101110100
0000010010100111011000101111100001011100
0111010110000111010110100000011110100010
1010000111001000100111101000110000010011
1110100100000000000001111011100001011000
1110111111010000000011111011110110010011
0000011111001000100111100000011111001111
1001100000011011001100101001001111110000
0011011000001011110110110110110100011001
1111011010000000110001100110111010001111
1100101100000111100110111000001100000010
0100101011110100010000110110111100011101
0110111000000001100011001001010001100111
1100101010011001010110101000110001001100
1001011001011000000000010000101001110111
0101001110101010110110100100111000010000
0010010101001001101001000011101110011011
0100110011010011000001010000000100110100
1011100011100010100010111010010010011101
1110101010010010101111001111101000100011
1110111101100000000000000110101100010010
1011110000100011011100000011110010001010
0000100111000100101110100110110001001010
0010101110000101010110000010101111110110
0010001001101010110001011010010101000110
1101100100000000111101100000101000111010
0100000001111100011111101110101100001010
1100001001100001000001001101000101110000
0110110011100100011011011010010101101000
1110111001101010100111001110100010110001
1100101001110011110101110010011110100111
0011011001000110001101000011011001000100
1011010001001011000011111100110111011100
0001110011010110010011001111001110101010
0100011001001101000110101001101001111011
1010101110011111111001101010011001110000
0000100111011101110110000001111011000100
0010110110100111001011011010010100011011
0100100101111001110111110111000011110000
1000101000010110010101000101100101100111
1111011101100011111001100101000001011111
0111110001001000101111001111010011001010
1000010011101000100111011011111110110010
1000000100000101110000100110100000111000
0100011011010101000111100101110001000111
1000110100010011010100001001110000100011
1011011011101111001000010001111110110010
1101000001000111010010011100001110000001
1111010100100001101010011011111110000000
1101001010111100010010110001010011000111
0000011110011111111111100000011111101001
0100010101101001110111101000011111101110
0001111101010010111011001101000101000100
0001101110011001011101000011110000111000
0010101001010010101001011011010010100101
0010010101001010010111101000100001100001
1111010011111110011100001111110001001110
0010001110011101111011110101011111100100
0011001000111100100000111101110100111001
1100000000100100000110001000110101001100
1001000000101111101110001100111111011100
0010011000001100110111000000001011101111
1111010110011111011001111000100110110011
0100010100001111111110001010010010101001
0111000111100011110000010000100110000010
0001011001101111111001101111111010111011
1000001101001001001011011101111101100011
1011110000001001110000011011010001101101
0100111110000010111001110101111001011001
0110010010101000001111011100100010110011
0001001110101001100010001001011011011110
0111111010110010100111000100000111101011
1110111101000110111000011100101000101011
0001001110000100111000100100001010000010
0100110100001001001010110010101101011100
1100001110000010110101100010110001100101
0111000011000111101110011101100101110000
1111101111010101000001111011111010011011
0010001111101011010011011100100011010011
0100011000000110110010011001000110011010
0010101011110101010100001010111101010101
0100010001111010100011110001100101111001
0110111100001001010000010000111011010101
0100101001101010110011011001111111001001
0101101100000100000101101000111101011000
0001111100110001001011111110100010000110
1101101001001110011111011011100100001000
0000011011011010111111011010110101001100
0000111010000110000110100001101111111010
1001010101110001000101111010011101011100
