40 511
1001010101011001100101001001110001110111
0011110111111001110010101001111000010000
0111011110100001101000100100000110000010
0111000010000010101000110101111100110001
1101111001000001100000001111001000100011
1000100100110101110100001011111010000010
0100010111000100111110011001110100011010
0011101000100000110000111110101000101101
1001010010101011110110001001110000000111
1010101001100110111001000000100111011010
0000101000001101011110010111011100000110
1110010100011110101100100101011110010100
0101110010101001011001011011101101110110
1111001100000000010010000100100110001001
1100110000011011001011100110100001100111
0000111100000101000110100111111011110101
1000001000110110101100100000100111111000
1111100000010011110101000101001001110010
1110111111001000010001011000111110100100
0001100100101111111011110111111100011101
0111001101100000011110100000100110111010
0100101000001001000101001011001100001011
0001100001011101000000011111011001001000
0000001010100110001011000000010001011010
0011100011011111100001001101001000111000
1100000111000000011011010100111000101000
1010101001001101110111011011000110110001
0011101000110111010000000101101101101110
1100111010111101111011010110100000010000
0000101001110000111011000100011111010011
0100011101110010101001010010110011000110
0100111010010111000101000100000010101101
0010011100010111100011110111100010001001
0001000010000100101001100001010010010001
1011011101010111001011010000101001001011
1000110011111110000001010100000010001001
0011011010000010011100100110001001110000
0100001001101011000111101010010001101111
0001000110000100111110110011011011100001
0000101001101101100000100011110001001011
1101110111110100000010001101000011110111
0110111110000100111100001110011101011100
0000010100000011101010101111111011001000
1100110011110000011101011100100011010001
0111011100111000010110110100001101110110
1110100101100110001000110001010010111011
1011111110000111001101011001101101011010
0101001100001000110110011101111000000001
0110110110011000101111100100100000010011
1101011011000111110011101010100011000100
1100011100010101010010001111111101011110
1101011000101001011000001010010110110000
1001110101000100010011010001100000110100
1100001110111010111101010100100100000000
0011110011010101100000110100111011111110
1000111000011010101010000101111111001011
1101011000011001011100111110111011101110
0101100010101100101110011001010011110100
1101110010010101100000111010000111111100
0011111101110100111001011000010100001101
1101111101100000011001011101110111010101
1111000110010110110000100110000010000010
1000010001111000100010010001001000001111
0100000000110000110000100111110100010110
1000000110110001110011101010001111000011
0000011111101101011111000001100000101101
0111011100001011011111000010111110101010
0100001100111010101100011111110111000100
1000111110001010001010000101001111101000
0000001000011111110010010110001111000000
0010011100010100100000111011011001101100
1110101010011101101000111010010000010011
0010111010011110010011101101110001101000
1001001011110110010001000111110010001010
0101101101001100110110001010010011111001
1001001000001010110101100000000110100010
0010010011010110011000011100001111001011
1010000011001000010111110010000001110000
1110111011001001010000010101101001100100
1110110000011110101010000100010101000000
1001010000100001101111001101101011110111
0010100011010101010000110011011111011011
1010110100100000110110100000100101101100
0001000011001001111011111010011110111001
1100011101111110011011001100010111001111
0001101111011111010111000101011011001010
0011110101010101110101101100001101010000
0111110101101001000010110000001000100110
1111111111010110100010011010100100000011
0010101110100111101100011101100000010111
1101000111010110100001101011110111010100
1111100110011111111010011000100110101101
0110010010111110010111110110110110000101
1001111111101011000111110011111001000100
1100101111111111100111001001110101111010
1111001111101111101011010011000101101111
1010011101010110111111000111011001101010
0010011111111111110000111111000111001101
1011010010101111101101100101000101001000
1010110101000111111110111001110000110000
0010001110110101010101110100101111000001
0110100111101001110111010111011000100110
0001111011110110010001111001111000011111
0011010110100101100001000001101010101101
1000100111110011100101110110000110111110
1101110110111111110000100100011101101000
0110010010001001001010101100010001100010
0001100101111001000011110100100010011101
0011011011001100101000010100101111011011
1110100011111101011101011101010010011110
0011001100010011010100010011100110011001
1101001110011001111001110110111100011111
0111110110001110110001110011100010011011
1011100101011011010110010010011001001010
0011111101001100010001010011010011101000
0111111111110001000001100001010100011101
0011001010001101111100101100100010100100
1011111000101011001001101000110100111111
0110110000010100101000110101101100101011
0110101010000010011011101111101010110100
0101111011101100000100101110010011011001
1000000101111000110110100100011111101100
1111110110011000110000101111010010010101
0011110110011101000110101000001000010110
0010111000011010010101010101011011010101
0100111110011100101010011010010011001111
0101110110000010100011000011101111111001
1011110111010110100010101011000000010110
0011101111101111111100110111101111101001
1110110001010100100111010100110001000010
0111011011101111100111100011111011000010
1011001011000111101001111111100100101110
0001111100101011011100011110101111101100
1111100001000001011001100000101000010000
0100010100110100011000110111001011100001
0011001011010010110011010101110111001000
0000101111100110111100000010101110100001
1010011101010011111110000110101110011010
1101011100010111111111000000001010001010
1011010101011110000100011000010000100011
1011000110110001110000111100011110101111
1100100010111110100010001000101000111010
1000110111000100000000111011000100100100
1101100111000101111111000000111001111001
1100111111101110000011100000111111111100
0100111001111100101001100100011010100000
0110010001011000010011001101010010101010
0010111001011001111000000000001001011111
1111011111010000010000101011011111101011
1100111111110010110110100111010010011101
0100101000001100011001101111001100011110
1110010111101000000111001010101111010110
1001101001000111011101101111100000001010
1101100001111000111000011111011010110100
1101100001101111010010100000100110001100
1010110001101110110010111100110101100101
0100001001001101111011011101010111100111
1011100001010011111101111101011000010001
0010100011000001011010000001011100010101
0001011110011110001010100011011101110000
0001111001111101111110111111011001111010
0011011101100011010100010110010100001100
0101011101110111010010011001010101111001
1001100101101010111001010101001100101101
1000110110000011010011101111000100011111
0000100011000110001000101101111000111010
1010101100100101101001011101010010100000
0111010000001001010001100100000000011111
0011110000011010010010111110010110000010
0010111101101100111110110101010001010110
0000111001001011010000001001111101100100
0101101110101100111011010011011000010111
1101001100001101001100001111101001010010
1011000010110010000001010000111011100001
1010111100110101111110000110111011010101
1001010001101101001100101000110111010100
1011000011101111100110000001001010000011
0001011111110110001001001001010101111011
0010100101101001000011111001001101001100
0011101001000111110110011101100100111000
0010100101011100011000110010101110001001
1001011011111111001000101100011100001001
0010111010100110001111010011000001000001
0000000011011101001110000000001100110011
1111011010110100101000011010011110011111
1101100001101001010010000101110100001111
1001010001110111000101101010110101101111
0011110100011001010010011001100011101010
1011111010000010111001101100010011011001
1010001001110100001101100011010000000111
1010110101010001111011001011111110001001
1101010101001010001000011100011100110100
1000011110000100010111100011100100010111
1001001111110000101000000110000000000010
0100110010010101000110000101010001101111
1100001000111100011110110111001110000001
0001011000011010100000111000000111010110
1101100110110001010001010100010001100100
0011010101111001100100110100110110101101
1101100010101011101011111100000101011011
1101101111000111100000011100111101000110
0111011001000101010101110110010111101111
0111000100010000111011111011000111011110
1010011110101110001010011010101100011000
1110011110001001011011010000100011010011
0000000110001011000110111010101000001010
1001111110101111110010110100110000100011
0011100111110110001111000011110101011011
1111010000000100101111001100110110010111
0000111101100010000101100110000010011011
1011101100110001000010000010010011010011
0101010010000011000000000001110111110011
1000110111010010001011011110111010000010
1001110001101111001001010110110100100101
1101100101100100000101101011101110110001
0100110010100000101101100011001110110100
0111101010011110000111111010001101101101
0101100100011011110011010100111011011111
1110110000011010110100011011000100011000
1001100110110100001111100010110110011011
0011101111110011011100101000111000011101
0000101011111010111010100101101100011111
1111100100111001000011010100110110100011
0001111110001011011001000000111110100111
0101010001110101010011001001110000100011
1000100010011010011000111101100110110100
0111011011000101101100001110001001011111
0001000101101110011010111001010011000100
0010011000111111110011101000111000010010
0011001000000100100001001000010101111000
0101000000011110111010011000000001011101
0110010110110011101101011011000010111011
0011100001011001000101011110110111000110
0000010001010000011101110101110011010000
0001111010011000111011010001000111100101
1101111010110011000111010001101111001001
0010001001110010001111010000000101110011
0100101101111000010101101111101000001111
0101011001011010110011100011000111011001
0100010010010000111111000111000111010100
1100000111101010010000010010000110010010
0101011001111010010110001101111010110011
1000100100001000110010001011011000101000
1100011010100100011011110000111110100111
0011110011101010111111101010010011110011
0101000010110100000110000000100100111011
0011101110001100010001110001111111000111
0011101100100100011110011110110010011100
1001000110000001001100001011110111100100
0001000010100100101010111110100100000101
0000101010111000000111110001111110111110
0011101110001000010010011011011101010001
1011110000110000100110011000001100100110
1101001111011010000111111101011100110011
0101100110110000000101000010111000000010
1111110001011010100100100010000111101111
0111111111100000001100110100100111111000
1010000001011010011110000011011111111101
0101011010001001110011111011010010010100
0010010100010111101100000011011011101010
1010111010011000110011110111110010011001
1010101011000100011110001100011000011000
1001000111001011010001001110100100100110
1101000110111011011001001010100011000101
1011000010011001111110101000100101111111
0111111010111100001000001011010011100010
1111100001010111110110010011011100111100
1100011000011001010100111101101000000101
1000010101001110100000011011101100001110
1010110010000111011111100001111010101110
1001110111110110011111110101001010011110
1111010011110000110110110110000010000011
1101101011100000111000011100011000001000
1000101011000101001011011111100111111101
0011100101001001100110011100110010011011
1110010110001100101100111111010001011101
0111001010101100011100001001100000110101
1001100000111011001111110111111101011011
0101111000011101101000110111000010011000
1000110011111110110111011101111000010110
0001011110110101000100100011010111000010
1000100111011100110111010101000010001010
1100101001010110101100100010011001010001
1100111100101100110011000100111101000101
1101000110000110000011001001010010101000
0110001011100001100000001011011000010010
0010011101000111010011010100001010011101
1101110100100010110101010000001000101101
0111110110001001111110001100101110110001
0010010000111111000110100000101110001010
0101110111010000000111100010101001110110
1101010000110100001000101001110011011010
1101100111101011100011100011101010110000
1111010110110110000111001000001111000111
0010000000011010000001100001010101011000
0110010111111111011000100101000101010101
1010110101010011011110000110100000001100
0011001010000000010011010010000010011111
1011001101101010101010001011110101010110
0000101110111010110110100001100100010101
0101100101001001011001111100110011110110
1111000001101001001010111100111101101100
1001100010110010100001000001100111111010
0000110001001101100100111110001110001011
1000101101011111011111011100000011011011
0001010101011000110101100110000110011100
1010010100011100000010000010010101100011
1001100100011101110101110000110111100011
0101110001000100100011011101010011010100
0011010111010000100000001110010111101001
1110111010111110010111010110010101111001
0000110100011100001100000011011010010100
0000100100101111001011011010110011111100
1111000011011000001010110011010011100110
0001010000101011010011011011101011011110
0111110101011011011000111100101101110011
1110011101001101000111000010011000010101
0000110001100000100011110100001101010100
1011011010001001010010010011100110100101
0111111010000010101110101010110001101111
1101001010000000001011001101111010110111
0000010011010101101101110100111000011011
0000111010001011100011001110011011000011
0110010011010011110001001111001011110001
1010011000011111000100110111111011010001
0001100011110000101010111001111101001110
1010001001111100011011011000100011101110
0011100100011100110110010010111010000010
0110110101000100110110001111101011110001
0100100100011101010001111000010000111101
1010110001010011000111101100001100000011
1100101101001101010010011010001100101001
1101001111001101110000001000010011000101
0011000101110011010011011101001001011111
0100110110100001000010011101110011010010
1111000011001000110001010100000110001110
1011111010110101110011100000110010001110
1111100001110001011100100100000010100001
1111011110100110111100100000100111000010
0101110111001110101111101111010100111101
0010100010011111110100011010010010110100
0110100001111010101100011001101110011001
0111011011000111110001100011011101111001
1011110010101110010000100001111000111011
1010000010011001101010110001011111100000
0111111111100101000100000111010111100000
0010111001100000111100101001101000011100
1000010010010101111010101001011001010010
0011000000000001001101100100100001011011
0111000111011010110011001101001101010110
1000111101100000001111011010110100000110
1011101001010001101110010111010010111001
1110101111101110111011100100011111101101
1000011111001100110011010011101011001011
1010010111110101110000001111010001110001
1101101010011110111101111010001111000100
1111000100010001001100000011011110101000
1111000111000000000011001001100011011110
1000000010100010111011010001001000111100
0101000000111100100011110001010110111110
0001110111001000111001110000110001100110
0010001101100010110111010101111001010111
1000101110110100010010010011011000000010
0100000001000011101001011100011111110010
0001110100111000000011101110001100000100
1010010011101010000001011100001001101001
0001000010001111110001100100011111000101
1110110100001111110010000110100110110010
1001001111001000000111101000010000010100
1100000100101011100010101000011110100000
0011000101010001101010101001011100001101
0111100111111100001110000011011110101011
0010110010001110111000000110110011011000
0000110011111000101110100010100101100101
1111111001110101011000010001010010011110
1111000111111101011111011111000100110101
1101011110101100000100111010000110111000
0010111111100011000110111010111010100000
1000000110001001110011101110010110101101
1111010010000010110001111000010011100111
1111101001001011001100001101011001011011
0100001011100011011000101101110000101000
0111111100100010011010101011101010110010
0000000100101011011111101000110011110010
1000110101010010000000000000000001100101
0010000010100101100000101100110101011111
1001001101010000000010100010101111110110
1100111010100101001110011110001100001010
1100001001001111010000010100111101101000
1001010011000101111010011101110011010111
1111011011000000000100000110011011110000
1110000010101110011100011001100110101001
0011101100101000001000011100011010101010
1101111000000111111100110111001110011111
1111111010100011010100000011111100111000
0000011000111001010101000110011010000000
1011111000001101100001110110001011100010
0110111100111000101010110111001001010000
1100000001110110011001101010001000000001
0111110101001111100001110001110001101011
0011001110001011111001101101110111000001
1000101000000010011101000110100001111010
1000101000010011111010001101001011000101
1100111011110011000101111101100100110111
1000000100010100000011111101011111100011
1010011110100010001010011010110110010010
1001100001011100010110100101010010010000
1110010011100101001100011011010101001101
1000010111100010011001010110110101111100
0000000001011111110100111111100001101110
0101111111011010101001101110101101101010
0111001001001010011000001010011001100111
0110111110001101000110100010110000110101
0010100111001100111010111001111101001011
0010011011010100000110100111000000110110
0010110101101010010101111110010101001011
0001100010001110101110100000010011001000
1010001000011011011001111110110011001110
1110001010000110010100101101100011000000
0100101000101011011110111001001110100110
1100110101000000110011011000011000000101
0010001001100110001110111111101110100001
0111100001010100110000100111001011011001
0001011100111110010101110101010011101111
1011011111111101111000000111111001010000
1001001110101000010111001000011111010101
1100010001110001101001111000111111111101
0111110010010000011010010110010011010000
0010110001101110110011010101000001001110
1100000111011000110101000111111001101101
0111011101011010001011111110011000001000
1010010101000001111000100100001110001010
1110100010001110110010101110111000101011
0011011111000001001000011110101100100000
0110000110001000010010111111100010011011
1100000111001100000100110111111001011000
1100010101111101100110101111100000111111
0110011001001111100110000001110000000001
0011111000101111000100100101000011001110
1100101010111010101110010110110000000101
0110111010000011111101111110100101110100
1100110001110000110100110010000010001101
1011110001110011100111011111001011001101
1111111000000001111011101011100110111101
1010110111101010101101011011110010011111
0111011010001100101010100110001001101001
1111000000010001010000010100100010001101
0100100000001110011010001000000110111011
0100011001011001100101111000100001101011
0101110110110111111001101010101000101111
1110010100010100111000001100011110001111
0111011101110001110101110101010100101001
1000111100111010110101101001110111101010
0111010010101100001100101010110111111000
1110001100010010110100100110100100100100
0000010101100100001100011110100110111010
1010100110011111100110101100100010010001
1101101110101001011001100011101010111011
1100000001100101001100101111111010010100
0101010001101101100111110110101011100010
0001001101010001010110000110011111110110
0000011100011000011001000010110101000000
1011010110001001001001110101000010001000
0110111110001100011000110000001100001000
1111011111001101100001001110101100011111
0100110101110111110111000011101010111001
1011001100111000011101010000110000010000
1111011011000110101000110100010001100110
0110011000000011001011111001111100100000
1110100111111100010010000010001111100001
0101111110001000110100101001010011110101
1111011110011010110011111000011110111001
0110100110110010010011001000101110000111
1101111011100100000101001100100010000010
0000010000101001001010001010000010011110
0110001011110110000011000100101001110111
1110111011101000110101111011010001011001
1000100011011100110111101011010100010111
1101010010110100101111111110000110010101
1001100001000110000101000110100001010000
0010111010000001110101100111101011110100
1111001010001011100011111100010011010110
1111100001101111000000011100101000100111
1100010011010001101101011000010101100000
0011111000000101011101000011001011101111
0100110111001100010101100010011100000101
1011110100110010011110101101000110010111
0111110000111100000010000000011000110101
0101101100110100111101010001100010011011
1101010010001110000111111111010100001001
0101000011111001101010100011111101001111
1111101111010110101011110001000101000100
1101101101100000110000010000010111011001
0011000100011100111100000111001111010000
0001101001101001111111000110010110010110
0010110001111110101001001110111110111011
1101100000100011100000011101010001111111
1100001101011111110100001110101110101101
0011100100010011011101011100001101011011
1110111010011000111000110000100011101111
0011100101101111000110010110000100110010
0001010011110001100001000000101111110110
0010010101011111100000110000100111110110
1011110001000100110110000001001000010000
0111001100001011010011000101010001100011
1011001010010110110101100100011100100011
0100101100101001101001101010100110010110
1100110101100010011101011111011100001000
0110111101000010011111100101110110100000
0011111001010100000000100000101111100101
1000010111001001110000111110010000010000
