20 2047
10010000101000101010
11101010001110111110
00111001110111100011
00100010011111111111
11110010101000001111
00000100111010111001
01111110000000101010
00110110110001000101
10001110101101101001
01101000111011011110
00111001100011011111
11010011100100100100
00011111001010111001
10111110010001111001
11111110101110110100
10010010101010101001
00001111101000100011
00011001110010111001
11100101100011100110
00001000111011111100
00101101010011000101
11111110010101110001
10101101000100000010
01000100110101000011
10010010001001000011
11111100001000000000
10011011010100101101
01000101011110011110
11011110110000100001
01000000111010111001
01101000011011111001
01001111111001100100
00100101101111011100
11101111010111001110
10011101011100001111
01010000100001101001
10001000001011110010
01101000101100110000
10001011111101110000
00110100000010000000
11010001100100110001
00000110101001101100
00010000111110001100
00010001101010110001
00110000001001111101
01101011011111100000
00001011010111100011
10000001110101001100
01111100010000010111
00110011100110000100
01111110011010111110
00000001001100101111
00100011000111010010
01101111101011010101
00000111011100111100
01100001110101010010
10001101011011001001
11000101110111001101
01111100110011110101
01110110110000110100
11101110010100011011
00100000111001110111
01101101101000111011
11001110010110000100
10110000000011000010
01110101000111001111
01011000011001111001
01101001100110000010
10100110001001000111
11101010001101011010
11100011101100010100
00101100100111111010
00111010111100010101
11101010100101101010
10100000001010010011
01010111100011110111
00000011011101000111
10010101111111011000
10001110100110100000
01000101111011001011
00110001010100011101
10001111011010000010
10111001110111110101
10001111100001011111
10100100011110011001
11001101111000011001
00010010001001001110
00001011101011000001
11011000100000110001
00110000100001001000
01110110000000010110
01011011101000000100
11001110011100001011
00100000110110111011
10011001011010011001
01110010111111000011
11101001110110001100
01000111001101111010
01010001001000001100
00000001111101010101
01010001101000011101
00011000101000010101
00111001001110010110
11001011100100010111
01010010001111000110
11110010101000011011
00101110100111011000
10101001000110111000
10100010111100011111
00000001101000010100
11101000010010000111
00101100011110101010
00001011101101010101
11110011001001101110
01000010110000101001
01101110001000101000
01110100101110000001
10101011001100110101
11001000110100011010
11100010010000101011
10001001011000001000
01100101101101110101
10100110100000000011
00001110000100100000
11000101000011101101
00110101101000101010
00000101001110001100
01100001110011111000
10000100110110010111
01000011000100101011
10101111010010101101
11010101111101010011
00111101100010110000
01101111110011100001
11000100000110111001
11000111011101001100
00110100000000100100
10100010001110100001
01010001010110101101
10110010000000010010
10111111001010111110
00100001011110100000
01011010000110101011
10011011001011110010
00011010111010010000
11001000001101001100
11100100110111110001
10010011011010100100
00100011110100100110
11010011100010101010
11111011010001001001
01011001001001000111
00010110100000101110
01011101111111110000
11011101001010101100
10101011001110111101
11100101111011100001
10101101111001111100
01010100111100010101
00110000110000000111
10111111110100110011
11100010011001100001
00010100110100111101
00100110111100100000
10110111111010001010
10100101001000111001
10000100010101110101
11111100110001001011
01101001010101110100
00111110101111010000
01100111100011010110
01000000111001011001
01101101000101010011
00001100101010101010
01000110001110110101
11010111011000011001
00000111100010001101
11011000111101111100
00000111001011011111
01100110111110100000
10101011001111111001
11010001110011001100
11011010100011111111
10100000101100101110
11110010011011000111
00100110100100110110
10010011001111101100
10110001011100000011
11000010011001000101
01000111000001011010
00000010101101110101
00100110101111010100
10011100100110101011
01110001100111010111
01001001001101011010
01101000011011011111
11111000111001110100
11001101001100001010
11000101101101000101
00110001101100010001
00010101111011101011
10101111101010011011
11110110111010001110
10011001001101011101
10111001000000001010
01010111101001110000
01010000000000010101
11001111111000110001
01001001110000100000
11101101101011101000
01011100100000010000
01001100000001100001
10000110001010001011
10001101001010110110
00101000000010001111
10010100110001110010
00101010101111101101
01000011110001001010
10100000010101010010
10100000111001101110
11001111000101010111
00000111110110011000
01100011110011000011
01001110000011101100
11110010001000110101
11000101000011001111
00111011010111111100
11001000100011001100
11001111101101100100
11010100111011000000
01000110101011000011
00001111100100001010
10011001110000101000
10011001110001110110
10101000100011110100
01010000110111111001
10011010101110000101
01110010110001010101
00011010100010001101
10010000001010101001
00000101101101100001
00001101000010001010
10111010011100011101
11001001011101111000
01000010100001110000
10111001111111101110
01110001100101000011
11011100011011000011
01011010000111100001
10000110000100110000
10001111010100110000
01110100111110100110
00011011100110100111
10001000011110000111
01010110100010110011
10010000100100101101
10001001100001001110
00001101100100111111
11000101100110000100
10110000100100110001
01001110110000010000
00010001110101001110
01000100111110010100
10111101000010011001
10100110101010101111
00110101100110010011
00001001000001001100
00100000001111100110
00111110000100100010
11110110011110100000
10110010001111101000
11111100010110000001
01100101100110010000
00010110000001111111
01010001000110111001
00000110100001000001
10101001101100100000
01100111000011011000
10101010010000101111
01010001111110111100
11000010001110111000
10000000000001111101
10001110101111010111
00011111101000111011
01100100010101011100
01101000100010100011
00001001110110011100
11111111100100000110
01001010001000100100
01011001111001111100
00010001100001101111
11010110111101110011
00101111010100101011
00100110001100111111
11000100010111111000
00110100111000001000
11010110101011001110
10101100011000001100
00100111110010010101
11111010111010100110
01001011101110111011
10111110100011101111
01101010101101110110
10100010111100101111
11010011100000011101
11010111111010001111
11100011011100010011
11101100111001101111
10000100010111110110
10111011011001111000
11011000101001011011
00010110101100001110
11010000111101010011
00001110101010101001
11001010010111101000
10101000010111101111
11100111101010111111
10100101011010001000
10100001110101010111
01001110010011101110
00011011111111010000
00000010100100000111
01010110101000111110
10001010011101100110
11011001010110111001
00100011110010110011
01011011000101010100
10110111011010001000
10100110101100010110
10100110101011010101
10111110110101110110
11101101011101110110
00110100110110010101
10101000101110110100
00010011111000100110
10011110101100111000
00010001010110100110
11111110110110101011
01111010011111001101
00010001001010010001
10100000011010010011
10011000001001100001
00011101111111110010
00001111111010010000
10110110110010000110
01011011101101111000
01111001001000111001
10101101111000101100
01110001101001001001
10111100001010110100
00001001100110010111
01001110111001011000
01110011000110001101
11010011001010001011
10111111001010011011
11101010101100101010
00010100110000010111
11011111001000011110
11100000101100000010
10100001011000110101
10010101011100110001
00100001100110000101
11010111000000110001
01000010000001010010
01001101001011001110
10110101100000110111
00110000011110101010
01110101011111001100
00111000010110001101
11100110101011100100
01000101000110000001
10111101101010001000
01010101110110001110
01100000101101000011
11110000100100001100
10010011001110110100
11100000101010011011
00111111111001101001
00001001101000110100
01110000010000010001
11011001111111001100
00001111000100010001
10111010100100000110
11011111110111001010
00101101001000101000
00000001110000110011
11011000111111010000
00000010001101101001
11000101000000110111
10010001100001000101
11010010011000111010
11100011101011011000
01110111110000110010
01010011111100011110
10001010011110010111
11010010111011111010
11000000101111000101
00101001101111000010
00011110011110001111
10111111110111011101
10010001000100101110
01001001100101000000
10010001010010100110
11111000001111110110
01010011101001000101
11111010110110000011
00001011100011111110
01110011100011110100
01100111110110110001
11011000110111001110
01001110110001001010
01010101011110110100
00001111101011001011
00010100011101001110
00110000110100111011
01101000100100100001
00101101100010001010
01011111110010100001
01001001101110001100
11111011101100010010
11011011010100011111
01111110101011010100
01001101001010101000
10111011000001011100
00001101110110000001
10011110011101111101
11110100001001011000
01100101010011100010
00111011101001010100
01010100111011101000
00110111000101010001
11011010011000011010
01110100000011000010
01110011011100000101
11101110001000110000
10001110111110100001
01101000100010010111
10101000100011011110
00011100011010100011
00011000100100010001
01011101001001110101
01001100010010100011
10111011101100111100
00000001111010110100
01010001011111011011
01001101100111101010
01011111010010000001
11010000001100011010
01001101101000000100
11010100100100001111
10110011100001111100
10010011010001101001
00001101010100111000
00011011010010011000
11010100111111001001
11000100001111110001
11010110110000010001
11011001000010110011
01010000100110010000
01110100100001111110
01001100100010111101
10011101101110110001
10101001110010100100
11011011111111110011
10100101011101001110
11101010110111100011
10001010101111000000
11000001101110010010
01100000011001001110
01100010000010000001
11111010111100010100
11110111010110110110
11101100000001101100
00010111110101100001
11100011010001011000
11010011010011110111
10110101111101001001
00000011101000010011
01011000010011001110
01010111011110010110
00000000000111111001
00010000111000110100
01010100110001001101
11000010001010011100
00110001010101000111
00001010101111001010
11100101101101111001
10101001001110000001
10101110000010000111
01011100001100100001
10101010001101011000
10110110000111000101
01011101101010110101
01000011110010001000
11101000100100110010
10011100101001101100
00110100011100101000
10110011001100001110
10001110110000100110
11111101111101111000
00110101000010010010
01111110100001011011
01000010010110111011
11101111101101101001
01100100110100000000
01001011101100101001
10011101011011010100
11001001000111101011
01011110000001000001
01000100111010100101
11110110000010010100
11101100111101111010
11010010100110100000
00111101001011100101
10110011110000000011
01010101110010000110
10111001100100001000
10110000111100001000
11110111111001000110
11110101101111100000
10001100010100000010
10001111000111111110
00001101011111111100
11101000011111111001
10100100001101011101
00011001011011110101
01111101011100110010
01111001110111001000
01010110100101110101
01010111000111110010
11010001000111111111
11001010100001110011
01101001010001101010
00111000011011100000
11011010000011011000
10110110000011010100
00111100101001011111
11111010000001011100
11010010000110010110
10111011000110111001
00100110111101110001
01101010111011011010
10011001110000000100
11000001010110101100
11111001111111111111
10100001001100110011
00100110111001011100
10011110101110100111
11101100100110111000
10010010000111111101
00101001101110011100
01110001011001011001
10100011100000100100
01111101110001001101
01101001110011111110
00111100110001100001
00100101110111100010
10010111011100000101
10111001101000000001
00001101000000110001
11101111001010001101
01101010000000110110
11101000111101001111
10110110001101001110
01111000000000111011
11010000100011010011
01101111000101110001
10001000100010110100
00001001111100101111
10101001010001111111
11110100100001101010
11100101001101010111
01001010001000000010
00010100000000111010
11000001011010011100
10000011101000100000
11001000110100110001
01111101111010101010
01011011011001110100
11001001001101010101
10010100000110111100
01001011100011100000
01100111000111100101
10010000001100110100
11000100100110111011
01001001001100001110
00111000111111011100
00001101000010101001
00011001111101011001
01000101100100010010
10011011011011001000
01011110100111001010
01001011110101111111
10000111110111001000
00101011010010010001
01101001010010000100
01010111001011101000
10111101101010010111
01001001101111010101
10111001110101010110
01010001100101010000
00100000000000100100
00111111100001111011
10000000000001101010
01101111111111011101
11110011010111001101
01101010011110010011
11110110110000000011
01111100110010011101
11000001100010101010
01100100011110000100
01100000010010001101
00000010111011010101
01111010011100011110
11111010000101100111
10111101110111001000
10001011111111111001
11011110101100111111
11100100100111010010
11001011000010000010
10000110010000111100
00111111111101000111
01001001011011110001
11010000111001010100
00111110110100010001
11001101001011111001
11000110000010001000
00110000010010101101
10111011111001010000
01110111000011001001
00011001011001011110
01010110110110110011
10100101000110101100
00101011011111110011
00000100100101111001
10101101110100001111
11000010010101101110
01101010110111010111
11101000001010000111
00011101001100011000
11111001110111101010
11000000101110011010
00110010010101101010
01110011111001100000
10110111000100110000
00001010010011111101
10101101000001101011
10001110110100100110
10011000100110000101
00100011011011111100
01000001011100101011
10110100111111011010
10111001110100101101
11001110101111110010
01000110010000001001
11111110110110110100
01111000010110010111
10111000001010001000
00010111100011011011
01111101110011110101
11001010001010110110
00110010001001110100
11100010111111011100
10011100000100111101
01101010001100001011
10010100111010111000
01000100010011111000
00010101011000110101
00000100001110011110
00110110100101001111
00100101001110101010
11010011101000111010
11001000101001101100
10010110110010011111
10111001110111111000
11100000000101110100
10110010101001111110
00011000010100101010
11010000110111110000
00100001001011101111
10111011101110111101
10101111110001010101
11000000111001001000
10101110101001011111
01001000111011101001
11001101101100101001
10111011010111110111
10110110000001000111
00001011000000110111
01101111001001000000
00001011000010100111
01000100010101001101
11101110011000000101
11000000001001110100
11011010001100111011
00000001100100110000
01010001010101111100
10000111001011110010
00101101110000101111
01000000010111011001
10000111100111011010
00101101010000110101
10001000000111110101
11001100010100100010
11011011000101111001
01111000001000001001
00000011011110100001
10101010000001111110
00000111100101111001
11101100000110110001
01011010111111000000
01011010110010101110
11001010110011101101
10101100001011010010
11110001101010101000
01000101010101110101
01001111010100011001
11101111000010101010
11110011011001011011
01110100100110000010
10011101001100111001
00101110011011100001
00111010110100100111
00100001101111101100
10000010011000000000
01110111111001000010
10011000100101101110
00101001101011011011
01100100011101001010
00100100101101110110
11110100000111000110
00100000110001000100
10001000100101101000
11111110111111100001
10101101110110010110
11011100110100010110
10110110101001111100
10001101101000000010
10001011101111111001
00011000110101101011
11101010110100110101
10111010111100001101
11011001100100001000
11110001110000011011
11011000100011010010
10011000100100101100
10010000001000111001
00010101101010011010
10001010001010001001
11001101001000000100
11110001000011011110
00101000110100111111
10001110000010110011
10101111100001010110
10100001000101011011
10101110100000100100
10110101000001101001
10011010110101111111
01110010110010010100
01100100001110110110
00001100010100100101
10110110011000010111
10001001011110110100
00011000011101011111
11001011100100000011
00101011000101010010
00100111110100100100
01011011101010110000
10111010010110010101
10110011001001111000
10100111010101011010
11001111100011101100
10111110101001100011
10010010001110000110
00100010101001100010
11111100100011010011
11110011110010010101
01001010000000101011
00110111010100011001
01101010100100010001
11111100100101100010
10110101111011001010
11110100110001110000
00111101011001010001
01110101010011100101
10001110101101110101
11101000011011001001
11011011010010100011
11011101100010010111
10111010100011111000
01000111001010101100
11101111101011110000
00101001000111011101
01011110010010001101
10010101100101001011
11111000010010000010
01110000101011100100
00010101111010001001
01011100100001111010
00100101000000011111
10000110111010001011
10101011100101000111
00110100001110100000
10100011000011111111
01101100011110100011
01111110010011001111
10001111010010101001
11010100000110110011
01110111101100101011
00001010001010110011
00100111111001010000
01010100001000010111
01000111110011011100
01001011111110010100
00111001010110000101
00011100101011110101
00111001001010001011
00100011111001010000
01101110101010011111
00011010011000101000
10111000011111001010
01011100011111101001
00010111101110011001
11101100000110011110
01110011110010000110
11101110010000100000
11110101001001001100
00100011011111000001
11110111101010001000
10101101111100000000
11011111100110010101
11110011110001100111
01101100001000001010
11000101111011001001
10100110010000010110
10001010111110001110
11011010100010100001
01000110101011101100
11110111011010101110
10001100001011010110
00000100101101011011
11110010101100011001
11110100000101110100
00000100101001110110
00101111100001011100
01110101100001110101
10100000011110100010
10100001110010001001
11101000110000010011
11101001000000000000
01111011100001011000
11101111110100000000
11111011110110010011
00000111110010001001
11100000011111001111
10011000000110110011
00101001001111110000
00110110000010111101
10110110110100011001
11110110100000001100
01100110111010001111
11001011000001111001
10111000001100000010
01001010111101000100
00110110111100011101
01101110000000011000
11001001010001100111
11001010100110010101
10101000110001001100
10010110010110000000
00010000101001110111
01010011101010101101
10100100111000010000
00100101010010011010
01000011101110011011
01001100110100110000
01010000000100110100
10111000111000101000
10111010010010011101
11101010100100101011
11001111101000100011
11101111011000000000
00000110101100010010
10111100001000110111
00000011110010001010
00001001110001001011
10100110110001001010
00101011100001010101
10000010101111110110
00100010011010101100
01011010010101000110
11011001000000001111
01100000101000111010
01000000011111000111
11101110101100001010
11000010011000010000
01001101000101110000
01101100111001000110
11011010010101101000
11101110011010101001
11001110100010110001
11001010011100111101
01110010011110100111
00110110010001100011
01000011011001000100
10110100010010110000
11111100110111011100
00011100110101100100
11001111001110101010
01000110010011010001
10101001101001111011
10101011100111111110
01101010011001110000
00001001110111011101
10000001111011000100
00101101101001110010
11011010010100011011
01001001011110011101
11110111000011110000
10001010000101100101
01000101100101100111
11110111011000111110
01100101000001011111
01111100010010001011
11001111010011001010
10000100111010001001
11011011111110110010
10000001000001011100
00100110100000111000
01000110110101010001
11100101110001000111
10001101000100110101
00001001110000100011
10110110111011110010
00010001111110110010
11010000010001110100
10011100001110000001
11110101001000011010
10011011111110000000
11010010101111000100
10110001010011000111
00000111100111111111
11100000011111101001
01000101011010011101
11101000011111101110
00011111010100101110
11001101000101000100
00011011100110010111
01000011110000111000
00101010010100101010
01011011010010100101
00100101010010100101
11101000100001100001
11110100111111100111
00001111110001001110
00100011100111011110
11110101011111100100
00110010001111001000
00111101110100111001
11000000001001000001
10001000110101001100
10010000001011111011
10001100111111011100
00100110000011001101
11000000001011101111
11110101100111110110
01111000100110110011
01000101000011111111
10001010010010101001
01110001111000111100
00010000100110000010
00010110011011111110
01101111111010111011
10000011010010010010
11011101111101100011
10111100000010011100
00011011010001101101
01001111100000101110
01110101111001011001
01100100101010000011
11011100100010110011
00010011101010011000
10001001011011011110
01111110101100101001
11000100000111101011
11101111010001101110
00011100101000101011
00010011100001001110
00100100001010000010
01001101000010010010
10110010101101011100
11000011100000101101
01100010110001100101
01110000110001111011
10011101100101110000
11111011110101010000
01111011111010011011
00100011111010110100
11011100100011010011
01000110000001101100
10011001000110011010
00101010111101010101
00001010111101010101
01000100011110101000
11110001100101111001
01101111000010010100
00010000111011010101
01001010011010101100
11011001111111001001
01011011000001000001
01101000111101011000
00011111001100010010
11111110100010000110
11011010010011100111
11011011100100001000
00000110110110101111
11011010110101001100
00001110100001100001
10100001101111111010
10010101011100010001
01111010011101011100
10100000000100010001
11010101110011111111
01101011111110010010
00001011001110101110
00001010001011011111
10101101001110101101
01011100101011000001
00110011010000001110
11001101000110100100
11000011010100100100
00010111000110110100
00101101000101011001
00000010001101001100
11010000101010111000
11000011100011100110
11100011001110101011
01110000001110011001
10101101111100110010
01011001000100001000
11011000001001111010
11011100011101000011
10011000000101011000
10100101010000011101
10101011000010011111
10100101010000011110
00101001001101111111
00011011010101010000
01110111101100111100
10110000010000011010
01001100110110101001
01000100000110011011
00010110011011001000
11001110101100101001
10001110101101100100
10011000111111111110
11111001100110111101
00111101111010011000
10110001010110011011
01100111000110000110
00011000100100110000
10010100111001101110
00010101011110010010
11110110001010101100
01001001010110100101
11101010011000010001
11011000101000101111
11101100101101000110
00100000010110000000
10110001100111101000
11100010111111011110
01100101110111110011
01010110101110111111
01000001110101010110
11011101011000011001
00001001001010011110
11111000000000001100
11011110100111111110
10000000001011110100
10100111011111010001
00000010010010010111
11010001100010011011
10010111101110000111
00101000110111010100
00001011111011110000
11000111001001011111
10010100111111110011
01010010101100100011
00100010000100011100
10110010001100101001
11011001100111001111
01010010000001010100
10111010010101101111
11010101000001111011
00011101001010000001
01011100110101110011
10011100001000001001
10100101111110110001
01110110101110111101
00110101011000100111
11101010101001110011
10010110000101001001
10011001111011101011
11111010010111100010
10001001000101110111
00110010000100000010
00010110010110101110
11101101111010100010
00000011010110111111
11001011111010011000
11111101010010000100
01011100000100000110
11001000010111100101
11110101011101011001
01010000000100000100
10011101010100010110
01011000100000010001
11110111001011101110
00101101101011001011
01110011100010111101
10110011100110110110
01111010101000011011
01011001001110101101
10111101111010110011
01110011100000111101
10001101111001110001
10110001001111101100
01011000101010000011
10000001110010001010
11000010011011001110
01111010000101001011
10111110011001111000
00001001001000000001
01000000001100011001
10011000110110000100
11000111001110110111
00111001110001101010
00000000010010100000
01001100111010111010
01110011100001001000
11111001011111101100
11100100000000000011
11010010101000010111
11100011001101111100
00000001101000000000
00000111001000001001
01110101110011000111
01010100010000000101
10000110110000000011
00101001110010001111
10000000101110000100
01001011100011111010
01100110100011100011
11001100101111011001
11011010000111110011
11010111101110001011
10000100111111111010
00101011100000001011
01110010011010100011
10111100101010010110
11101100000000111001
00011110000110011101
11010110000111111000
00010100100010001010
10101101000001110010
01101000110011110010
00010100010100111000
11101010101011010100
00011101101011011010
10011110011010011101
00100100111001001100
10001111101000111100
00001100110010000001
01000100001001101111
10000001010110000100
01100001101101011100
11000101010100100111
01000110111101011001
00010100011001101000
00110000100010101101
10100000100110101100
10000011011011000111
00110001110111001010
00010001011000100010
00111010001000010010
11100101001111101001
01000101000001000010
11100000100010011001
01100000110101100110
00001000100111010110
00000001000001011110
00101010100000100001
00111011110100100001
10001101011111100111
00010011011111011011
11001111101011011110
10110010010000101011
00001110100000111010
00000100101110111110
11100001101000110001
10011000110110111111
11010100101001000011
10110001001000100110
01111011111011011101
01011111111111001111
10000001000011000110
00100100010110000011
00011010101011010110
11101100100110011110
11110111101100011001
00000101010100110110
11111111000000101010
10000001010000010011
10110101111010110110
01000111010000010101
01110110001001001101
01000101111001001001
11010011011011110110
01011100100010101011
00100101100110000111
00111011010010101010
00001000101001110110
11111101110010111001
11000111000111000011
00001001000000000101
00001001100000010110
10111110100101100110
00101011011001011110
10110101111000000111
11011101111101011101
01110101001111001010
00011100111110000100
10100100101011110100
10101110010001000101
01110100010011101111
01111010100010000000
01110011110011001011
11110101110001101001
11100111000110010000
10001000110101100111
11010101100110010111
10101011010001001111
00010000011010011101
01000000111011110000
01100010010110110100
10010100111101101010
01101110010101101011
10111111100010100010
10010010001001001001
10000100010110010010
01011011111001111001
11101010001111000010
00101101010110011010
10000010010000010010
11111100111100100000
11110000010000000110
00101110101010011111
11010111001010110110
01001001010111011010
00001100000000101110
00111010101110110101
00010000100001100010
01010000001010010010
01010110111000011001
10101101111111001100
01111010110111100011
01111111111111000011
00010010001110101010
00100101100101100110
01110010001001010010
01011000101011001011
01010011010010010010
11101000100100111000
00100110000100011001
01101000101011111110
10010100011110101110
11001001101000001011
00000010000100110000
11101000111011010011
01100001101010001001
10010011110000001000
10000111111011010001
00001111111011100111
01010111101000110010
10001111000001111010
11101100110000000111
11101110101111010101
00001101100000010010
10111010110100110011
10011000010010110010
11010011001001101001
11011101000001010101
11010010011000010110
01011011100000100010
10001110111000001100
01001010010100001010
01011010000111101000
11010111001110011100
00110001100001011010
10011010100011100001
00111010001001010110
10100111011011001010
11100100001110110001
00001011111010000101
11001101010111001110
01000100100101110110
01011010100000110001
00100001000111000110
11010101010101111011
10010011110010010111
11010101000000001110
11111010101000111101
01100010011101101100
10010110110101111000
10011100000000100001
10000100111100101111
01100100101010010110
00111000010001100100
10101110110101000100
10011001101010011011
11001110000110010101
01011101001111000000
00110111000000110101
00110111010110001001
00110101000101111011
01100001111000100100
01011010100111100000
01100101000001010010
01110001001110001101
10111001001011000100
01100110100011000101
11110000011101100000
11100110001110011101
11011101100001100110
01010111110101101011
11110100001010100101
00101000010011111001
00010000000010011001
00010111010011010100
00110001001101100100
01100001001111011000
00000010101000011000
01000000010000011010
01110001101101011100
10001111000000110010
11100000001100010001
01100000100010111111
10010001111010000011
10110011010010110001
00111000001010000111
10100001100100110100
01001011100000011111
00000110100110010000
10011111010011100000
11100001110011111111
11110001110011111010
01010100011010011001
11110011010001100101
00110011110011111100
01100000101110000000
10001001011101111001
01100000100100110001
10011100001001110101
01011110110010011110
00111101111011101111
00111110011000110001
10001001000101010010
10101100100001111111
01111111000000011101
00011110110110110110
01011011000010100000
11011100011011111101
11101010001101110010
11000101010100001110
10000111111010011000
00111100011000100101
01110000000111111110
01001011110101101000
11100111111001101110
01110100111011111000
01000111101101100010
10000011010101011111
00101100000101110011
00000001000100111010
01100011001000011011
10001110110011011011
01110110110111010111
01100101110101100001
11000101101101010100
10111001001001010100
11101011100011101011
11101011110110010010
01101101111101110110
11011110011001111001
00010100001011001110
10010000111011010110
11111010101110111000
11011111011001100111
11101110110001000000
10100000010100001101
10100011110111101101
00010111110000111001
00101000100111011101
11101011011011001000
00001110011110100110
11101011100100110100
11110100111101100100
11001101101100000010
11101000111010110011
11101101110011110001
11011011000100111111
00110010001101001000
01111100100111110010
11101101111000000110
01011000101010111000
10111111100010001100
01000011001101011000
11100111100000100011
00110101000001000001
10001100000010110010
11111010010101111000
01100101011101110110
10011000101010111000
01111111001101100100
11100000000101100101
00101001101000011110
01110001111011101101
11111000100100101001
00001011111100111100
01100011010001101111
11100111111101000101
01100101110100101000
00110110000101101101
11100101110100100111
10100101110101011111
10111000100101011000
01010100110011111000
01010001011010001100
00001001000010101110
01011010111100110110
10001100001100010010
10110001111011110111
11010110110110111011
01000000111010111100
00100110011110100000
11111110000101001011
11100111101101011000
01111111010111110001
10110000011000111011
11011101000111010100
00011111010111001110
01100010101100001111
01010111110101111100
10100101111001110101
01100110011011000011
01000000110001101111
01001110010000110110
00110110110100010101
00001110100001001010
11001110000000001011
01110010011000011011
01011000101111101111
00100000100111101111
11111001100111010111
10110111101110000010
11101010000010110111
00110001110001001110
00000010111110010010
01001101001010010100
01100010111010100110
01101011010110010100
00100001010101100100
11101110001001110010
01100111100111000001
11111100011000111011
00100111011110001101
11001011011001011001
10010010011010110100
01100111000011011110
01111000100110101110
01011011001100110101
11101010110101010111
01111110011001101000
00000010011001100010
00001111010100011100
01010111111010110111
11110101100011111010
10100100100110010111
01100111110001110110
11000100110011000011
00101111111101110110
10101000101001100100
00101101100100010010
10110110110111000111
10011000011000011111
10001111111011100000
01110011101011000100
01000000111100010110
00100100001001001001
10101101110000001001
11010110011101101000
00001111010111010011
11010111110100010100
00000000110111111011
10110010001100101101
01101001110001001010
00011110000100110111
00111110010001110101
11100011110101011001
00111100101110010111
01000101111101111011
01010100001011000011
10010101101101001111
01111000111111101010
01000001001110011000
11010001101110100000
10110110001000010000
01010011010011110111
01101000100000101000
11100000010100110100
00110001011100000101
00101110110001011111
00000010101000011010
01001001011010111101
00111111010011100010
11001101001100001011
01011110001001101101
00001010010110010111
10000101100010101111
01010110000011010111
00100110011001111101
11100101000011001101
11111111100110001001
01011010001001100000
10000100100100100100
00000111111001011000
00010011110010010011
11010000111000100110
11011000001010100111
10111111011010001010
01000101100010111001
00100100000100100100
10101001001110001100
10110111001010111011
11111100110111100101
10101001101001011011
10010111100001110110
10001001010101111110
01001001000010111001
01110111101000100111
11000000000110111100
11100101000001110101
01110000110101001111
11100100111110110001
10010000011001111101
01101000000010011001
11010000110110101111
10001011010001111111
11101010000111000010
00011000111101001101
01101101100111100000
10011000110011110110
00011100101011101111
01101101001101011010
01111001000000110111
10110011100101001001
01111110100010000010
11001000000110000101
00011101001010100111
11101010000010101000
10001110111001100010
11110111011101000001
10011110010001111111
10101101000001011111
01001011000010100000
11110000000011001000
00000100011101101011
00110010010100100111
11010010111000110011
00101111101101111000
01010001100110110011
10010000011111110000
01011101000010101101
10100110100001011010
00001111011001000010
00011010011011101001
10111001001110000001
11000000101010110111
00011011010100101101
01010100101001001010
00000100111011000000
00011001010011010011
10110010010010011111
10110011110001100100
00011100101000011000
10111111100100001100
10000010110111000011
01011110111111000010
01101000100111111111
11110010111011101110
10011110000011000101
11000111000001001110
00111010001101011111
00110111010000001111
10101001001011011001
11100111101011100101
11011100111100101010
10011011100111000011
00001100001111011110
01001111100111011111
00001001110011111101
01010001001100111100
01000110011110000100
10011001011110100011
11001011111011001100
11000110110101011101
00110100011101101111
01101000110011111011
10010100001010011001
10000001100101100100
10011111111101111000
01101111110111110010
11000011001110010000
00100000100101000011
00001010100111111110
01101000010011010010
10001101001111001011
01010010110000110000
01111001101000011111
00101000111111001110
01010110000001000011
00110001010011010100
11001111001101011010
01001101011011011001
01010101110000010010
01011111001100110101
00111010000100101111
11000111111100011100
11000010101000100000
11111010111000111111
00010011101111100011
10110111110101000110
00100011000111100101
01010001111101010010
10010111011001000001
01001100111011000101
01110101010110111111
10010110011001001000
01011100101001111000
10111110010011010101
10001110100100101100
00001000110100011000
11101101100001000101
00111000101111101011
11101100101001101010
01000101100001110101
10000101011011111011
10010000100111011000
00101101100111111110
11001110001001111111
11000100000011111010
10100001110011010101
10010010010111011111
00010101110000100100
01011110101111101011
11010000010010010110
00110110111010111001
01010010101000010011
01110011111011100000
01111110010000011011
11000000100101011101
00010111011111100111
00111110110110100001
11000011000000111110
01001010111100000000
01101110110101100101
11110011011101100100
00100100101001011000
10001100000000100010
11001001000110111011
00100011101010111000
01011100111110010000
10100010001110011001
11000100010111010110
11100001000011000110
10100011100001100001
11100111100000000001
10001101111010101110
00111101011111011100
01010011101110010101
01011011010010000110
01001011011110001010
10000000010000110110
11001000011010001010
11100111111000101010
10100110000010111111
11010000001011011011
00100011110110001001
10100101000011010110
11100100111101101110
01001101001111001010
00011011011111010100
10000110100100110111
01111001110000000011
00001110101001011000
11010010011011000111
00011110100101101010
01110101010011100000
10010010010000100001
10011001101111110011
01001111110101101101
10000111000000010000
00010100011010010011
11101100111011110001
00110000101010011011
00100011111001101101
00110100011011010110
00110101110111010010
11100110111010000110
01001000011010101000
00101000001001010100
10101000001101101000
01101010111000100010
10111011100100110001
11101111000111001010
00010010101011000101
00001111001111001110
01111000110011111000
11101111001100110000
10111110010001011111
01110111000110100101
01000001001101000011
01000101001011100101
01010000010101011000
10000100001100111101
00111111111000011111
00110100110110110110
01100111000000010101
00010000001001101101
01110011101100100011
11101000001100100010
00110001001010011111
00011001100011101011
11001000000110101011
10110101010111010100
11011000101010110110
01011000011111010000
11011011001000111010
10101000100100000001
11010101101010000000
00111001001111010010
01110111100000111110
10110011001010001110
10000100010001110011
11101110001111000011
00110100100001000110
01110000100100110100
01101101100100100010
11000101010101001100
01100100011110101010
01001111000001101001
10101110001101011010
11110010001111111001
00010001000011010011
10110110101110001101
01000101010010100001
00110000000100101000
10111110111010100000
00111110110100110100
11001110011011111011
10100110011010010001
00100101011111110111
01110111000111010111
01101100101101010110
01001110111111011100
10011110010110100100
01010101111111110101
10011010010010111011
01001101010100111001
01001001110100111010
01011010100100111110
00001111101101000001
01101111000001110010
11010110011100100100
10000010000100111001
00110110000010011100
01001101000001101010
10001011110010101101
10101010100011000001
10101111001101010101
10000010000101000111
11110011100010101101
00111111111101111100
01100110000111000111
10000101111001111101
11001011111111101100
11101100010000011000
10110010100010000000
10110101101011011001
00001100100010000110
01100100100010110100
10000010011110101010
01110101010110111011
10110001101110111011
10000100010011100010
01000101101110110010
00001101001111010000
11001000111101110100
10100000011011011001
10010001101100110011
00110001101100100100
10111100011001001100
11011100001001001111
01011101100101101100
01000001011011110001
00001010100010010011
10011000110011101000
00101111111111001101
10110111011101111100
01011110110001110001
00011000000101101010
00111101001011110110
10001011100111000011
10110110011000100100
10110010010101010001
11110011100100000101
00100100110111011111
01010100111110100110
01111111110010000110
10001000111110100101
01000000101011100000
11100110001111001110
01010110111011000000
00100000001110011100
01111100000011111111
10111111011010011100
01011100110000111011
11000110100001010010
01010011011100111011
01110111111010101111
01001001001011001110
00101100010100111100
10000110101110111010
11001000110110011110
00011000111000010000
00000100101001000101
00010011010001110111
01111001101010011100
11010110011001001000
00110011101000010000
10011110011000110111
11000111001011100111
11110110101001011100
01101101000101101001
11011101001100100010
11100110011010011111
11110011110011100001
11100011010011010000
10001000100111010110
11000111010001111000
10001100111010000011
00011100101011111010
01100001010101000100
10001010110101010001
00001000111011101011
00011010111111010100
10001100110001000010
11101100001010011001
00101000101000110010
11001001000100010111
10101001100011100100
01000001100110111000
10011000001101000011
01101001110000011110
01010111111000100000
10010111100111100011
10010000001100011101
00001000100001111101
01011011101000101110
11011000110000100110
00001111111111100011
00100111011100100101
01011100011001101100
10010011011110110111
10000011011011100101
00010001001000000101
11100111001111010100
11111001110000001100
11110001101000101111
01101100100000111011
00000100100000000010
00100111010000000110
01101000111011111100
01010001001111000100
00100110111111011001
11011101110110010001
11010100111011011101
00100011111110001000
10011101110001001111
01011111011001001000
01001100101100010000
10100110001100000101
10101001000100011100
00010011000111010101
01010100101101001111
00000000111111010000
01000011101011001111
01100111101011111001
11101111100010101100
00101101001011100011
01111011101100000000
10100011101010010110
11011111110010000011
11101100001100111001
01000011001001101101
00111111001111010101
11000101010101001111
11110000100001110111
00101100101001000111
01110101010000011011
00111001001111010000
01101101101111111111
11101101001101110101
01010100000101100110
11001100001000101110
10011100010111101101
10100110100100111000
00111001111010011110
10111011100001011110
01000010000100011011
10000111010011000110
10101011000000000010
10011101110011000111
01001111110001011110
01111001111100010001
11011111010010101100
00001101001100010001
11011111100110100111
00100110001010110111
00110000011011101111
01001111111000101011
10001110101001001100
10000001101111101100
10010010110110110111
00110011111010000110
11110111000001001110
10010101110111011001
01110101101011110100
00110001110000111111
11111011110010001101
11100011011010011011
00001001110010110100
00100001011101010100
00001101110110000010
10101110011011000111
11101011101100101111
10101000010011011000
10111100001100000101
00101110000101111001
00010110000101101110
01010110110010010011
01010010000000100001
11111000110111000101
10110010101001001000
01000010010110101010
11000000010111101011
11110000101110000011
00011110110000000000
10110010100010110010
11100010110101100101
00000010101011100011
10101110011111000010
00001001101000001011
11000110011110110010
00101010111101101100
00100100101001111100
00101100100011101001
11001101111110010100
00011010001110000011
11011111110010010100
10111001101110110110
11111011011001101111
00101111101110100011
10101101110110011110
00010001011110000001
01001011010011101100
11110010110110001100
01101010100100100100
00111101101110101010
11000110000111001001
00001101011101011111
00001011010110011110
00000010111000101101
00001011010010001111
10111110000001110101
10111111100000000110
00000110101101111111
10111010101011010100
10100111010101110000
11001100011111110101
10001011101111010101
00110110000011000111
00011100100100110111
01000000000001110101
10000001000111010000
00010000001110011011
10101111001001001111
00111000101110101100
00000001101000001000
01110111001101110111
11011101011000110110
10010101001000010100
00110111000100101010
00101011101101111010
00011101100010010001
10011010010110001100
01011101001001000110
10011010111100100101
11111110000000110101
11111000101100110010
01011010101101110010
01111000100011111110
11100101101110011111
00010101010010000111
10000100110101100011
11100001001100101011
11110001100001010110
01001111011101001001
01100010111101111011
11110010001000100110
11000101111101011001
10011010111010001100
01111101101111001111
11010001111001111110
11110100011100101111
11100001011000100110
11100100101111010011
01110001110101111001
01101011110111100001
11011111111111010000
10001110110100110011
01110010110111101101
11111110101111110001
11101101001100010001
01001000000010100010
11001011110100010110
11010010111001101001
