20 2047
11110110010101001111
01101101001010001111
00111111000100010111
01001111000100010001
00101011111000010110
00011010110111111000
00011011011010011000
00011110000010001100
10011100101001010011
00011100011100001111
01010111100001101000
10001011010111101011
11010001011100110110
10001000011111101110
10010011111110000010
01100010000010010110
00100010100111101010
00000001010111100100
01110011101110100101
10000010101110001001
00101100110001010011
01011110110010001100
00011100111000000110
11010101101011001001
10000001110100111110
11001000010101110111
01100000000000000101
00001000100000111111
11000100001110111001
01000011010110011001
11011010000111010110
10110000100101010000
01010000110100100001
10000100111101000111
10001011000110000111
11011100000101101000
11111010111100001111
11001111101101100000
01001001011000001011
10111000110010111011
11011011111111010001
00110001000001100101
00111000011010010000
01111101101111111011
11010100111011001001
01001110000011011000
10110000100111010100
10101000101100111110
01111000000101110010
00001110010110001000
10110000000010111010
00100111011111001001
11111100101100011011
01110000111101011110
01111000101001110000
01010110111100011001
10001101100010110010
11010011001000000100
00010001000100111101
11101011110011010000
11011101000001101010
00011001011110001110
00010010011001111110
01011001001000000000
01100101000000111110
11000011001001000000
00101000011000100101
11100011010000110000
11111101111100010110
11011101101100001010
01100001100111101011
10101100011010100110
10110001011110010010
01111101000000011100
01010010000101111001
00111101100010001000
10011100110010100101
01110101001110000100
11010110110010101111
10111100100111100110
01001100110001110110
10110010010010001100
00111100000111111101
00100011110001001011
10000101011001001001
11101000110001100010
01010101000100000011
00100010010001110000
11001101100000110100
00010010000111011000
10010010100010111110
11010100111111001110
01100100010000111101
11101111001010101011
01010010111010111110
01000000110010110100
11111100000110110100
01110100110011010111
11001101010011001100
00010101100000100010
00101011001010111101
10100011000011110100
11010011000111011011
10111110011010001001
10011101111101111010
10001011100111110011
11101100001010001010
10000111011001000010
01011100000010000101
00110110000010100001
11010001010000000100
10101000110011011010
10001100101000011000
11010001010000011011
11100100110001010101
00011000110100110010
00000010101101010001
00100110010101110000
01110011000000110100
11000010101001111000
00110011101000000011
10001001110000101000
11000010110101111000
11101010111011111101
00110101011011111111
00001000101101001010
11000111010110111001
01101010000010001011
00100111001111011001
10000011001100100100
00111010110001111100
10101011101110110000
11100110100010001101
10000100001001011101
10101110110001011111
01000110111110101111
11001101011100100000
01101100001111001010
11110101100000110001
01011011000100111001
00001011001100001110
00011010110110000000
00011101000101100100
11100010001100101011
10101000001100001101
10100111110100110000
01100000000100010100
00001000100100001101
01000010110001111001
10001100010110110001
01101100110101101100
00100101001001000100
00101011001101100111
01101011010010011010
01110011111001110110
00111110111011011101
10001100001101111100
00010011100101100001
01101011010100100010
10110100010110011011
10111100100010101011
00100010101111000110
11100011010111001101
11001101110010101011
01101110111000001000
01001111011000100000
00101011111101001010
10011111011111000110
10110001011011111011
00111001001001100000
11111101111101111111
01101011010001011011
11100011110011111011
11110110101000010010
10100001011101100001
10110010111011101010
10000010111001110011
01000111111001110101
10100011100010001010
00011101010000001011
11000110100001001100
01001010101101101100
00110111011111001111
00010000000000111111
01110000110011110011
11010100000000011000
01111011100010110000
10001100001100010001
01100010111110100101
00000110111111010010
00101001010010011111
00110001000000010011
00011101000101011011
01010010100101001101
00001110110011010000
00011000000100111110
11110010001011111111
11101100010001101100
11110000000001110011
01011101000101001100
00100001101101100100
00111001110000010100
00001011001010101010
10000100001101010011
10001000101011111000
11110011011100100010
01000111001011001001
01010110010001010100
01010110010101010010
00000010000000100111
01100000110101001101
10101111010011101000
00110101110100111100
00110111101000110000
01011111011011110000
01000001010100100011
01000010011000100111
00011100111000011111
01000010011111001111
10110101110111100001
01010011010101010111
00110000110001100001
01010111111010001001
00011000010100100110
10101000111110010001
10000110001011100101
10111001001110100110
01011011110010011110
11000001001111001100
01010110010111000101
10011101110011100101
11000111111011110010
10011010000010100101
11011001011101110001
10100110001011001110
11010001100111011111
01000010101000101110
11001110010001110100
10101000101010011100
10110111111000100110
01010111101101010011
01110011010100011101
01101010110000110011
01010110001110100010
00010011110110110010
11110011000011011000
10111110010111010000
11011000011010001101
01000010101110110111
11000110000101000101
01111100110111110001
00111000111011001111
11110011001010100001
10111100010100001110
01011010010000100101
01100000000110101111
01100111100000010111
10100001110011110010
10010100101100001101
11000010100110011101
00001011011111001001
10001000000110110111
01000011101111110010
11011110110001011101
10010111010000101011
11010001010011010110
10110101010101100000
10001010000000111011
01010000110111111001
01101100010000010100
00101110010000110110
11000001100000000010
10110111110101100001
10110011111010111001
00101010110100010001
01001101111011111010
00001000001001010000
01010110111010011010
01010001010010111000
01111011010011011000
10011111011111110001
00000110010000110011
10011000000110110100
10010101000011111011
00000100001110010011
10110001110010011011
10101111100000110100
11011001111010001001
00011110001001011100
00000010000110000000
10000011110100001001
10110000011110110000
00000111100010011010
10000010000011011110
00100000101011001000
00000111011100111111
01100011100011101111
01101011101001101001
11100000111011001010
10111010101110101011
00010010111110011110
11000001101001100001
11111110110111000110
11111100001101011100
01011010001100110010
00010010100001001000
01110110010110110110
11100110000111110111
00111111011110110001
00111000100001110010
01100001010101010010
10110011000101101101
01100111001001011010
10010111010100111111
10001101110101101101
11011101010011110110
10010111111110000000
01100100001100011011
01001011100111110011
00111001010100100110
11110100101011110110
11010111110111110001
11010100010000001100
01001001011100011110
01111101100101101110
11101111101100011111
01101110010010010101
11011100001111000001
00111010110100010010
10010000000111100001
10001111011011010001
10110101100010111001
00000111100001000000
01000100011001111011
11011011010111010100
11000110111011110111
11100100010101001011
11101111001010000011
01001000000101101001
10010001101011011000
00001001011110001000
00000010101010110011
10110001110111011001
10011011101010100001
01110000100010100001
10110110111111000010
00100110011101110100
11101001110000110010
11011111011001001110
01100111100100101101
10100111101101111110
11011110100111100110
11111110001011111101
11000111111011100111
00100110110111100111
00011100101000001110
10100100100000011001
00101010010101011101
01010010010000100111
11010001111010111010
01111110010010000110
00001001010101011011
01101000110011100001
00110011111011011101
00100010101010010111
01001010100011010101
01001111101010011011
00110100000010101111
10001111100101010001
00101000010010101110
10101010000001001001
01010100000001110101
01111100100101011110
10100100111111111000
01111111101010100011
10100101011110010100
11011110111110100011
10000100111000010110
00111001011010001111
00100100100001010111
10100011001100001111
01110100100010101110
11101111010011101100
01110011011011111000
00011100101110100011
10011101111000010000
11111100101000101100
01100100110100110110
01110110010100011001
10001100101001010000
00100001101110101000
11101111000001101101
01101000000001010000
10101110011010110011
01100001110111111111
01011100000100011011
10011111111010110011
00101111001101101110
10010000110011101111
00111010000001111111
00010110101001001111
10101100011111010010
00011011011001100000
11100111011110110000
11100010000011000011
00111001101101011010
00001111000110010001
11110100110000010011
11110010110011101101
10100101011111110101
11101010000110110010
01010000100110101001
00010010111010000011
11011101100011000010
00111110101011100011
11011011000101101000
00101101110001111010
10111011011111011110
01100101000111011011
11011001101101001111
01101000101000100010
00001111000111101001
01010000111101010001
00000111011000001011
01000100011110111111
00110111010110011111
01100010011101111000
11011110101011001111
01010111001011110001
11011010001111010010
00111100000110000110
00110111111101001110
11001100101001011101
00000010111110101111
10010000110101001010
01100101001010111000
11111011101010011011
00100111010110101101
00001101111110000001
10111100001010101001
01011000001111010110
10110100110101000110
01000111011111000001
01000100110111011101
11011111010110011100
10001111000100111011
00110110101011110100
00010000000110001111
10000110101001100101
01000011110010010110
11100000110010110111
10101111110010011011
01011101100110010010
01010010010100011101
01100000100001101010
10110000101000111010
00100010100101010101
00010101010010111010
01010010110111001101
01000000011111100001
10101101011100010111
01010010010010100111
00011010000101010101
11110100111010001110
10100010011010010101
01110110110011011000
11100111010001111111
11110110001100101100
01100110110100111001
00001100100110101010
10001010111011000110
11101011010101010011
01011000101000101011
00101001011111110000
10001010111110000101
01001100010100001011
01101011001110110100
01011101101111101000
00000011001111110010
11100100010111000011
00010101101111001111
00100111000011101110
00001110001011001111
01000011000101110100
11000001110111001100
11111100000010011111
10011010101100100001
11010011011001100101
11001101011010100100
01000010000001001100
10001101011110111110
11011010100110111011
10110110101011011111
10011010000100100111
01011110000100000011
01111100100110001010
11010100010101111011
01100110101000111110
11111000000101111000
01010010100101010011
11000011110001100101
00000010111010101110
10111101010110000100
01000101101111011011
01100101000110111111
01011101010011011011
01010100010101110100
00011100011111011001
11010001110110111000
10101111010111010111
11111011000000010011
01100111111100110110
00000000001100111001
00100100111110111001
11011110110001000111
01101100100101111100
00110001111101110010
00110100001100111111
10000011011001111101
11011110110001111110
00000001000010111101
10110101000000001011
00001001110111011001
10010001101000110001
01111010100010011100
00011001100010010000
10101100100011001111
01001011111001100100
00001100100000110001
00110010111110110100
11100100101000000101
01101111010000111001
11111001001111110110
00111101011101100010
00110011111010000011
01000100101000101011
10000000000000100010
10011000000001101101
11111000110011011001
00011111010001010010
01010111100011000101
01010001110101000110
10101000000101100100
00101001101000111001
01110100011101110101
10100000101010010001
11000010000110001111
10010101001000000010
01010100110110000111
10010011110101011011
00001000110110010010
01110010111000101100
01110010101100011000
10110100011100101110
00110100101010101100
10101110010010010011
01000010110010010010
10100100111010010110
00000001000001100100
10011111100010111001
01100110111111101001
10110000011110100101
11011001011001010001
10010001111011011110
10001011010000101110
00111010110100011001
10111010011001001101
00001110110111100001
10111010100010000011
01000010010010100011
10000110111000000001
10111101100100110010
01010101100010010110
11111100011110101111
01000100000100101000
10001001110011101000
01000101001010001010
11100110011000111001
11110011100001000101
10100010011000000010
00010001100010010001
11101011101010111000
00001001100110011010
01100000010111110100
01101110111110010101
11001011101110000100
11000111010000011100
00001001001011100111
11010110111001101111
00000110000010000011
11101001010110110111
11110110011101111100
00111011100101111010
00000010000010101001
01011001111111110111
11011010001011110101
11000000011010011010
01000011011001011100
11001100111000111000
01000111100100010110
10100011101000010101
01111000010010010010
10011000111000010101
11000001001101101111
00111001110100000010
11100001110000111001
00001100011011101011
01101100100110000111
10000010000111000111
00111001011110011011
01010111111011010010
01110011010101110101
00011000111010010111
11111100000010001110
10101010000000010010
01101100101111010100
10010001000101010001
01010110101001011101
00110011111001110110
11010101101100110100
00010011101110000110
00001011001101010000
10111100010010111101
00101010111010100010
00110111110101101101
11111101011111010101
01001110110010100011
11110100111011100110
10100101000111011110
01111011001100001100
10010101011000001100
10110101001010110101
11000111110100101011
11010001001000101011
10111001111110010011
11110110100001010010
01011101011010110111
01011011110100110100
01010001110011110011
10111001000010011111
00101010001000011111
00101111111001010001
10010001100110001110
10001111100010110101
11010111101001110011
10100010101100100110
10000100010101011111
10010110010001101111
10111110111010011100
01011000011011000010
11000001000010010000
00000101011100000001
01111100110001010000
11110110100011000011
00101011111000011001
00111100011011101000
10111100010101010001
01010111000101101111
11101000101100111000
01000011000010000010
10111010111101110110
11100000001110111110
11100001111001111100
00111101011111101101
01001110111000111011
10010100010010000011
11010000101000101010
11110101000010000001
00111011011000100010
10111111010111101010
01000011100000011000
10011011010010000000
01000110010010010111
00011100001010111001
01111011010101100111
01100111001100111001
00000011010001000001
10000111110110100011
11011100101011110000
10010111001101100111
11100000101000001111
11100000000010101010
00000110101110000010
00011001110111100111
11000100100010111110
01101101010100101110
10011011000101111001
01011011000001111001
01011010001011111110
01000111000001000000
10010010011010101110
10111101000110101010
10001000011101100100
11010111001001110110
11110010110010001101
00000000010100101100
00111111110111100001
00011110101110111010
01001000111110110111
10111000010100111100
00110110010011001010
01000110110000110101
10001101011011010010
00111010011011000001
00000100001110101101
11111111000001110110
01101010100100010101
00010100010100111000
10000110101110011110
11100101111001001011
00101010000111011011
10101101101101101011
10100110000010010001
01110001100110001000
10101111101001010001
00001101000011101001
01101010111110101111
00111110101000101011
00111001111011100010
11011000101001000011
10000010100110100100
00001011011110011100
11000111000000001010
00111110011001000100
01100011011001000110
10001001101000001110
01101001101011011001
00000101101001011101
00111011101101100010
00100011110001000100
11110100001110010110
01000000110101111101
01110110010110010011
01101010100011100000
11101011101101000100
10000011010110111001
00111001100100000000
00110111010001101101
00000110100001000011
01111000111110011010
11111000001001100111
11001101000110100111
11101111111010110010
00100110110000111010
10101010000001010111
10101010100111011001
10010001111110111010
01100011110010111111
01000010011111110010
00000101101101111110
10111111011010010111
00001001011001001001
00110010110100110000
01110100110001111011
00001111010000111101
00001011000101000110
11100001011110100110
10100000100001011111
00011010000000001010
00001110111100100011
11000000100111010111
10110010001100100000
01011010010100000100
11100010011001100000
10011011000101011111
01101001110111100110
01110001000011101011
11000000010010001000
00010011100011100001
00011100001100101110
10011001000001001100
10111010001110110011
10001111111111110111
10111010011111111011
01111100110000000101
00011100011010001011
00011001010011011010
10010010010010100001
11110001111110100000
11100100100111111100
01000010000111101111
11101110001111010001
11101010000000101000
11000001000010011000
11011101001110110010
00000110101011010000
10101011000000101101
11001111001000111110
00100100100001111011
10110011001010000001
11001011011100010110
00100110011000000011
11111111000110100010
10000101011111111001
01010100011111011100
10001000110001010001
01011011100111101001
10111110111111101101
01100001111000110110
01101110111000101011
00111001101001000111
00100011010110011111
11011010011001000010
00101110110110011101
00101011001111101110
01010101111010101010
11011000001110000101
01100100010001100001
01000011110001111100
11101101010011010011
10101101011110111101
10110001100111110100
01001111000010011111
00100100100010110111
10101010000011011011
11110001100001101110
10000011110100011001
10010100010000111110
00100001001010111110
11111000001010111000
10101000001110011001
01001101100010000100
11100010101000110011
01000010000010010101
11011011100000010001
00001111010111100000
01100011011110000101
11110001001000110111
01000000100110000000
00100111100010111110
01001011101111000100
01011001000010111101
10101010001010000110
10101110001101010001
11110011010001100001
11110100010111000011
01111010100011111001
01111011001101101000
11001011100100101101
00100100100001100110
00001001101111101110
01101101111100010000
01011110111110101011
00100010111111010110
00011011100000110000
00010011110010111110
10001101110101011101
11011100111100001001
01110011111110110010
11001111000100001000
00101101010111110001
01010000101111100001
01110000001000011000
11100100000100100000
01101101100110001000
10110100000010011100
11111001110111000101
10100010011111101010
00011100101110100110
01010100101000001101
11100110110000111100
11100111000100010110
10110101101000000110
00001101010100001011
10100001010011011110
01110100011000100110
11100100100101010000
10010000100110010111
11010111010000100111
11110110101110010010
01000100011110010010
10110111010111111111
00000011010100101010
11111101000011011100
00100000101011001011
01011010110011110000
00011101010010110100
01010100001000111000
01000010111111001010
11100110100101011111
11100001001111001100
00111111100000100010
01010010100101011110
00001111010111100111
11111001100010110001
10000010100100001110
01010011000000101111
11100111101010110111
10011100000111110100
10101111010001110011
10100010010110000011
10110101000000010111
01010111000100000110
01011001111101010001
11110100110101001000
01100100000110101111
01100100000011111100
00111010001011111010
01010100010110010110
11100101001000111101
11100110100010111110
00011111100011111101
10100010001011101111
00001000110010110100
11101100001110011101
00011110000010011111
01010000100111011111
10111010011000111101
10100101110001011010
01101011101100010110
00100110100001101111
00001000011001011111
10100101100011111010
00000101001110011011
11010010110010100001
11010011100100110010
11011100011101001100
10110001010011000111
11011101110001110110
01101011010100100011
01010100100101000001
00101101101110110011
01000011101000010010
01100010110000111111
10010110010011111110
01100111010000110001
10110110111011111101
11111001110001011101
11011001010110100011
11011001111110110011
11101011011100011110
01011100111011001111
10101010010001101110
00001110010101000101
11000101011000100010
01100100010011000010
00110100111011111001
01101111000000111110
01001000000011101001
10111111100100010011
01100011110100001100
11100101110111011010
01000010011001100111
10110000101000000001
10011010110100101000
01101111000010110011
00011001111111110101
01000111111100000111
01000100010011110000
11011000100001110011
00001011101110011111
11110001111010001111
01000101011000101110
11010101111111001011
00100110011000000100
01010100011011100001
10001100001010010100
00010101110000101011
00101010111010010101
00100000001101000100
01011101001100101000
11010111000010111001
10100010100000010100
01100000000001111001
01110100100101101011
11101111110001101000
11101001110100101101
10000100100011101110
11101100011001010100
10100110101100111001
01010100000111111010
11011011100111101001
11011101010010100101
01011110001111110110
00000110111011110010
10100110010000000110
01111101101001100011
10001011001110111110
10100111100000001110
10001010001011111101
11110011000101111111
00001001010100001001
10010100111111011001
11111110000001001000
00000010000111010100
00111101010001101101
10110010011010110010
11100001111000111101
10011110010111000110
10000111110000000111
01011000000001111011
10010111101101100000
01111011010010111011
11010010100100011001
01100011110000101010
11000001111011000000
01000011111100000000
11010111110110111110
01011011000010010000
00001100100100010000
01010001111000001001
01010110011000010110
01000100000010100011
00111001110001101100
00101000110110010001
10111000110100000011
01010111001110010011
01111010110001111110
10101110011111011010
00101100101011100011
11001001001001110010
10010111010111111111
00011101100100110000
10101010011010011010
10011001000101000001
11101000100010001111
01100001010010111000
00100100100100100100
11101000110000110000
01111000111011000001
11111000011000010010
11110101100101001001
11100010100010000110
10101001111001100100
00111111100010110011
01011111110111110010
11001000011000110001
00010111010011010100
01111111000111101111
11011011100110111111
11000011111000001110
01011001001010010100
01110010000010110110
00010101100001111110
01011100100101000001
11011111110000110100
11010000111100100000
00110011111001000010
00011100011011010000
00001111110100011100
01100011000110011100
11001111101000001100
10111110100010001111
00100100011100101011
00000101101001000011
10011101110110110010
01001110001000101010
01001100101100101100
01100000000010100110
00100001001110111010
11001111000111000001
00000011001100001010
11011111101101101001
10010011011100011110
01001000010110011010
11101101001111100001
11101110011000101001
00101101011100010011
01000101000110110011
10011101101011010101
11111100100100101000
00111010110110111100
01001000010110010010
11100101111001000110
00000111110110001101
11000001111111001001
00100111111001010011
01000011111111101100
01010100110000101010
10101010000101101001
11001111001100011101
10001101000110011100
01101000000111001010
00101001110011001100
11101101110001000110
00111111110101110111
10011011101001001101
00110101100100100001
01011000001100011101
00001001110010111100
00010111010111010010
10101100111010100010
00101010011110110011
10101101001011101010
10010010010110101001
10010000000110000000
10100000001100101000
00001111000101110001
11001000111001111101
01011000001100110111
10110100000111101101
10110100010100101110
01011011110111000101
11101001111010100011
10101001100110100011
10001101001011100011
01001010100010110101
11101001101100010110
01100010010011000001
10000111011010011101
01001001000100110101
11110100001001110111
00010101111001010001
10110100101011010001
01101100011101010000
11100000110011001011
01110000011000001111
00001100111100110111
00110110010000001101
11001010100011111001
00001110100111101010
01111110110001101000
11101100011100000010
01000100011001011001
00101001010001010001
11111011000100010111
00111010001010001101
01111001100011000000
01011001010100110001
10101001011010010111
01101010001100001111
10101100000000011110
00011111100111011001
10111101110011010100
01011100001100101010
10010111100011000000
10100000100010000111
10000010001101010000
11110001100000111010
01110010010111100110
10010110010100000010
01110001101011111100
10001011011010110010
00010010010011000011
10101001011110001010
11011010111100111001
11010101100101111100
01100011111111010010
00011011011010100011
11001111001001011001
10001001010110110000
11011111001001010101
10110000011101001000
10101111010010101110
00001010000110011001
01010011000110001001
10001100011101110101
11101001100111101100
11110110011010011001
10010110101101010010
01000101001000010011
11101000001000100101
11100110101010011000
10001101000110101101
11000010011110110000
10111100000110101001
11101100011001111010
11110001000100001100
11101100001001111110
00101101110011011011
00110001101110111101
11101101000111110000
10100100001101010110
10011101110100000111
01011001000110100001
01001100100111001000
10011000110011101101
01001000011001011101
11000000111000001001
10111111000101101010
00100100010011110011
11101001000011001101
11011110001101010001
10000100110011111111
11001011010111110101
11110001111100001011
01000010110010001101
01001010111001101010
01101010000001001111
00101111110010011111
11101111100101011001
10111010100000100101
10110111001000001000
10001111111001000010
01100001100111000011
00000010010100000101
11111100101110011101
01010000001001000010
01101000000110001001
01011101001000001101
10011001010001100101
11011111100101110110
11011011100011001001
11000110100011111011
10001111100001000011
11011111001110011100
01101001000101110100
00001011111111101011
10111000101110101011
00101110000101010001
00101001111010001001
00110011111010010010
01111001011011011010
10011111010010001100
01000111001011100100
00010100001011111000
00110010000111110110
11101100100010011011
00001011101100110000
00000101101101110111
11100110100111111110
01010011001101011100
11001010111000001000
10110110100011111111
01001100001100110100
01100000111111011101
00111001100001010010
11000011010010011100
00011010011110010000
00010111111101110100
01010011100100010001
01110110011001001111
10000100111111001110
00000100010110111101
11000000101100010010
10010000111101000101
01110011110001100000
00111110010010001101
11101010010011011101
11011111101000010011
00111101110010100001
01111111001010101011
11110101011000100101
01010011001111011110
11011111100100011001
01110110110011110011
00101010010010101010
01000100000100101011
11110111000010100110
01010001001001011101
00101000100111110111
00111000010110001110
01100000000010000001
01000000111001110001
10101001011001001010
00011000011000001101
10001010010100100100
01101011110100001011
00010100101111000001
10001110010100011010
10110100101010100001
01110000101100101111
11001100111111000010
01010100100001100000
01111010000110011001
00000001011011001111
11011100011011101110
01010110001010010001
10011011100011101110
10100010111101011100
10100111111110010011
11011110011010101010
00011100110110000001
11110000100100101000
01001110000011001010
11000010010100000101
00001000100001100000
00011011110100100011
11011110100111101000
00111111111100111110
00010001111000010111
11011000011010110000
00011001010000100101
11010100000111111001
00010111101001101011
01001110100010110010
10100010101011000110
10100100100000100001
10111001011100101101
11000001000001101111
00110110010000000001
11001110111001011000
11111101001000110110
01000011111001101110
10111000010000011110
11000000010100110111
01000011110110000100
01110000101001010111
01000111111000111111
01100100110110010111
00111110111100101001
11100000011100001110
01011101111101010010
00001110101110111101
10111011001010110001
10110110101101101100
11011100110000100101
11000001110110110111
01011011001011111011
11111110101011001101
01001100011100100111
00001000000001011110
01111000110000010000
01010010001101001111
11111100110101010100
00111000111010011100
11010000101000001100
00111111110010001101
11010111001000010111
11001101101111100100
00101101101011011010
00111010001100000011
10110110001011110110
00100110010111110001
11110100010011111100
10111000111101100101
00001000100111111110
10011011011100111110
01011111011011010001
00011001011001001001
11111111011000011100
11111010110101111111
10000101111010111110
11010101101100110101
00011100100100000101
00110100000000001000
00001000100010101000
10111010011100000101
00011101001111000001
11000010011100100011
00010001001010000101
10011111101001011011
10101001101010000101
00010010100100000000
01011001101111000100
10111111011110100011
01000100110010100110
10000100100100111100
00100011000001100010
01001001010010000000
00010001000111011000
00011111100001100110
11101110101100011010
01111111001011000101
00111101000000101000
00101011000001001100
11111111001000111011
10100001011101111110
10011110001011011001
11010110110011010110
10100100011110001011
01011010110110101011
00011101101010011011
00011000001100010010
11011110111111111010
10110011111010101011
01001110111101110111
00111100001011001011
01111110111011100110
00000101000001000101
01000110110001111101
00111011100101010111
00111101010000100010
10100110100110101111
00000111100111100011
00011101000010110000
01000010111100000000
11001011111011000000
01010000111100100101
10000110001000101011
11010110000011001100
00011110000110010011
10101011100011000111
01010110111000101000
01001100011011111101
10011110001100001110
01110010101011101000
00010110000000100001
01111010100000110011
10101010001001001111
11100100010010011010
01001110000001011011
10110110001011010101
01101000100101011110
00011101010100100110
00100000001010011111
01010100110100000111
11101001100001101001
01111010011010111110
11110010111000000111
00100001101110111100
11010001011101011110
01111011011011110001
01010011100100100001
11011100010000000100
01101111111010000101
11101111111001000100
00001101010101110010
00001010010100111010
10100110000000001100
10001001010100010110
00101011101001000011
10111111110101011000
11111000100001101001
01011001101100001001
11110111111001000001
11001101101100111001
10010000101110010111
10000101111010111011
01111011100011010111
01001110101111001001
11100100011000110100
10111010111111011011
10011101010011001111
00101001010011001111
00001101111000000000
11111110111111110010
10101000010010110001
11110110100111000111
00111101001101000111
01111110010001001100
00001101110010110001
10101011010100001010
10100010100010011010
11101100100110111001
11101111101100011110
01010101100010101010
00000011001000110001
01101111111111001110
00100101110100111010
11110011101111101101
11010001111101100001
10100111101011011111
01010001010011101011
01111101111010110100
00100001000001110000
00001010010001000111
11000000001001110101
11110110101100110011
01101000101101100111
00010000100010001100
01101110000001011110
11001011101011001001
00000101100000010001
01110011011010010100
00010110011100010110
11000101100011010111
01110100111000001000
00010010001011110011
11001001000000111001
10101100110010110010
00101000111111110011
10100001100010100110
10000010001011111010
10101111101010011110
10100111011111101110
11000000100010000111
10010010001100000000
00001000101111110011
11101101010111101100
10101011101110001111
01110100001100101111
10111100010011010101
00110001101011100000
11101111010101100100
01101000101100000111
00100001001111111101
01100110000000000000
01000001101100011000
01001010100111111101
01110111001000000111
10000100000100011101
10110010000110111100
01111110010110011010
10111100001010011011
00110011001000000011
10010110110100100010
01111100010000101110
01010110010111111001
11110010001001110100
11001001110101111101
11000010011100101101
10100000100111010010
10011101101010100110
01000101011001100000
00111000101100000101
01011111000111001101
01011100010001100110
01101010100000000001
01111110000100111101
10101000010110010110
01010100010010101011
11111100011001100101
11110010010111000100
11011001100100100100
00011111001001010000
11000010110000011001
10000001110110100111
10110111001111111101
01110110001101101010
11001101000100111010
00001100000101100000
00100010111111000101
11101001111000111110
00100000111010111101
11100010010110110111
01011000101011110001
00011111110000011110
01111101000001001101
01110010100101110110
10011110111101001100
10101010110001101111
10101101111011100111
00000010111011010110
01100000101010000001
00001111000111101010
00100000111010011010
01000101010111101110
11100001000111111011
10010100011010000001
10011011111001110011
11010000110111111100
01000001110000001101
11111010111101100111
11000101000110000111
11010001000111100001
11001000101101000100
01100110011110110100
01100111101100111011
00011100001111101000
11111010110010100010
10101100011111001101
01011011011000100001
11000000110100100010
10110011101011110101
11111000110110111100
00111111101010100011
11100100000010001000
11000011111001011101
00011101100000111111
10100001101111001011
11000111010110101111
01111000101000100001
11000011011000100010
10101110011101000001
01000100001100000111
01000001001000011000
11000100011101101100
00010111110001010010
10000101000110000011
00000010101001011111
01110110000101101000
11011111110110111000
10011101100010010001
11111010011000001001
00110001101001111000
11011110110101000000
00111100110011010110
10011100110001010101
11111111110000111011
10011001101110001100
01011100110101001011
01100111100010110100
00111001000010001010
01000011111100010101
00100011001111010110
10110100111111011101
10111001100011011110
11000001110100001010
01001000011111100111
11111110001111110110
01001000000111111000
01000000100111111101
01000101111001110000
10101000110000101010
00011101111001111011
10000011010000011000
10011101001110100101
10111000111110100010
11010001101001111100
10011011110010000000
11001000110101110001
11001100001100101101
01110100001100101010
11000100000001111110
01111110111100100011
00000101010101011111
00111100010010110101
10001001010001011110
00100010111010010000
10101000111111000111
01011110100111010100
01001111011010101011
10111100110110001000
00010000000101111010
11001011011101100001
10100000110111111001
01010101000000110101
00111001110101011011
01101100000010010001
11111000110100010000
00000010000101011010
01101010100010110100
10101100101101110101
01011100110001101001
01111100001000000010
01011110111001011101
01001000000010100110
11001001101101100101
00011000111110100101
11011111010000111101
10111110101000110101
10101001111011010001
00001011100111011100
01001101101111100100
00000100110101110010
10001001100011011011
10011010111001100101
01101110010010010001
10101001111001010100
10001100101011010111
01011101100110100110
11011111111011001011
10110011100010001101
10001001110111100111
11001000011000101100
11001100011010100101
01111011010111101110
11100011000100111000
11111101101001000101
01111001001001110011
01111111111000101011
10011001101110101101
00001110010101100100
00001000111110000011
11101000100100101001
01001010111111111101
00110101001001110101
11101100001100011110
01001001000110010010
00010110111001110011
10000110000111111111
11011101000101111100
10011010111110000011
01000110000110100010
00010010011011001110
00110011110111100011
10100111100100111001
10111111101001101101
01110001101000110001
11110111100000111111
10010000001111111000
01100000001000100110
00100100001101111110
01111100110101100101
10010010100101110010
11101101001011100001
00011101100000001010
01101110010110110110
11010010011110111000
10110101000001111011
00101001011101000001
10000000001000100000
10001011001100010010
10101001111011001001
01100100111100000110
01110101101011001001
11010000101000011011
10100001001001101110
01000000010001000010
11010110100010110100
11101110001110111011
11110100100100110100
00100110111110001001
10000010000000100011
00010011001000001011
00110001100110101010
01101010111010010001
00010111001011101101
01010100101110001000
01000101100111001100
01010000100100011010
00101111111101000001
00001001111010010010
10101010100100110101
00111011111100010101
00000101001001101111
01111101101101111000
10100010000101010100
01000100011101001101
01010010000000011010
01001111001000001100
10011100011011101011
10001110100011011011
11101101100010011111
11000101010111011100
00011010011010011111
01101101100111100011
10010000000101000100
00000011000001101011
10001001110000000011
11100111110001011000
00100001100101000000
10100101101010111011
01110100110101001100
10011011100100000000
11001010011101010011
00010010101110000010
01011010000100000101
01011001100101011110
11110111101011010001
00000001101100010010
11010101000011001100
11000000010100100100
01011010000001101101
11110001011011010000
10111011010111001001
11110000001000011100
10101100010100110111
10111011111001001001
01110100011000010011
11100100101000101100
11001111110101110011
01110101100111100110
11111111011000010101
10111101101101010011
00111011011110001110
01010010000011100100
10010100100101000011
11110110000111111010
11110101010010001100
01111001111110001101
00000101001000000000
01000011100000000111
00110111011101110011
11010100101000001010
00000101010110100100
10100111000010001110
11011111110111110011
00111001010110100101
01000010101101101101
11100001010010011111
01000100111001000100
10101111000110010110
10100100001110100000
00110110010110100100
10111010011000011011
10111111000111111100
11000111101111001000
00101010010110111110
00111000111111110010
00101001000011001110
01101100011110101010
10101010001010000000
10101101100101101100
00011001010100100100
11100001001011100001
10000001101110111101
00010110111011010010
11010100000010111011
11101110000110010110
00111010011110010100
00001011001101101000
01101001010001111011
10110101111001011100
01011001100101110101
00100111010001100100
10010011001001000100
01001000010101000011
10000010011010000101
00110000111110100000
01111101010101010000
01101001000101100101
01110000111001001010
11111001000110100101
11011010110111101101
10100010010110001010
11010011110110010011
01100101100100111000
00101100100011101011
10011001100100111001
11111100100001111001
01001101101010110001
01111001001111110111
11011000001100001111
00110000110010101000
11010100110011110001
00011011101110111101
11010010011000100100
10000111011100000000
10010100100001111100
01101101001010100000
00101110100010100001
00110110011101100000
11100110001110001110
01011100101111111010
01111101000010011110
10110010111010100010
11001100011100100110
11111001001111011000
01010001000110100101
01011011100011100001
11000110000111101010
00111001101001011101
11010110000000101010
11100011011000011011
10111101101000111001
10001101010000011101
00110110011000100011
11101001110010100000
00111010100001111010
11111111111011011010
11011011101111100000
01010001001001011001
10101110110111000101
11111010100101101001
10101010110010110010
11011110100010101110
10110010101011000101
10100000111001110000
00101011100100110001
00011001000010001100
10011101110100100101
00100110110110010001
10110111111010101000
10011100000101001000
00100110010110001110
00110111101001010011
00111000111000111100
11111011011000000001
11000101000010011111
01010011010111001000
10010010011111001000
01110101011111000000
10001001100111010111
01101111011111110100
11100100001110010110
10000000011101111000
10110100000100111101
01101101111001100011
10000011000011010010
11110010100101011000
10011101101111001000
01000110001010110100
10111101100111011100
10110011100110000110
01011010110111011010
10001111101000111101
00111011100011010100
00100001110000001011
01111000000111011000
11100111010001111101
01101100000000100100
11001001000010001000
11000000010110001010
01010111000101000001
00011000001011010000
10001001010010111000
01001000110111101010
10001101010110101011
00000001111111111000
10111000100001101001
10110011111110011100
10100011001110011011
10110000011110100000
01000000000011010101
11111010111101011110
10000010110100000000
00110010101100110101
00111101010000111000
00010110001001011010
01111011101100101111
01000011101000110010
10101101010001100111
01001100000001100111
11001001101011010010
10110110001011000111
00010110110010100000
01010001001111110001
11011100001010110011
10101010110000000010
01100110110001110111
10000011001100011001
00000000001110100100
11100111100011100110
11111110011101101001
01111001000001101001
01001111111110111100
10110011111001101010
10011011000011101100
10000100011010110010
10011000001001100101
01010100011000011010
11101010001110011011
00011000001110011110
11111001101000010011
01111111100010011100
11101011110111001110
10110001001110100110
00110101100011011011
11011000100111001100
11101111101101000110
01000101100000011111
11010110000001000010
11110000101011001011
01101100011010010100
10011111011011111010
00001010000100111111
11001011111111000001
11111111011001011010
01010110000101101111
10000001000100000000
11010100101001001111
00011111000011100111
11110110001101000001
11110010100110001010
10000111110000111100
11010010010110100111
00001010000100100010
11111100011100010001
01011000010110001101
00100101001100000011
10100000001110011011
01001111001001000000
11001011101000000101
01010100000110011100
10011001100100001000
10100100101011001010
01111001101100001011
00010110000000111100
11001011110101100000
01101001010110011110
01001101011010001101
11001011100001111100
10000001001111100100
01010111101001101110
10110101101010110010
10111111000110100011
00011101111100111000
11010011110001000010
00100101101111100000
00010001010011110101
01111011111101110110
10110101111110011110
10110111100000110011
00001110100011001111
10111101000011000111
01110000010011110111
10001000001110000000
00001010011010101101
00000001101110101000
01100010100101010101
10011011001010111100
01101011110010001010
00000101101100101100
00100101111011101010
00000101101110000100
01101111011011001110
00010101000100100110
11010101011100100011
01111011011000101100
01001100100000000011
10010011100000000000
01111110001111110011
10101000010001001011
01011100011110000110
01110001111001111111
11000100101010000000
10000100010000001111
00010000111010110001
11100110110111000100
11000101110110010000
11111000110001110101
01000010011010010111
10111101000001000001
00100001011001111101
00110011010111110101
11001101011001000001
00001011010111001110
00110011110010110110
01111001000001101111
01010111111011001011
00110100010100010010
11101100000101110111
11100010000011101110
00000000010111100110
01101111011000000100
00110010000010000010
01110101000111000001
11111011100110101001
10000000111001101101
11110010001000101100
01100101100101101001
10010111100111001110
00000000110110000100
01001001010001001101
00010000001011010001
10101011110101100111
10111100110001111110
11000111100101000010
10011001101000000011
01110110001011110000
10110011100101101001
00011110100111010001
10000101001100100010
01100001000010010110
10101000110010011010
11111111100111110110
00100011000011100011
10101100110011001010
11101001110010011011
01010011001100011011
00000000010100001101
00101000111111100101
11110001101000110100
11111010001011001011
01010111010001001100
10000000011010100010
01101011100100101000
10100000011001100110
10000000001001010000
10011111001111100100
11011101000101000010
11011100010111100001
01111000110111001000
11111010010010001100
11011111110101111001
11010010110101110100
00000010001101111111
01111010101100010011
10011100111000010101
01010000011011101000
00101110010001101111
10011001101011101111
01101001000010101111
00111100101000010010
01110001101011111101
00011111100111110001
10001111101000111111
00100010100110000100
10001101110101110101
00001110010110000011
11011010101001011011
10100011100111001100
10100010111010000000
01001101011101111101
11110001011000001101
