20 2047
11010110010100111000
10011100000100011010
10101100100000000011
01110011000010100100
01110111101000110110
10011001001110011101
00010101111000101001
10100010101101111011
10011111011101010010
00111011101001100110
10111010111100000100
00000101011101001100
10100100011001000011
10010101101101010010
11110010010100010110
11101110000111001100
00001011001000011010
01001010111110111100
01011001001010110001
11000001011110111001
11011010110000011011
01101111101110100011
10001010010110010110
10001101111010001010
10011000001011110110
11001011101011101011
10000000100100000101
00010110111111011101
00111111100100011101
01111001010000100101
00011100000001000101
10111000111001110101
11101111111100011010
11100111001100100000
10000001010011110001
00011011001111111111
10111001111010100101
00010011110111011010
11111100010100010111
10010010111110010001
00000000011011001000
01101110111101101011
10001111000000011000
00000010101000111001
11000011011001001010
00010001110111001010
00110101101001000111
11011011000000011100
00011110011001000010
00111010110010100110
00010011001001101101
00101001010000011000
00111101011101110001
01110110000111100110
00011010111001110000
00010111001111111010
11000010010001000001
00111011111111110011
01100001011110010000
00110010001010101110
10000000010111001011
00111100100010111010
11000011101101010011
01000010101110011111
11011110101100001001
10110111101100011111
00101101111110010011
10001000100011111100
00001100001110001101
11110111111110010010
00110100011011111100
10110100101100110010
00000001111010100101
01010011001111111001
00110110110010011001
11101001000011000010
11000001110101111101
11010010100110100010
00110101110110000000
00110001001100010001
10101111110010011000
11111000001001011011
00000101010111010001
10001101010011100101
01111110110011010110
11110111111000111000
01111000010011111110
01001000110000010101
10000000100011000011
10111100001000111110
11110000000110010111
01001110001010001010
10110111111011010001
01100001110101001110
01001010111111010101
11101111100111010100
01010001111001011010
11001100011110110100
00010001100110011101
11111111011101111010
01101010101010000111
10000001010100111011
01100000110010011100
10110111100011111101
10000010011001111010
11110100000010011100
00110100011011111111
00001101001001000111
10110010010101111011
00110001101001000010
11011101100010101001
11001101010001000111
10100110100111001010
10000111110110110000
11010111000110110010
10000001110111010100
10110110000101101111
00101010111001111010
01001101100101010110
00101101001110111111
11111110010010010100
01010000110110101000
10100010111111011100
11101011000001010101
00000011110111111100
00101000011111011001
00001100101111000001
00010100100111100101
01010010100011000010
00000101101001110111
01111111000110010000
11001001110110100111
10111111011011010111
00111001100000100011
00001011001110100100
01110000000111011010
01110111001111001011
00110011101000111101
11111011011011001011
00001001000001110001
00101100010100000111
00101000100000000111
00001010001000011001
11001100000011111111
01001101000101011000
11011111111100001001
01100111111110000111
01011010011110000100
00101101100100100010
11000101101011111100
00111101100000001000
00100001110001101110
11010001000100001010
00101001010100100111
11100001010111000011
11011000111011110100
01111101110010101100
00011000111100101001
10001111100001101100
10111111111101011101
00110000000011001110
01110011010000111001
11011100110100001111
01001010101011111100
10000110011011000001
01111001001100110011
11001110100010011011
00000101011110000100
11001010101011001001
10010001110011101110
10000100001101101010
11000000110001011000
01001111111111101100
01011110011010100111
01111111000001001110
11111111010101101101
11100110011101000010
01001111110010001011
11110001001111000111
01000101000110001110
00110100001110000010
11001100010010001110
00010111011111001111
00000001100100000001
10101011001101010011
11011101100000101100
01100110001000110010
11101100001010001000
11000000110111010001
11001011000111100000
00111101011001111100
10110111011000100011
10011111111001000110
11110111100100001100
00101100010001001010
10100001001010101110
01111111011110011011
01111011100101110100
10000011001011010110
11011000111001100100
11000110010010100100
00001010001101101010
00111010001100111001
00010110101110101111
01001100010110010001
11011100100011110011
01111000001100001011
11001111101000011001
01001100011101010011
01001110010011011100
00100100000100100010
01111001111101100111
01111100110011100011
00100010000111000000
11101000110101101111
01011110101110110110
11101100111010101110
11110110100110000100
11100010100010111101
11011011011111010011
11111000001110010000
10111010100110101011
01001000111111010011
00001000111011010010
00100000010000010111
10101110001011010010
11100010001110101101
01011111101010001101
00001010010101000001
11010101011001101110
00000111110111100000
10000100100001000001
01011001101010111100
01101000100110001101
10110011100100100010
10010011100011001100
00001000001001010110
01001111001111011110
11000101000100011010
10010000010110101100
01000110110001100101
00110110110011011110
10100000010001001010
00111010011001111010
01100111010101100011
10010110111101000100
00111100100000100100
01001000000111101110
11110011001111001011
10111110110101000100
01100000001000101010
10000000000011010111
01010000110001100101
10111110011010111111
10001001000011011111
00111111111101110000
11011001000001000000
00010101110011010101
10110001111001011000
10001101010010101001
10100100100100001100
00100100110011100101
11110011110010000010
01101101011101101111
11011111010010100101
01111111001011001000
01010111001110001100
10001101101101001010
11010010011001100111
00110000001100000000
11011101011001011011
01111110110101100010
01010011010110100011
01010000000101110010
00101010000011001111
10100101111111101010
10101101111010000001
01110001110001010010
10101011011101101101
00011000010001100001
11111111000010010111
10111011011110111001
00010111000101001111
01100101010010001000
11111000111111000100
01011011001101010010
00110001010001010101
01010011110111000000
01110011101110010011
10101111011100100100
00000111010010001100
11111110001110111001
11011101011111111110
01011100111010011001
00010111101001101011
01011011000110010101
10110110111111011111
11101100100001101000
00010010000101010101
10101001001000001000
10011101000100010111
10000001100100110110
00001110101101101001
00011111100100010101
11001010101011000001
00010110001100010011
11001100001001111001
11110011101001111011
10001111000001011010
10010000101100101110
00011110010010110111
01111010100010011000
10111100001101110000
00001011001101000000
00011010011100110110
01011001011111001100
01101010001010010011
11111110110011101111
11101111110000110011
00100100000001001111
11001010010001110001
01010011110000100101
01001110100010000101
01011110110011010001
10010001001001100000
11110110000011000001
01110000001001000011
00011001010010101000
10101101011010001000
00100011001011100101
10011100001010110100
10111001000001100010
00101001001010101100
10000111011000111000
01010010001110000001
11010101001100010100
00100010111000111101
11111001010011000011
01101010001111100010
00001100011111101100
11000011100101001011
01100111011011111111
01110011100011110000
01010001010011100010
10011010001000011101
01101111001001001110
10011011011100111000
00000011101111011100
00111111101000110101
11100100111001110101
11111101101001000110
11000100100010100100
00001111001110011100
10010101101101001100
01100011001111010010
11000111010110101011
01011111001101111011
10100000010010111110
10010010011011100111
10101001101010110010
11111100110010011100
11110110100101111110
11011001000001101001
11101110000011001001
01001101010001110000
00010000101010100001
10111101010111001001
11110001001110011000
10101100100101000000
10010110010100001100
10011000000100101101
00110010101000011001
01000001001000100010
00001101000100011100
11010101011100100001
00101110010111000110
11010111011011000001
11111000011110011011
10111011101111011110
01111000101101001110
10111100010010001110
11110001111000011000
11011101000001001011
10110100010001000100
11010111101110110010
00011100100001101110
10111010000111111111
00000111100011100101
01110011001011000111
01110001000101010010
01000011110001101010
10110001011011000111
11100011001100011000
10000010111011111001
01010000111001011001
01101111101001001100
10101110101101000111
01001010101101011010
00101100100101001001
11111101100010001001
00110110011111100000
10110001101001101100
01000100101100010110
01110110101001111011
10100001100101100111
00011101110100010010
11000011010010101100
10100101101010000011
01011011111111000000
01000000110111001111
11010011100010000100
01000111111000010100
01110110010000001000
00010111000110101011
01011011101110110001
11001101111110010110
11101011110110001101
11001000011010011100
10000011000100110101
11100101101010110101
00101000010111101101
01101001000101110100
11011100100011010000
00111000101010000100
01000101101111111101
11110100000100001100
01011101011101011010
00100101000010010001
10100101111101100000
11111111011001000100
01001111101100101011
11100110111011111001
11000100101110101111
01101001111011011000
10001001001011000111
00001001101001110110
10100000111001001111
10010010110110001000
11000010111000000100
00011001101010110001
00001010111100000001
11001010100110111010
10110100001001110111
10011100110111111111
11101101111100010111
11100111001110011010
10011011100101110100
10010110011101110111
11111101111101010110
11011011011001101010
10001011101010100101
01111101110111110100
10100010101011110000
10001101110010001101
00111011010110000010
00110001100001001100
01101110011111001111
11111000011111110100
01001100111111000010
00010111100010100110
10100100100110100011
00110000011101110011
01100110100000101010
00010010111011100010
01100001010000010000
01101110001011111010
11101001100111101100
10100110011111011001
10100101010110010000
00010111011100100110
00011001000100101001
01101010011000101000
11100011100111100111
01001001001101001110
11000000010000110111
11101101010001110110
00010110011011000100
10000001001100111010
10011110010001010111
01100011010110110011
11100011011111011011
10100011110100100101
00011001010101101010
00000101101111001111
11111000110100100100
01010010001011001010
01000010010001110100
01001100100111101100
11100011011111100101
00111111101010010110
01110111000001010010
11001001110011010111
00111000000001001011
11110110010111100110
11011111110010101111
11011010011110100011
10010011011100110100
11111100111000000110
00011101001010110101
00000011001100000110
00110110101011111111
01010111011100110001
00001110001100101011
11001110011010100111
11110111000111001110
00000111111000011001
00010010111110110000
11101100100100101111
10111111110111011100
10110010001011001111
00010110111100000000
00011101101100010011
11100101010011110010
11001001010101110100
11101011111111011010
11100101110101100110
10011000111101111001
01010110111110110110
01011100101110010100
01000110111110110011
00001001011110001011
10000010011101101101
01101100111011101001
11101110011110111010
01011000000110000001
01010110100011001110
01111110111011101000
10100010010001100101
11000010100010011000
01101000001000010011
11111111010010001111
00101101010100111101
00100001110110011101
11110000000000100010
00001101000001110110
01100100110000001000
00100110100100001100
11101101110011100001
10101000001100100100
10010011001101000110
11100111010100011000
10001111010011010110
11101000111001010010
10001100111100111110
00010011100111011000
00101010000110101101
11010010101100011111
10111000000111111101
11111111000110010010
00001000100110111011
10000100100101001100
10111101001110100011
11100100101001101100
11011111100000111111
10111101101101100110
00011110011010001010
11110010101110101101
00001001000111100101
11000101001010011000
00011101011011100001
11100000001111101010
10100101000110000011
11100100001011110101
00011010111110101100
10111111110000100011
00101000001000010111
10110000000000101001
00100011100111110010
10000101000110010000
01000111100110111000
00111000101101101000
11100010001110110001
10001000110001001101
01110001000010011110
00000110000000101010
11101111011001110110
11001111011000111101
11001000100111010001
00001011111011100111
11110001111111110100
01001101100101100101
01011001101000100100
01110010110010000110
01000100100000101111
01000010111010010011
10010101001001001101
00101111111111010001
10010100001011110001
11111110100010111001
01011100110110111010
10011110000000101100
00110001100010110110
00000011011100001001
10110111111111101010
01100000110010101001
00100001000000010110
11001101100111000000
00010110100111100011
11111001100010111111
01100111001000101110
00000010101011001001
11011001010001111111
11001001111001001111
01100000001101001001
00100000010100010001
10101110011111001101
01000011010101011110
10010111110100111011
00010111100011000000
10100100100100110010
10110101011010000001
11011001110011001110
00100100000011010101
00100100001001011110
10001110011001011001
00101110111010010110
11111011101011011000
00111000111111101000
10010000100101011110
11000101111100110101
00011010000110111111
00001111000010011001
10100100000000011010
10111011100101011111
01101101011010100010
11001000001000100010
10011110001111100011
10010001110000000011
01011010101001100110
11111000111000110001
11010110000110111101
00011010000110001000
11000111001001010110
00100011101011111100
10000000111100110011
00111011111101000011
01100000010110101111
01010011010000011001
10001000001011110110
10110100101001011111
10011110110011000011
00011001000001011000
01011110110101000101
11000110110011001111
00100000110011000111
01001100111001100001
11101001011110011101
10101110011100011100
00001101111110110101
10111110010001001000
01111110000000111100
00101110001010100010
00001010001000011111
01110010011101101101
11000000001001110011
10001011010000101110
00011101100010101111
10010100011001101010
11001000000001010000
11100001100001110110
01100011011101011100
11001100000011111101
01011011000101001101
01101011010010011000
10001111100100100110
01010101101011110011
11110011110000111000
11010100001110111000
01011000101000011111
01110011001100100001
11101000101111001001
11111101001011101111
00000111101111011011
11001000011110100110
01011011101100100011
10010100100111011110
01001101010011101011
10001000111111000001
01000101111100110100
01010110111000001001
11101110010010110000
11101011000111010001
10101101101011111101
01100111101010100001
11011000001000010000
00100110110110101001
10110011000010010000
11100010100011101011
10101001110000001001
01000110101011111011
00111111001001110101
10000111101100101110
11101110110010101000
10010000110001111111
10000000100010000101
00110011011010111000
00011101001110000111
01100000110111110001
11111110000110101000
10110011100000010101
11101100101000001011
10011101000011101101
10011000000101101010
01010010101110101111
00011001010111000000
00010001100011000100
10000001000110101111
01101011011000011010
11110110010011011100
00101100001101001001
00010100000111111000
10010000001000001111
01110101001110111111
00010110110100110111
10010010011111001001
10001010110001101001
10100010100011111100
10110111001010000100
11010010110111101101
11011001011010100101
10010110001000111100
10101000010011010010
01001111110101110111
00110001010110011111
10110011101001101000
10000101000110100010
10001011110100001111
00100011011010001001
00011110010111101100
10001111100001111001
00101101111101100010
10111101000010111001
10101011000010000011
11100001101110110101
10110110101110011010
10000010100100111000
01101100100000011000
10110110001111010101
00011010010111100000
10011101101000011011
01101101101001100001
10010111010100001011
01011111101000010011
01011001010000011110
01110110000110110001
11010011100011111010
11011110100010111100
11101111100010011001
01000101111010001000
01110011001010011111
11011100000011011110
00011011111110100100
01111101010011000000
01011000101001011001
00001011001010000011
01101110010010101100
00011011000111110101
11111101011101000101
10100010001001111010
00011010010001101000
00110000000111001110
10111001000010000110
00110110000010111000
01010000100110000101
10100100010110111110
00000011001110111110
00100100100011101000
00011011100110101100
11000001000011110010
10010100000101101011
00110101100000001111
01100111011110101100
10001010100011001101
10011100101010001010
11110110011000111111
01010000111001100000
11010011011000000011
00001001100100010100
00001001110001001100
00011010101011111111
10000111111010110111
01000101101100100011
10001110110000001010
01101011011100010000
11111000010001111101
11111101010111111101
01110101110010111011
10001111001000000000
10111000111111001101
01101111010101000010
01001000101111000010
00001101001011101111
00010001010111110111
00101000011011100100
11111101011001111011
01100111101010100011
01001001111110100000
10001001100111101000
11100101000111010101
00101010001110100100
10010110101111100111
11010000110110111110
11101111001011111111
01110101000110000011
00101111010011111010
10100101011000101001
01011101010111111100
00010111100111010101
10111000101010000000
10001000001101000011
01100011001010110111
01000111101010101100
10011100101001000101
01010100100001101110
01100101011010000000
00011001110001101111
11011111011101110011
00000000101100101101
10010000100111011010
10111011001000011100
11001100111010110000
10101111000010101100
11101110000111101011
10110100111101101110
01111101100010101111
11011100111011001000
00011110110110101101
01011110101101101000
00010001010000010101
11110010101110110011
11010111000001100111
00000010011001011100
10001110111101111001
11010111111001010010
01001010001000110111
10010000100001000010
01011011101011100100
10110110010101001011
11000101101010011011
01011011000110101111
10110000111101111011
01100111100101111100
11001111011010110011
11111101010010100011
11111010000111111100
00000101111000101011
10001111111010110000
01111110111011001110
00110111011110110111
11011010111101111101
00001100000101000111
01011001101111001010
11100110100000100111
01111001000011001011
01000110101011110110
10011100011010111001
01100000101011001010
01001100010111011110
01011110100011000111
11101111001100110100
01011010001001011101
00000111010010001011
01011110001111110100
01011101010111111110
11000011110101011000
00111010101000100010
10010100001011001000
10111011010001010010
11100011101011101000
10101100100111010001
01000100110000111100
11001001010000000001
00010001110101100100
00110111111101000001
01111010000000000100
10001100000001011000
10110010111110000110
10100101001110001111
00011010011010101111
11111010001001001011
11011100111010111010
11001001001011101110
11001100101010011010
01111010011001000000
11110100011110101110
10110111100100110100
11011001100010010010
01101100111100101011
11110010010000011011
11111100000011110010
11101010110100111110
00011111111100111000
11101000011000011110
10000001110101110001
10101100110001111101
10001110001110101001
11100111000010111010
01000110001010111111
10001011000010100010
11001101100001011000
00100011001101110010
10100110011001000100
11100011010010111110
00100000010100100100
11010001001111011101
11011010000010101111
00010000001111010000
01101011111000110101
10001000100001100101
00110110000111000100
10011110010010101001
01011101111010011100
11010011110101011011
00101111000111000100
01101000110000111100
11010110100110000001
00001110100111110001
11111101001010100110
10100111000011001001
10011011100000110110
10111001101011011001
00100100010001101011
11000010001110001010
10101101101001001001
11111100101100111011
10110100011000101001
00101011110110110101
01101001011010000010
10100110010100000101
01100110111100110010
01101011001011001110
11101111000111010001
01110101111100000001
11001101000101110011
11010000010101001010
00000110010001111111
01001001111111111101
01101110001110111010
00110011000010011101
11010010000001101110
11010011111111000000
00000101000000100100
11110100110111111011
10010000010100110111
01110101111011101100
01010011100010110100
00011111000101010011
11000100101000011111
01111100110010001000
11100000100110101100
01111111100011001000
01101100111110111001
11111011011110011111
10011101010111110001
00011101101011001000
10101000111100011011
11110111001100000100
11111011011111011111
01100001000010011011
11000010001100010100
00111100100001011001
10000111010000111000
11001000101111000000
00010110011100010100
11011001111011110101
10110100001100100001
11000100001110111000
11011000100011001001
01000110001111011011
11011101110101101011
10011001111100100110
10110011100110100110
11111100010110100110
01110001001100110110
10101010100001111110
01100111111100100100
10100101001110010110
00100001011110110011
01001001000011001100
11011000110110100110
10011000110011101011
01110110010100010100
01001111101010111101
01100011000101100110
11111010110010101000
01101010111010101101
00100000111100110101
00111101101010101100
01110111001100010111
01101000101111111001
11100110100000011100
01010101011100000011
00100011110001000011
11000100011101111101
01001011110011011101
11000111010100101101
11101111000101100000
11001011100011010011
11011100001111000010
10011110100100011000
01111001101001000100
11010101011101001000
01111101101110011101
11101111010110110011
11101000000100010111
00100011010100110010
10100011101000011010
01111110010001000111
11110001010111010110
00110010010001110111
00110010100111011000
11011010001000011010
11011011111101001110
10011011100011000011
01011111111111001110
10111010000100001101
01000101100101100011
11110101111010111001
11111001000011111101
11111101101000011111
11011001001000001110
11011000010001110001
10010100000110101001
11100001001010101100
00010011011000001100
00101111111110110111
00010011000110010111
11001001010011100011
01110010000011011001
11100001101000111010
00110000101001100011
11011100011011111110
01011111101011111110
00101101001110111010
01010110111101110111
00010001110001010110
00000010011100101010
11101111011000011111
01010001010101000100
10001000001110101101
11101001101101000000
10010111001000100011
10111111110011101100
11111000011110101011
10100100010001011001
01101101110000100100
01001000110000110010
01100111111111001010
01001111111011010101
11100110001111000111
00011100011100000111
00111111001011011110
10000110101010000001
11110110100011111000
11111111110011111001
10011111110011111010
10111111110001010001
01001011100010000111
11101000011110110100
00011101000000010101
11101001111111101000
01011111110010001101
11001010110110011110
00001010010010000001
11011101100111111110
10100011111111100101
01011100101110101010
10010100011001111110
11110101011001011110
01111111101110001100
00110101101010010010
10100010100110110111
11101110000110111001
11001111111001011000
11111101010101101001
11010011110111110001
11111100110010011010
01000101110010000010
01000100100010101011
11110000100001010111
10010100001010000010
00100011100001100101
10101111000000100100
00101100101100100110
10011111000100001110
00110001111001000110
01000100011010101001
10101000010000111101
00001001011100101101
10100011101110101100
00100100000101100011
00010010001110101110
00000011010001100001
11110010101100010011
10101001101000011100
00111001101110101111
11100101010001001001
11001100000111110110
11110011110111000000
01101110101011000101
00010100010110100000
10000010111000010011
00101001011000011111
00001001111001011110
01100101011101000011
01101101101100000001
01101111111001110000
10010010001010001011
00100100010000111110
11110001011101001001
10001110110010110100
11010011000011100000
11000111101100001000
00110100110101111011
11011010100110010111
11011101101110010101
10000011100101011101
10101111011010101000
11111001011100010101
10001001010101100000
10111001001011110110
10000100110000111101
11011000110100100100
01001001100101100111
10000001110001011101
00111111100100100010
10000110111110111110
11100011111101000000
11101011110011110000
00011011000110010011
11100100000110100110
01110011011110110001
01010111101000000010
00100101110111000111
11011100001111000001
10011001000010000000
10100111111100111000
11110000010010110011
01011101010000011001
00100000010101010101
01010101110001101001
10001010011001110010
11101000000000101111
01111101011100101000
11011000100100100000
00000010100001010000
10011111010110011000
11000000011101011110
01111111000010100000
11110000110100000111
00100101101110101101
00110101110011110100
01100000000101110111
11111000010100111010
01111010010110001001
10000110101011010101
01001111110110111001
11011111110001111011
11100101101111010001
01111011001101111000
10011010000010101000
01001010111000100111
11101110111111001011
00101100111011001000
10110001010011110101
01001000100011100111
00111000001010001101
11000100101110000010
10110001010100111111
10100000010011011000
10001010101100100000
01000000101001101100
00001011101000010101
10001111101101000010
00100101001001111101
10000110000110000001
10101000011001110001
10100010110100000100
11111101000110111110
10011011011000011001
01100101100101111001
10010101100111100101
01011011001110011101
10100100010000001000
00111101011010100110
11110111010010110111
10000110001001011011
01000001100111011000
01101110010101111100
11100011011101010001
01101011100110010010
11110000011101000000
10111110000100000100
01101000000101000110
01011000010011000110
11010101100010001010
01110110001101011000
00111111101010000011
11010000010110000001
01100011111010011110
11001100100111111101
10000100010011000111
01100100101011001011
11000000111110010010
01111010111100110010
10011011001110001001
01100110111101100001
01110100000110111101
01000111011110011110
10101001000011111110
11100111000000001011
11110100101001111111
10001011110111011101
11111111011000111001
01010000110111110100
00010111001010110111
10001011010011001000
11010100000011001011
01011100010011101110
00001010100001000010
01011111100110110011
00010011101100110111
01010011001001101101
01101111011110001100
11011011000101000110
00001110011111010000
01111110001101010001
10110100111000111001
11010111000110100010
11110110110001101100
01011001110101000100
01001100001011100100
10000111001110001101
00100001000010000100
01100001000001110000
00000000100111010110
11010010000100101010
01000100111001000011
00111111100110010011
11110011111000111111
01001100110011011110
11010111110110111010
01111111111101011111
00000010101011111011
11110110110000010111
00101101110001111100
01101000101110110100
11010000000111100111
11110000111000111001
10010010110101011110
10011100001001110101
01101111100111111010
10110001111010101011
01101011011110010010
00010110100001101100
01011010100000000011
11100011100100001000
00111000110111100111
11100000000001100100
01010111111100000100
01101000000110110100
10101110110010001101
11101011001010000110
10101100111110100100
10000000010010100011
11010111001000111101
10000100011000111010
01010000101111110100
11010110001111100010
00011001011101000010
01000111111000001000
01010010011011111101
01001011101110101111
11010100111011011111
00110001010011000010
01110000111110010110
10100111011110000100
00001011101101101110
01100110100001100000
10010100111011000111
10111101100001110111
01111100100001001101
00110100001010000011
00110101000001100111
11101111010001110001
01011100100101001001
11110010110010011100
01111111011101100111
01110010100000010110
10001110000000010001
01111011000100101001
10100011101000011100
01011010000101010011
00010101101100011100
01011011101101100101
01100101100011110011
10101110110011010101
10110110100101001000
10110011100001001010
00100011101011101111
11000011101100011111
01000001110101011101
00001110100011000111
01110011111011001101
11111000000010111000
11010000111100001111
11110011111010110010
10000111001001100001
11111011111111100000
00000110000010011011
01100100111011000011
00010100111000011101
01010101111010100010
10101100101000000011
00000100010011100110
10010011010111001011
01100001100111110010
10011111110100000110
01010100011001001100
01010010011010111010
10000011000111010010
10000011100100001000
00010001101001110111
10001110010011000000
01101100110011000101
01011110011001001011
01101111110100010111
00011011001010011110
10111001111100111010
00000001000111000001
11000101111100101000
01100101011100001001
00101111110000100010
00100111011011100010
01000011010001100100
01110101001100001101
01100011010001000000
00001110000011111110
00100111010110001110
10011100000110111111
11111100101101011011
01110011001100011101
01011101001110110100
10011011110001010011
11010000101110010111
00101011010111101010
01101101011010010100
01001110010000000101
00111010000001111101
01011001100100100111
00001111100111000110
00101100010001101100
11110100110110001001
11111011110100011100
00001001110100110111
01010001101001101111
11011100101110101001
00100000101001111110
10101000110100111001
11110100000101111110
00110111001100111011
01101101000011110001
10101011000010000100
00110110011000101100
00101101100110011111
01111111101000000101
11100111101001101101
11000111101100101010
11000000111010111101
01100000001011100101
11010010100001100100
00100111000010110100
10010100001001000110
00000001011011110011
10010001111011000011
01010111001000010001
00011010010010010111
00010100010110011110
00000111110100111101
01011111000011100001
10111110011011101011
11111111011000001001
00000101101110010101
00011111111011011011
00110010101100100000
10100000010000110000
00110011110101110100
10000111001011010011
10111000001000011011
01010000011111110100
00010101010011000101
10001011110000111101
01101101011110111110
11000001110000110011
10101110101100110010
10010011100101110011
00110111000101000101
11110011000100110011
10110111111000111000
01011010000110110011
01100011011001010010
00010101110001001111
11100000111110100011
00001011100101000011
10011110011011111101
01100010100011111101
10101011011110010011
01010000111110000111
00001110111001010001
01110111001111101101
11000011100111000110
11110101101111001001
01100100100110100000
11110010100101011011
00110100001110111101
11010110000100100111
00110110010001110011
11011000111001011011
00111010010010110100
01110110000011010010
11110000111011001011
10011010001000101011
01001001100111100000
11110110010000001010
00010000101001110000
11111010000011001111
11001000110011100111
01011100011111001110
01010110011111010011
01100001111001100110
10111000111101110000
01111101000100101101
00101011111011000101
01100011100011001000
10011101000010000110
01100111101011110001
00100001110011010111
10010011111001101000
00101010100000000000
00001100101001000100
01110100001001000101
00011011001000011110
11110100101110001101
11010010110000001010
00011001001010001111
11000001000011101000
11010011001000110001
10101011010011000101
01010111110100000010
00111010010001011010
00001001100010101001
00000000000011011101
01100111011001001100
10000110111011101111
01001111101110111111
11101111101111000111
00110011011000111101
01001001011000100000
10101001110001011000
00001011100100010110
01110100001101001101
01101000111111000101
00101011101000000010
11100110011001000011
01001111011101000010
11011100101100101110
01011101100010110111
00110011001110011001
00111100011110011100
11110100011010101110
01111011001001111000
11011110001100011100
01110010100111110100
01111010000111010001
10100001111001101011
11010010110101110110
11011011000110001011
00010011001110010001
11000110001010010010
01001110101000111110
00000100100100111011
00100101010100011010
11000111111101011010
10100010101000011100
00100100010101111100
10100001110001001010
10111011111010111111
11111001011111001000
00110110100010111000
01010111011101110000
10010010110000110011
00010111001100010100
00011100110100100011
11000011100011110011
01001101010111011011
10001001011011001001
00010001010100000001
10001100110010001001
00010001100101110001
01111110110110001101
10100100001100001000
10001101101011111101
01111010000001111101
11110100010100111101
10101100001010001110
10010111110000010001
10100110100110100001
00000110000101101110
00010100100010011110
10010001000010110010
11110111111001110010
11001010001001001001
00000101110001000011
11010001010110010000
01100111000110001101
10010100110100101111
11000101001110000101
01010111011000110100
01000001110001010010
11011001100110001011
11010100011100101011
11100001001101101010
00100011110010011111
00100111101010101001
01010100011111000001
10110100110010110000
00101001100101001111
00001100011101010001
10010101010001111101
10111100011100010000
10011010101000110111
11001111100110001000
01001010001111101101
10110101100111001111
11010111110110010101
00100010010011110111
10101001110011111011
11001011101010001110
11111001001011110111
11110011100111011100
00011110001001010100
01110000000101010100
10001111101110000011
00001101110100111000
01010111110001010011
11010111010000111101
01000001000001111111
00000011001100010101
00100011001011011111
00101000010100001000
11110001101001111001
11011011100100111101
10010000100111001101
01000100100100001010
10011000101000001100
11001000101101010110
10100100111011001111
10110010011101001001
01111101001001001000
10000111000101111101
11001001101000010010
11011010011110011101
11110110101110000010
10111000001100001100
01011111000000001000
10010000010001111000
10011101011001100001
00110000010111100011
01110011011100110011
10010100000111100010
00011100110011000010
01010111001100001010
01011001011000011111
00101110011011100110
11101100011100101101
00000100110110000001
00101011001111000010
00011001000001110111
10110110101011010101
00010011010011100000
11011110100011101110
10001100111110010001
10010101100111110100
00100010000100110100
10101000010000000101
00011111010001001110
10000010011010000101
11001011000010011111
11100011001000000000
10001010000110011011
01000010101010001111
11011000011000001010
00001010011101110001
00010000011101110111
10000000010011101010
10111011101001101111
01110110010100001000
01100111010100001101
10110010011001010010
01101101011001001000
11110111101001100011
11001101001010110001
11000001110111010001
10011111011000100000
01010101011010010110
10010111110110111011
00000010011011011101
01010000101000011100
11100000010111000100
11100110110111110110
10011001001010101010
01100100001000101100
01001100111100010000
10010010110000101000
00001111000010011100
00000011011110111011
11100101001110001111
01001111101110101110
10100100001000111001
10001010100110010110
10010001000010101001
01001011111110100110
11111010000000101110
00000010010011011101
11101011011011010101
00011100001000010011
01000010110010001000
10000010110001101000
00111011111111001100
01101011100011000000
11001101111010011110
11000110001101011001
11111111011110111010
10110011111000000000
11110011101110100001
00001101110001010001
10101011111010101100
10100111000001101100
10000001010001001111
00101110000100001100
01101010100101100001
10110010001001001110
00100110110100101000
11010011001100100010
01101001110101000101
01010110101111111001
01001000110100010101
00110001000100000100
01110111110101000101
00111101111110001010
01110010101001100001
10011001010010111110
00001000000100000000
00110100100110100000
11001011001011010100
11110101101101000111
00011110111111101010
11000101000101011111
00000000011110000000
00000001111100110101
10111001101111011110
11011101000001011011
10001111011001110111
00001101101000110111
00111001100000110111
01010011100011001110
01000101000001111100
00001000101110011111
11000000000100011011
11111111110010111010
11110000110101010000
01100011010010011100
00010010010010101000
01010000110111000111
00010001110010001111
00110010101111100110
01110111110010111011
11000110001111101011
10110011101011011111
11010101111100100110
01110111110110010010
01100111011000001001
00111011011001110010
10100000011001110001
11101111010111111011
11101011110101011001
10010000111011111110
11111101010111010001
10110111100000001010
10111010100111010111
01010011000111011001
11001000001110000010
10110111001000011110
10101000010011100000
01100010110001011000
00010101111011011000
01100010001010101001
01001011100000100110
10001101111110101101
10000100100111001100
00111110111001100001
10001001001111000111
01000101100101100111
00001100011010100001
00000110001110101000
00111101100001100110
00001011001010000010
10011000001011010101
11000111000111010000
00111100111100011110
01010000000100001011
01011010010001111110
11000010110011001111
00010001100000100100
10101010001001001001
11101110011011110000
01001101001101001000
10010100111010011011
01010010111101100011
01001010001010110000
11010011101111100110
01100101100111000110
01101111010101000001
11100110010001111001
00100011011001111011
10111110011100000001
10101011001010001111
11111001101001000010
11111000000001110010
10100100010111101111
00010111001010100001
00101011010010010100
11001010101100110010
11101000001101101000
11000111011010000010
01000010011111100011
00101110001100111000
00110100011101011000
10100001110000100110
10111011001000110111
11100000001111000110
01110000110001110011
01011011111100010001
01010001110100110110
10101010101010100111
11010001110101101000
11010000110011101110
00001110101100010101
01010110001100001111
00000000010100000000
10111100010011011001
01100101100100111010
11001001111101001111
00001111101111000011
00001000000000001011
11101011001010000000
11000011111110000100
10001110001001000111
00100011010011111111
10100101000100111100
10000011110001010100
00111101110001110000
10101110100111101111
01001010000100011010
10111011101100001000
11110100000000000011
01101011110001101111
00011001000001100111
11110111001101000000
01011100100110010011
00100100111100010010
00011010011001001111
00010000010010111010
11101001010000100011
11101000110001101001
10100000000001100111
01110110110011100111
11100001101000101111
00111100000101101110
11011100011011101010
01111010111100010011
10100001010100011100
10011010001001011010
11111000001110011111
01101010111000000000
01111100011111100111
01101001000010001111
11000011100100011000
10100001011100111011
10000100101011101100
11101100110100100100
10101001110010101000
10100000100000110011
11011100111011110011
00010100001010011010
01110000100101011100
01111110010111111101
00001111110110101010
10111000000100010110
01011100001001111001
01100000010101010111
00001101001001110101
01110000011101010100
01011001010111011110
00100010111011100001
01010001001000011111
01101001101101000010
11100000011110000011
11110000011101111101
00000000111111001111
10111001101000011001
00010101111111110011
11100010000001000101
00000100011110110000
00000101010100110010
11010001101001100110
10011000000001101001
10011101000001100110
10011101011000100010
01101100111100110000
00001000111011101000
10101001010011010101
01101100101001111111
00100100011101000010
11101001011001100100
10011110011100000010
00010100111100101111
10110101000000011011
01111001001100110010
11011011111100010111
01101011001011111010
11101101100001011111
00000111111110100010
10010101111100100011
10000101000111011101
11110111100100110110
10111100011001101010
10111111100011010010
01101011101001110110
01110010000101001001
00101011100101100101
00001111011001100110
00111010011001100000
01110010001001100111
10010000010110100001
00000111011100001011
11111001001110110010
10100011011000101010
01000000100010010011
10001111111000101101
00101001010000111010
01100110111100010001
01100010111100000001
00000011011010111010
10001011000111101010
00000100100000000101
10110110000011000000
11110010100111001110
10100001111001001010
00100100010000000000
11100101101110101101
00010110001111011100
10110111111100101011
01100001110001111001
11111001100100000000
11011001100010000011
01100110001110111000
11110110010111100111
11010101100010010111
01011010101101101010
01101011010100010000
10100111010100000110
11100110101010100110
11011100001111100101
01010111010010101001
00001110111101000000
00011100010010111110
10111100010100111110
10110101110010000001
11111011011000110001
10111000001001010001
00000001011010000100
11111000100000101000
01010111111000000010
11000101101001110001
11100001010110101100
01011100010010001101
11010010010011111001
10111100110011001101
00011110110011111011
00000100100111111111
01001000011010111100
10110100000110100111
10010001111101111101
11011001001111111001
00001011001011100100
00001111101001101001
11010000101110001010
10000010110001111011
00010110111001110110
10110100100100111011
00011101010000111100
11000100111010110110
01111011001001101001
00001111000011011101
00100011001010010101
01001111100001011001
01000100111001100110
01100111000001000010
10111101010001011000
11101111001100101001
11011110011111010111
00010010110001101000
00000101101100101101
00100000110101001111
11111110110110011011
00100011101010010011
01100011111011001010
11001001010100100000
01001000101011111001
00110110000011100100
00100110010111010011
01000000000101010010
10111101001001001111
01001000011110011011
11111010000110100001
01010100000010010110
01000101110110011101
11110001111000110010
11111001011000100011
01111011000100110001
01010001101011001001
01010010111111111110
10110100010110000101
00000111110000111011
01001101100101101011
01100010010000111100
00110000100110101111
10000011000100100110
00111010101101000000
00101101111111100011
00000110001011101100
00100101011001110111
00001011111000010001
01111001001101000111
10001000111010011000
01010011111111010110
01010100011001110010
01110001100010000010
01110011101011011001
11101100100000010110
10011000101000000101
01000010101011110011
10011011010010010011
11111110110000001001
00001011011001011010
00000100101100101101
11001001111010101101
10100000000000101111
01111101110100101010
10101001111001111111
11001101000000110111
00111100100011001101
10101010010011001110
11010001111011010000
10101100110010101001
00010101111110100001
11001101100100101010
01001010001011110101
00011100101100110000
01111111011100110010
00111110100110110010
10000110010010110010
11010110110001011111
01000011000101001010
00010110100011001101
00111010001010010100
00010110000101101111
00101111111101000111
01110110000101010100
01000000000110011100
01001011001000000100
11110000011011111000
11101100111001111010
11111010111000000101
00101111111100110101
11011011101100110110
10111010011010101111
10110100111000000011
00001111000111101000
11001000111110111010
10100111100001000110
00010001011111101000
10100011011001100001
00100111111110011001
10011001100110111111
00000000101011110000
00111011011010100100
00101100111010010001
11111111100101110011
11110101001100100100
11101011011001001001
10000010110100110010
00111010101101100010
11111110111001001001
11111110111001010101
01100001010100000101
10101010111111010010
01001100110101000010
00000111100000001111
01100100010011001110
00000010101001110000
11011110001100110110
01001110001010100011
00011001101010011010
11000010001110000101
01110111101011110101
00010010101111001101
00101101110000011011
10110111011110010100
10001101111011110001
00110000001100100101
11000110010100101010
10011100010011001001
11111110000000100101
10101111010101100110
00001101100001000001
01000011011111000111
01101110010110011101
10101011111111101001
00000010101101011110
10010010011000111001
01000111111010100000
10110111001100101001
00011111001011100101
01111111000110011100
00011111111001011011
01111000001100011101
11101111100110110100
01011100001011101001
11110011011110100011
00100010000101100010
01010100111000110110
00011100100000110100
00000001010101001010
01000010011111110000
10100100000000001100
