20 2047
00010011101110000011
00101001101110101111
01110011011000100000
10110011000111111000
00110011101101001010
00010101000011000110
11101001111011101111
11010101011110110000
00000001100110011001
01100011100000111001
00010011101100010011
10101101100101010001
00001001100010111110
00110011010100000001
01100010110100110110
11100001110010110111
10101010000110000111
01011110000101101110
01001010110001100110
00001111010111001101
00001010011100101011
10110000010001000001
01001011100010000001
00000100111110110010
10110111010000001011
00100001110111111001
11001000110110010011
10001110100000100011
00110010011011000000
01011000011010011111
11111100011111001001
00011110101011111011
01010000110100111001
01110101011111110001
00000101100010100001
00000010001100000100
11111001110000101001
01101100110000100001
00000001111001000010
00000000001111101101
10100100111001010110
00001011000111001000
00000001111110011011
10110011010011001001
00100000001111111011
00110100001100111001
01110011001111011101
00111000010000110110
10111001001001010110
01111010110011110010
10100100110001101010
10110110011000001110
00001011010101001111
00000010111101101101
00101101000111001100
11110010111111010000
01001110111101001111
00100110001110001101
00101001111010000101
00001000000000001110
10011011101110001111
10011100101001000010
11001100000001100001
10001001100010111010
10101010010100010000
01011111111101011001
11110010001100110100
10110100010111101111
01110110111110101101
00101000111111101010
01000010010011001011
00110000110101000011
10000011101101111111
10100110100000010111
01111001101011001001
11101010110010110100
11100001011011110110
00111100110100111110
01000001100101000101
00101111000001100010
01000101100100000111
01111000111100010101
00011010111110100101
11000110100001001101
00100000001110001111
11011111100111100010
01011110000101100001
10100000100011101110
11110011110111000000
01010001101000011100
11101111001111000010
01000011100111100010
01110011011110101100
01101001110010001011
10010001001000001001
10110100111001011101
11100000101101001101
00010011001001000010
00000110110111011001
10100101010111010101
10010101100100010000
01111101110111111011
11101001101001110000
10010110011001010101
11100001100011010100
11000100101111001111
01100101001000101011
10100001100010000111
01001110110110111010
01111010010001111110
11111001001111011100
01100101110101101001
10110100011110011001
00010010010111001010
11101011000001011100
10111000110110110111
11000001110101100000
11110001110100111011
10001101000101101010
01110101110011100110
11101110101011110110
11101100101010101100
01101001010011111100
01101011100000101111
10011100010001000011
00101001000000111111
11100110000110100001
00100101111111101011
01110110111111110010
01100010100001111110
10001001011111111001
01010011001010111110
00110001011100001000
01001110000100010101
11011101010000010111
11101011000000101000
00011011100111010100
00110110100100110111
00001111111010000100
11011100111100100011
11011111100101000101
01000110111101101110
11100000100010100000
10010001001111011110
11001100001111010111
10111111111001111100
10010011000011010101
11011110100101001010
00101111100001001011
10111111101010001010
00010011101111111001
10011111101111100000
01000111010101011001
11111000001011101010
00101001101011011100
01010100100011111110
11101111101001000101
10101111011100110100
01001110010110101010
11110100011010110000
00001000010010111111
11101001111110110011
10001010010100001110
10100101101001010001
11010110001010100000
01011101010111101111
01101100111011100011
10101110000001001100
01100010111111011110
11000010001100100000
11100101101110001111
01010011100011010011
10101101011011100010
10101011100110000111
10011010110001011011
00001000000010110111
11100110111110010100
01101010001100111000
01010111101110010110
10101010001011111010
11001101010100110110
11011111001111101111
01011000000000111100
00111000010110001110
10010010100001011011
00010111101100001110
01110111100010110010
00100010101011000101
10100100100010110001
11011001100101111000
01100000011101000110
01011000010111101100
01100101011001011111
00001111101011000100
10101111001100101111
00100111000000100111
00100000100110000100
10100000110011001110
11111001111001110101
01110111110001011101
00111011111001001010
11111001000101011010
01100100011110011010
11100010110101011011
11010100100101110100
10111000001011111100
10100001010011101100
10111011011111100010
10010101010101111111
11001111010111000111
10101100111111110001
10011100010011001011
11111011001101100010
11111100101110001101
00110100110000111010
11001011111001011001
10100111011100000101
10101001010100110110
01100011111001110100
10111100100111101101
10100010101100011111
00111010101110110101
11001110000010111001
00101001011111001010
11011110000001100000
10101100011111010111
11000100000001010001
11100000010101011000
00110110000111000110
11001111101100010001
00001000100001010101
11010001101011011000
01000100000101010010
01110011100101001110
00011000110010001100
00001000010011110101
00100110011000110011
10001010110001111111
01010111001001101011
10111100101101101111
11101011000000000110
11110100010101111111
10010100111000110111
11110011110011001010
01000010000111000001
00010100011011111000
01011010111001101010
01100011010000110001
01010000100110100110
10110101100101010111
01100001100111011101
01111101001101110110
00011110010011011101
01010010010111010100
00000111101100101001
11110111010111011100
10111100100001111001
01010000010001000111
10111000011011111010
01000011011000000010
00111101101100101111
00110011000110110001
10110000101010100111
00010001100111010010
00110010001101111001
00010000111111111100
01111011000011011000
10011100001111100010
11110010101001000011
01011111110100001010
01111101001111010010
10100110100001111001
11011000000001111101
11100010101010111110
10001000110110101111
10100001111010101100
00111001110110011001
01011110000100101101
11100101001010110011
00101100000000100001
10011111101101100000
00001001001000101110
11110000000111101101
01110010101101000101
00000011000111100111
11001100001100110001
11001100110110110101
00110000011000110000
10001110010100111101
01100000000000000000
00101001000010100110
01010010001011011000
10111010010010001011
00011101101011011000
00001101111001110110
00011010010111010110
00010110100010010001
11101010111110100001
00110000100111011111
11101101110110101010
00101000001110001001
11111100011010000111
01001001110000001000
00111111111001110011
00001110011001000000
01101000011100101101
00000001001111110111
10000000110001000110
01000110110011001101
00011111100010001110
11101011100000101100
10100100101111010110
10010110111100000011
10110100110001010010
01011101100101010111
01110010001001110011
01011110010101111010
01000000010100000000
10111010110110001110
00010010101111000001
11010111111100101110
10111100000000101011
10011110101110010110
00111101100010010001
00101010011001110001
00100100101011000010
10000101110010011011
10110101000110111001
11010110100111000001
01110110110011111011
00010101111100010001
11111001110001101000
00101101101101101111
10010100000101000100
11111001100010000111
11101001010011010111
11011110101001110111
01011111011110110111
00110011011010001000
11011100011110010101
01011010100110011010
11101001101101000010
10110101100010001010
00111110010111000100
00111111010101110001
10010101110101100010
11101111100101011011
01011110001111001001
00101111101010000000
11000000011100111011
11010001100110001001
11100110100101100101
11111001110111010000
10100100000000110110
11111001010101111101
10011110010111101010
11101010011000110001
10101101001011101111
01001010110001001011
01011010100011111000
01010101100100111110
00001101010000100010
10001111110011100010
00011001100111001010
00001111110100100110
11110111110101110110
01010101100111001101
10011110001000000000
01010001100000100111
00101100001111110101
10101110000101011111
11000100010000001110
10111011000011111000
11101101101111000000
00001101110101000110
01011011110111111000
01000100110000011100
10100100110000100011
11100010010000111010
11000100001000010101
00010001100110110000
10110011110100010001
10111010000101100011
11100011001011011011
10110011111010110101
11010110011010001000
01010101110000001010
11011110100010011001
01010000111010010011
11001110001011101001
10010001101011011000
11001000111001111111
00010100111111100011
00100110000011010110
00011011110100010011
10010101000000100011
10001011000101010110
11010011111001011011
01110101011000110000
01011110010100100111
11101101101100101000
01010001100010110111
00111100101110101001
11001111101011010000
00111000111101100110
11110100101110101011
00010101100110101101
00010000100010000100
00100000111110010000
11100100010110101011
00110101001001001110
11000000011000011100
00111101101100110100
11111101011110111001
10011011011101000110
01011010010101111111
11010001101110011110
11010111101010010001
00011001001110000001
00000101100001000100
00110110010111000111
11000111001011110111
01011110001000111101
00010010010000111011
00000111010100100101
01110000110111001110
10001110110111001110
11101101110011111001
00111011001110101001
11110100100010011001
10110101011000101110
01000011011010110100
01001111010111100011
11010000011011010110
10101111011011111101
10000100000100001100
00010110111011010011
00010010001100101101
10110000001000111111
01111000111010111010
10000011110011000000
11000101000100010001
10010001000011001011
00010110000101011010
00000010001001011010
00010010110110101000
01101001010110101111
10100110111011001111
01001010111010000101
00011011100010000101
01010001011001000000
00001101010110101010
11101011000101001001
10110001011100011001
11101111101011000101
00001010101101111101
10111011001111101011
10010110001010110101
01000110110101110001
11101010000000011001
10100001011000000100
01010101111100101010
10000101100011101010
01011001100111001100
01101000100001000000
01111111001100000100
00100000001011101011
10010000000011001110
10100111000010000011
01111001100001101101
01101101001101100011
11101110001100110010
01110010001010010101
11100011111111000011
01001000110001011111
10010110111111011111
01110010101011101011
00111001000110000010
01111110000110100101
11101000000001011101
10111011101100100101
00000101001111001101
01010011101000010101
01110101101111110111
01011101011010110001
11101111010100101101
01011010111001001110
00001100011101000011
00000001101101101011
10010111010001101001
01001000010110001111
10000000100101010000
01000011001011010001
11110111000010000010
00011111110111000101
10101101011010110001
00111111100110010100
01001011101110100101
00010011111000101111
11110010010011011000
11010110100110000000
11010000001101010110
01100000011011110011
11000001110111101010
11011110000101010110
01100010111100101010
11111001111111001001
00000101100110000100
01100000001001110111
11000010110011011100
01101001010110000011
10001111100001010001
11101101001011101000
01000011001111010111
10100101111110011010
10010001000010011111
00011000000111111101
01101110001010101101
10111001111010111010
11111111011111101111
10111011011011010100
11010111001010001000
11100010110111000010
10000001110100101100
10001010011110010010
10110000101011010010
11110100110000111110
00011111011001100011
00111011101001101111
01000100011101111011
11111010000000011000
11111100010111001110
00011001011111011011
11111101011011110110
10101000100011011100
10011000001101010100
00010111001100001011
11110000000010011110
10100100010000100000
11101100100110011100
10100010110011001010
11100010000110111100
11000001110011111001
01000010011000011110
11010000110010100110
01011110110000000100
11110001101110001011
10001101001110110010
10100000010110001101
00110010110001111000
00100001111010100101
01000011110111111100
00010010110011010100
00001000100001011101
11100111110011101110
11111110010010100101
11101110101010000110
00100001000100100110
01001011110010011000
11101011001111011101
10111010101000111100
01101111011011001101
00110010110110101101
11101101001001000001
11010111110010110001
10010011100111001000
01101111100010100100
01101101010000110000
10100111001001001000
01010000001110001100
01011000101010001010
00111010011001110001
11011101111000100011
11111001010110001100
11101111111000101100
00111101110001001111
01010100101100101110
01111110000011100111
00001101110010101101
11110010100001101111
00100010111010011000
01011110100100101111
01000010010000111111
01110100100111111101
10001011010101101010
11000010000101110000
00011010001100110100
11000110000111001011
00100010100010101110
11010010110111100011
11001110110111111001
01101100011011100111
11011001000111101010
11010000001000100101
00100001000001010110
00010100110000011101
11101100100010110111
10111000010000010110
11111010100010001011
10011101011011001111
11011001101111111010
01001011110101000101
00010101010001001100
00101001010111011001
11000111010000000100
11001100001000111000
01000100110111011111
00110001011000111010
01111000110101011001
11110101010000100110
01110001011001100001
00011110101011000111
11110000100101101110
00111100000111010110
01111110110101101100
10101010111111011110
01111000100001110111
01101000100010100110
00111100011001101010
01001001000110111011
10001001100111101110
00000110100110001101
11101101111000000110
00101010101110111001
10110011010000110111
01010111101011111000
00101000101100110011
01011000100101100001
01101001000101001111
11111000010001001000
00100010101100011011
10101000011001011001
11001111101001010010
10101100010010111111
10000001000101111111
00101001100100110000
11001110010001111011
01000001011111001000
00110111001010111001
00010101010100010011
10101011000101000101
01110010001100101111
00110110111000100011
00100101010100111110
11001110010100011011
01011100000110001101
11010001111010101110
11110011010100100010
00100001001011011001
00110011101101001101
01100111111001011101
11010001110001100011
10100011000111110111
10100101111000000111
10000000100011010110
01010100100111010110
01011001000011000110
01101010011111010010
01110111000110011111
11110010010010011001
01110001101011001100
01111010111100000101
11110000011011101011
01000110101101000111
11111110110000111010
11000100011001110011
11101101100101001100
01110100011011001000
10101001011010101110
01000111001000010001
11100010110100001001
11000110101010111000
11110011111011100100
00000011101101001000
01001101101001111100
00011001011111101000
00110101000111000010
01011101111110001111
00010011100110101100
01011110001011100010
01010001111101001111
01000011011110001100
00101011110001101111
01001111011101110101
00010000000101011001
11111001110000001010
01111011000000110100
00011010100111010110
00010010111001101001
00010000010001011011
10011111100001010010
01010101000101111111
10101101001010000011
00010001111011100101
11111100100001110001
11101000101010110011
10011001110111101101
10010010011111111100
11011111001001110001
11000001101011011110
00000001010111100001
00101100101101100100
11001000001101101001
10111000000111010010
11011100001001101111
01110100100001000101
01011010101111000011
01111101010101100010
11001000010111101000
11010110111010111011
00000000110101100000
00000000101000010100
10100011101111101001
01011011010000011010
11011010001100100101
11101101100100110000
11010110100101101110
11010110011010001101
00111011011110011001
10011011110000011000
01001010000000101011
10000110111111011110
00111010010011110111
01010001101101011010
11011111101111101010
00000010111111100000
01010011011010111010
00000110001010110011
00001000010011001111
10000001000011011001
11000011000000001111
10100111000011001011
00111100011110110010
01000001100011100010
01011001001000100100
10011110100001101001
11110010010010000000
11101001100000111100
11000100110001001101
11100111000011111100
01110111111110110110
01100000000101110001
01100010100000100000
10100101011000010111
00110101011111000110
01011100111010100101
11011010110101011011
11011101101010011100
01111010000010010011
11011011011001010100
10101011111000000110
00001010010100011011
01101111101110010001
00011101101001101010
11111000110101100101
10100010111000010001
11111011110001000010
10110011011010111101
10011011000100010110
01100101011110100101
00100000010100111011
10010101111010000111
11010101000101100001
01010100010011011111
00001111001000010111
00110011001001011010
11101011111001101011
01010101011100110011
11110010001010111111
00110111111100111111
10110101100010101101
10000101110000101010
10100010001111111011
10000010011010101000
01101011011011111100
10100110000111011011
11101011110111110010
11110110100011000011
10110010010101100111
00010101010011011011
11110011100101001001
01001111001111000111
00110111001111101111
11010110100100101011
01101110010001011101
01001110100110101011
01100010111100010000
10100000010011111001
11011011111010100100
10100011101101101011
00011001101100000001
11110101110101011010
10111000000010101111
00011011001000010100
10101111111100010101
01101111010111011000
00010001000100110001
01000011110100011001
00110111010101010110
01100111010101000011
01110011011111010111
00101100101001011101
10110101011010100010
10001101010000100100
11101101100111000100
01110011011101000101
11000010010010101000
01100101100111011000
11010010010111011101
00100000001011011011
00001101110000111101
10011110111111000100
01110100001100111000
01110011011100111000
11110010110100011100
10101111110011101011
00111111001001101101
11000011010101001001
00100110111000011101
01010110011001011100
01011101000101111010
00101010001101101101
01000100011111010100
00101110010101011011
10110110100011110000
10001000001010110011
00111010001001000000
11101110100011101101
11101001001101010000
11100110101001011110
01101001011010001010
01100000000110110110
11101111000000010011
11001111011110010011
10111001111101111110
10011100010110011111
00111110100001101110
10010010111100011110
00011011100100110100
00111111001111110100
00110111000010001100
00010111111011111011
01101111100111000101
00101101111001111000
01110010111000000100
11010110100011111010
11111001001011000010
01010011000001010100
01011011011101110001
10101111000010100100
11110000101100100110
10010101101101110011
01110100110100010100
11000010010010010011
00100100001111110010
10011011001000110000
10000010011101011101
11111000010101000000
00101111011110010001
10010110010001000000
11111010001001000111
01111011100000101101
10010001101000011101
10010101111001011101
10011111010111111110
10010111101100010011
10000111100110011010
01100100010010101011
11010111010111111010
11111100111010111011
11111011101011010101
00010011101111011011
10010111000101011110
10101100001001010000
11110110010010000001
11000110101001011110
01111000010100011100
00001011101000100001
00000011100000100101
10010001010100010010
01010111000000011000
01001100001101111101
10110010111110010110
00100001010111111101
00010100110010011011
01010110011101001110
00011010100101100111
01100111010110111011
10111101101100000000
01101001100100010010
01100001111100001101
01010000000000101100
00001011111100101100
00100111001010101100
11011111000101011001
00001101011000000000
10101001111011000111
10111100101000111000
00000111100010110101
11011110010000111111
11111110110101110001
00011100000111110101
00011100111111001011
01011111110101100001
10100100010000111011
00100100101010010100
01000100010101000000
00111111110001101100
11110101111110000000
10101010110101101111
00100010001010101001
10001011001110000100
11110101000001100001
01111011111110000100
10001101011001000110
11100011100010000100
10010010010110011100
01011001101110111101
00001100111110111001
10101111001011001011
01100001010000110110
00101110000001011110
10010111010000011011
10010101100110110101
01100011011100000010
01101111011110110100
11000000001111001000
11001000101101011011
01000000001001101001
01000101101110111001
10001000011101100111
01000110111101111110
01011100100010101011
10101100101101010101
10000010010110011110
10010011011000100011
00100100010101110100
11100101011101010111
01011111101100010000
11011101100011101101
11101100110110011011
01010000100111011111
01111101000110111001
11101111101001001100
11000110111110111101
00111011000100110100
11010010010000100010
00011000000111001100
00010010011100000000
10111101100001100100
10110111110011000010
00011101101011000011
01101000110000100000
00101011111110011010
00110110110111111100
01001110011010010100
01010100010001000011
11111011111010100111
10000010011001111001
11010111100001111010
11111011111110110110
00100100010011101110
11001111111011101010
11001010101011011100
01010010111010011010
01000101001100101100
10001011011110010110
01010101001000110101
00111001111001000001
00110101011110100000
00000101000110000001
11011001010011011010
01011101010011011011
01110111111001010000
10010110100110110000
00010010001000010000
10000011101100001000
10111001011110100001
00010101111101100001
10011100010010001101
10111000111011001100
11110001111101100100
01001011010100111100
11111001010100101011
10011111001100000011
00011100001011100011
11010001110101101010
10101110111110110101
01011010011110000101
01000010010101001110
10101000110000101010
11000100001101011111
01110101010010111010
01000000100000101110
11111010011000001111
00100001100111110100
00011000001100000100
01010000111101000011
11010010001000100110
01111011110010001110
00000001000010111001
11111001110010001111
00100111011111011001
11011100000001011111
00111111001001011101
01011100111110011110
01001011111111011100
10111010101011001001
01011111000000010101
00001111111110010110
00111000000100110100
10001111111011101010
01101001010111100001
10000010110111111001
01001010100001100000
01101000000101000010
11011101110100101001
11001110100110111110
11010001100010011101
11001001101000100011
00010001110101111010
01111010000000110001
10001111011001010100
01100110010010101000
01001011000101010010
01111110110100110011
00101011001010001011
11101001100110110001
10110010100101101001
10001111110001000111
10001011101111100001
11010111100101001011
11110110111001001101
01011100011111110111
11111001011011011001
01101110000000101111
10100001010111100000
00110111100111000101
00010101111110101101
10011011100111110101
11101101000110100110
01010001010001010000
01011101001101101110
01110100010011010010
11111101000010010111
10100001111101101010
10100110100100101011
01110001010010101101
00001010010101101010
10001000110111000001
11000111010111101110
01001111001111011110
00110010010111100100
00001110011101010011
10010010000001010101
00110001111010010000
01100100011100100100
01000010011001111100
00101101100011000111
00100011001100000011
10001111111011010100
11101100011101111000
00000000111010010001
10111100011101110011
10011011100010011111
01000001111101001000
00101010100000001001
11010101011100011101
01010011111110011111
10100110100001000000
01001010010010000011
10110100101100110111
11101101110010011111
01111000010111011011
11010111011000001010
11111101001110011000
00100001011001110010
10001000010001101010
01001010101000101011
01010011110100100110
10010110110110111000
01010001000111010011
01111101001100101000
11101000110001001110
00111100001111011000
01100100000001101111
01011100111111100111
11010000001011111000
11111001011110101101
01111001001100100100
10101000000101001111
10011101101000110010
10110011100001100110
00101001100100111111
11101001010111100011
00111011000110101101
00011011110101001000
11000101011100111110
00110000011110000000
10100110011001010100
10011011111011111101
10100010111110011100
00011010100011101111
11110011100011111010
10101000101010100011
00011001000011111110
01010011001101100001
11110010101011101010
00001010011010101111
11011110100100011110
00111111110010101000
01111101000000101101
11000010010100000101
00101111101100101100
00010110100101000011
11011100110001010100
00000010110101111000
01100101100100110111
10110110110001011100
10110000110101001110
10011001010010100000
00010010000000010000
01100111100011101111
11000011011100000011
10110000010010111011
00110011111011010101
11100001111100000111
11011010110001010100
00100100110101010001
00001101001011101110
00011001001010000011
11101010000110111001
11001111100100110000
00010010011000101100
10100000000011000001
00010011110000001000
11011110001101011001
10001101001010011000
11011011101110011111
11011011101000010000
11010001011011100010
00000010001000110110
10001101010011011110
01000001000001101011
10011000000000111001
10111000001110111100
01001111011000001001
00010110100011100100
01011101001010100100
10111100010100010001
01111001000100011101
01000011010110111110
10001100101011100010
01101001110010110101
10100000101110010100
11010000110011011101
01000101101111100010
11001000101000111111
10101010010000111100
00100011110010001101
10001000101101101101
01111100000001101111
01100101001010000110
10101001000000110110
11110001001100100010
00101111011010101101
01100100011110101111
11011110010011101010
01100110111100110000
00000001111011111111
00111011010101000000
10011010011000101001
10000101110110100110
10010010001100101010
01110110111111000011
00000010111011110000
01101110111111000010
10101001010011010111
01111110100001000011
11101000111010010101
01110110101111010101
01100001000000010110
10001001110011100101
00010101101100110111
01100100010111110000
01011110010010001001
01111010110100101000
01101010001111100111
10000001011010111110
01011111111010001000
00101011101110000010
00010010101000100111
11101000000001001111
11100001100101001001
11101001101001000001
10011011011100010000
00100101011111011011
10100011100011110101
10001000011010010011
00010000101101001000
11010000001110010000
00001100111111010110
01001011011011011011
11001101100000101001
10011101111010011001
11100011110000110110
10100111111010000011
10111010000110010001
11111011101001010000
01010100111010001011
10100010001001011001
01100000000001001001
01100110000001110001
01001000101101000011
00100000101111010101
10001110110101100101
10110111001110101001
00010000000011010011
11011110010000000100
01111101111101111001
10100100110010011111
10000110011101111111
10000011001111101000
10101001111100011110
01000001110111011111
11101110001111011011
11110101000100010000
11111011100100111111
10011111000001111000
11111010010110111011
00110001101000100001
00100000011101000011
01111010011111000101
11101001000100110111
11001001101111001110
00011110111001011000
01101001010010111000
01001101111101011100
01001001101100100011
11111010100111110100
00010011010010111000
10100110101000101101
01000111110001100101
11000101001010100000
01011011101000001110
10110101111001001100
01100010011100011111
10110101110001000001
01111111111011101100
01000101101010011111
11000011101111111100
00111010110010101010
00001011110001001101
10110001011110000000
11101101000100010100
11010010010100101010
11001001001011101110
10000000010110101001
10100010110011011001
10011010011100001111
01100101010110010100
11111011001111011001
10011011111110110000
10000000001110010000
11100000000001101000
01011101010100010011
00010010101101011101
11011111100110000000
00000101010100100001
00100111010011001100
01101000100111010101
01010101011010011010
11100011010001000001
11110000101011100111
00111010110101111001
10101010011001101100
01100110111100010110
10001100000011010000
00001010011001001011
10111001101011010101
11110111101011011100
10010111000001111000
11100000110010100100
00101000111000010111
10000101111000010110
11001000000010011011
10001001111101000001
00001010100101100101
10101011101011000100
01100110101100101101
11000000001100101001
11100000011101110000
00111110110110101001
10111001111010000001
10110001011100111010
01001110000011001000
00001011001110110011
10001101011110101101
01111111111110000110
10001001100100111000
01010010100110110010
11001010110100110000
10100100101001101010
10101101110011100001
11010101110111111101
10100101111000111110
10110110011011000110
10011010110111011011
11100011100101110010
01001101001110110000
01001011110000011000
11111101100011001011
10011000000110001100
11011000010011100100
11101011010010110110
00011111010011010101
11000101111100001001
00010100111011110100
10011100101010101000
11010110011101101010
00001001110010100100
00101101011110011010
10001100001100111111
11110110001110111101
00001011110110110100
11100111100011110101
00001011110110111101
10000010000000001001
10101011011010000101
11011011110000110110
01000100100000000011
10011101101111100000
10001111000011011110
10001110000001111011
10101111110110001000
11111010000011101110
01101011011110011110
10101000010110001100
10100010000001101100
11010101111101100110
00110011110111000101
00011000001000010111
10110100101011001011
10011100000011110001
11111101101000010011
10110010101010000001
00110111000001011011
11011000101110001101
10011101111010011011
11010000001111000011
01000110110100011000
00110100101001010111
00101101100111111000
00000010010101101010
01111100110011100011
10001101011010101101
01000110001000101010
10110110100100010011
00110001110100011000
10111010001001011101
00110011010100111101
01100101010011011101
01100001101111011101
11011100001100011100
00110000110111000010
00010010011101110111
11001110000101000010
00100011111101000100
00000010111100111111
01110000011000000110
10001111100100010100
01000111110101111111
00000000011001111011
00110000010001100001
01000110111101000111
11110000100001100011
10100000111000011100
10101011110001110100
00110110101000000001
00110110100001110110
10111010110010001001
11111001110011110011
01010010011100001101
00110011111110001010
10010100111111010100
01010110100100110000
00101001011110001000
00100101101011001001
01001000000010000000
10100000111011000111
01000010000111101000
00011001010101001101
11001101111111010101
00110110101100101010
01001111110000010101
10110101000001100010
01010111000000010101
01000010010100001010
10001001111010100101
01001110111101101000
01100110010000111110
11010110100001011000
00011010010000110100
01010101010101110001
00111011010101001111
01101000100111000001
00001011011100100010
01100000000011111101
11100000000110110010
01101110010011100100
10100001010010001010
00100011100000111000
11010110011111000111
11001111010110010100
00000000111011011101
11001110011011001110
10100111101110100011
11010100000000110100
01100111101001101011
01010110001011101110
01110010110001010111
11011001111011000011
11010010001010000111
01100111000111100100
00011000001100101111
10111010111000101100
01000101001101111111
00110101000100110010
10001111110010101000
01011011100101011100
11010110011101011101
00100010001011000111
10001100111101110001
01100000010001000111
11111010110011011000
11100110000100100100
10110110001101111000
10000011110011010000
11011001111110001101
00001111110101010111
01100001111011100001
11101110110000001111
11010010001100111110
10011011110110001111
01000100111111100011
10100110100100101101
11100000010110110000
00001011110011011110
00000110101000111100
10011011101001010000
11010101110110110100
01100101000111000011
00111111000101110000
01101100110001000110
00001011101011011111
11001110010110000110
01000011100000110110
11011001100001011100
11101001111001001110
00100001000111100010
10010101111011011100
00100100001100111000
10001011110010011000
00111100010111000100
10100110100000101000
10010110110100010111
01110100010101101101
00011101110111010110
00110100101011111110
11011001101110110100
00101100001110110011
10100100010000000110
10000000010001001110
11111010110000001100
00000001010100101011
11001101110111100001
00101001000010001010
00001010000011110010
01110110110000001100
01100111011100011011
11011100001111111011
10111001001110111000
00111001111110111101
11010101100000001000
00101000011011111000
10010100001111110111
00011100111010100011
00000011111111100001
10101011000101111011
10110001000010101101
01010111101101011000
10001110011101001110
00001100010110000101
00010110101101011100
01011000000011100111
11100001110100110000
10011001010110101111
10100011101010010001
00101111010111111000
11011001101000011011
00110000000100101101
00100101110101100111
01010100110011011011
11001001101000011000
01100000101110000111
11110001001111101000
01010101100001110001
10100100111110001101
00100100000010110011
00011001010111001011
01011110010111100001
10100100111011010111
10111110010000001101
01001110001010010000
11011010100101010101
01010100011010000101
11100110111000000000
00100011001001001010
11011011011101111001
11111110100110011010
11110001110110100111
00110000011011011000
11111000010110011001
01001110111100001101
00100100010010010100
11111111010111010101
11100100001001111101
00000101111000111111
11010100100001001001
10111100001110111000
00000101011101011100
01010000100001100111
11000011100110010111
01011011111000001100
00110110100010010000
10001001100111110001
11100111110101010110
01101110010001000101
01010100111101000111
11101110110111000001
10011100110110101111
10000101011110101000
10101100101001110010
01100001001111100100
00010101000110001110
01110000011110000010
11011000101111001000
00101001111011011100
01010001011010010011
00110010100001110011
00011011000111101010
11010111101110100101
10001100000101011011
01011010000001110101
01010001010011100101
11111000111011000000
10011000000001110111
11001010111110111100
01010111011111111010
11000111100100101010
01010101101100111011
10101111111001111100
11111111100100111000
11110010110101100011
10011010010110010001
10111000010110011100
10101101110111001001
10000111010101101101
01110001010100110001
11010110111001011111
00000111011111000000
01111111010101011000
00000001011001101000
11010111001101101110
10010000100100110100
01010001100100011001
00100001000110000110
00110011010100000100
01000111111000100010
11000100011110110001
10101010110000011111
00110100111000011001
11000110010111111001
10010011001110110000
10001111001100110101
11010001100101001000
01101010111100111011
01001010101110010001
10001000010010011000
11000110010111000110
10011100001100110101
11100111110111011011
00000000010011101011
00010000101011000010
01110000101000001100
10101010110110010001
11101001011110110010
10110010100100111110
01101110111011101010
00100001110010101000
10111101111111101001
00100110000011001001
00100101101010000110
10010100011110010100
01101011111100111100
10000001110111011110
01010010001100001110
10111001101011100011
01010110100111111110
01101011011110010100
01000111011100000100
10001101100111010001
00101011100001011001
11011010111110000010
11100010000001011100
01100101100011000100
00100100011100011001
11001000111011101010
00111000000110111111
01101110010000101111
10111101000101001111
01100001010001011011
00101111011101010011
01000110010000111010
01011011000001000101
01000100111110100111
00001101011110000101
01111100110010000101
01110000110100010011
01011010001101111001
11001000111101001001
01011111000100011001
11001000000010000111
00001101001010111001
00000100010111101001
00100000100100111101
00001111011000100010
01000011001110111110
11011110011010110000
10110000010011011111
10101110001011100000
10100110111000101010
01111101100101000011
11111000111000100001
11011010011101101111
10110100110010101000
00011100010110101110
11000001010000111110
00000100010001010000
10100110011110011010
01111110100001111100
10001110110100100110
00011101111011101100
00010111101100101000
11011101101000101111
01011000101000011100
00100110101111010100
10001011100110010011
01010011110010111110
01000101000010001000
10101110101100111100
00101001000111110000
00101000001000000100
10001010000011011111
01111111011001011100
00101110000101011001
01010101000100001100
00010011110111001110
10001000100100110001
00101111101010100010
00001100010101110101
11011111000101100110
10000111011010100100
00010110101101010011
11001000110100101111
11011000000000110000
10101001101110010010
01010101011000011001
00111101000101000000
00101010010001000100
00010001011110001000
00000001101101010110
01001000000010011101
11100101100011001100
01100001111110001011
00001111100001101100
11111110110001000100
11110110001001010011
10111110010001011100
11110100110011010001
11001010010010110001
11110010000010001110
00110100001101010101
10110100101100100000
11010110101000010000
01010111110011010011
00001101101001011111
01000010010001100000
11010100101110100011
11100100100101001010
01100111110100000001
00010000100000011111
00010010010011000001
10100101111000110101
00000111110110111000
10001100100000110000
11001001001100000001
00110010000001101001
00101000010101101001
00010001111100011000
11101000001010111011
01101110111011110001
01001100111110101110
10101011000010100111
11000001100000011010
00110010011010100110
10101010100010100010
11000101110101111101
01011000100011110110
00000000100000001011
00100101000001010010
01101010100111100110
10011011010101110100
10111101110101110100
10110101011101100001
00100111000110110100
00011001011111110101
11110000011100110101
00000011000001001001
11101101110000101010
10100001100001110100
01100101000011100110
00100001110001101011
00111111100011011110
10010110000111010000
01111100101100011011
11101110000101000000
01110110111000000001
00001010111100101111
01011010001011110000
00111100110011100011
10010101110111001000
11010000001100100100
11111111001111100100
00000100100100110011
10100010100101111101
11000011110110011001
01111110010111010010
00000111111010000111
10010100110011110001
11111100101001000111
00010010101100110101
10111001001011111011
11000001010011101011
01000011010001100101
00110110000111101100
01100010100111000011
11100101101100010101
11011001000011010110
01100100000001010111
00010011000000101000
00110100100000000111
00001010010110000110
00010001001011010101
11100101001010011010
00010011001000110000
00101010110111111010
10011110111001001001
11111110100010000111
10001110111100011011
10000111000000010001
11110000101010101001
00001110000010010110
01011111101111100110
10100111100010010010
01010101100110000000
11110101101000111001
01010110000001101010
01011001011010001011
00001001001011100011
00111100110111010101
11000111111110111010
00111101001001001111
11110111000001101110
11110000101100111011
01100011001110001110
11000111001000111001
00100101001011100110
01100010011101101000
10010000001010000111
00100101010000000000
00101101001110100111
00100100011001001101
01000000001001111001
00100101010000001010
11011000010111010100
01010000101000010001
10101011001111111010
00001100101000010101
00010001101000000111
00100111110111110011
11100101101001000110
01000011100010111100
00011010000100000111
11000001100110110100
01101101111011010000
01100101000110111101
10111000011100010110
11001101011001000101
10100001101100011100
11111001111111101101
11000000110010110111
10000010110100001110
01110011010000110110
10111101001000011110
01100000000000001111
11001011001110000100
11101001001111111111
11001110000110101101
00000111001010110111
11011001100001111100
00110110010011000111
00100000100110000101
11100000001111110100
01010100110010110101
01000000111001010101
11111001000000011110
10010100101000100100
11010101011001011101
01010000110100010001
01100110011101000000
11000011110010110110
10000011011110010111
01101010110111000000
00010000101001110000
11010110110000011111
01001001111101101110
11101010101000000101
11100000111111000011
01011110100100000101
10000000111010010000
01000011001001010001
11110101110001011001
00100111110011111111
01111010100010000101
10000101001100000010
00010010001111110101
01010100000100011000
11000011111011000110
00111010000101001000
11111100011011000100
00101000000000000110
10101110000111001101
10111001001001011101
11010100100000101100
11101111101001010111
11000010000001010011
01111110011110100010
11100100010010110110
01010001111000110110
01100000000000100110
00010101100011011000
10110000101100000010
00001100101001000010
01001100010001101110
11101100011001111111
00111100111010010000
01110100001100000100
01101100010001000100
01100110010111101111
00001110010111001111
01110100010011000101
11010101101011010010
00000101000001100100
01111000110000001001
00110100010110110111
00001100111111001000
11110101101011101110
11111101011011111001
11101001100011010110
00011000000001011100
00010000110100000011
01100110101000001011
00010111110100110000
10101000011010100101
10100110010111101111
00110011101110100110
11111001011010110001
00010001001100111011
00110011110011110110
10010001010100000010
00000001101110110100
01101001100000101110
11001101010100011101
01100101101001100110
10111001111111000001
10111001101101011101
10100101111111001010
01000010110101110001
10110001011010010000
00110101001100100011
10000110111011111110
01100010111111101011
11111011010110011010
11110110110001010011
01101110101010110011
00011001111100011110
00110100011010100110
00000010110100110101
00010110110100100100
10110101101001001101
10010100111001101001
11011000101101000100
00010011100101101111
01100111111110011111
01100001011001011110
00100000111010101110
10000011011110100111
11110011010011101101
11100001101100100001
11011000100010011001
11111101110111001100
11010000001011010101
11110001111101000110
00010100000110111011
11000110000101011101
01100001100111100111
00100100110000011100
10110101010101011010
10101000001001011111
10100110100011001010
00001001010101001101
00010101111101111110
10101101010110000011
01100111010001001100
01100011010111101100
01011011001011000001
01010011001101000111
01100100000001010010
10000001010011111011
11101101010101100011
01101110011111001000
00111000011001000011
00100110010101011101
10110000111011001000
10001011000000000110
00011010110010111001
00011101110100011000
00000001011100110110
11100111011101000100
00100010011010110101
11100101000001111001
00001101001010000101
00100100010110001010
00110101000101001000
10100101110000001010
10011000111100101110
00001000100011101110
00001111011111111010
11101101110101000110
00011001000101000110
10001001011000101010
11001110001000101011
00001110110011010001
10001010011001001100
11110011000010011011
10101001010100010001
10101011101001010110
11100101100100000101
10001000000100000111
11011010010110101001
01001000101000011011
01010101101011101100
00111001010100010000
00100111111010100101
11011110100111001010
11011111011011000011
01000111100001001001
10010101000110011010
00111101100010000011
10001000001011010111
11110010100100001010
11001101101101111111
00101000110110000111
01000011000100001010
00011010111010010100
10100110010110010101
01100101000011010011
11101101011010001111
10001101110011110001
01011100101001011111
00110001100100101001
10000101101101010111
01001100111010010011
10001110111111000111
00011000001101101111
01001100000101100010
00101111100011101011
01101111110011110110
01010011010111110100
11111001011100010110
01010010110110001100
00110100101100010111
00011010101110110011
11010001011011011101
00001110000101100000
10011100011000011001
01101100100000011001
11010101101000111010
01110101111100010100
10100111000010010011
01010111110000101000
10101010010111100101
01110001001110001111
00011010101100011010
10010000010001000110
11111110000110010011
11100011010101010111
00100010010110001111
10110101110100111110
10110101111110001100
11001000110011001001
10110100001001010101
01101100010000110110
00010111010010100000
10010010011010111100
00111010011110001100
01000000110101010010
10001000000111001101
11110011001010000000
01111000110011011111
01111011001011111010
11001011100111011101
10100100101001001111
01111101111001100111
10110111110011111001
00011001001001001010
10100010011000000111
00001000111010110110
10000111011010101001
00011011010011100111
01111111110111101100
11011011110110111111
00100001101000001100
11001110001111001110
00100110100000111000
11011101010100111100
