20 2047
10010101010110011001
01001001110001110111
00111101111110011100
10101001111000010000
01110111101000011010
00100100000110000010
01110000100000101010
00110101111100110001
11011110010000011000
00001111001000100011
10001001001101011101
00001011111010000010
01000101110001001111
10011001110100011010
00111010001000001100
00111110101000101101
10010100101010111101
10001001110000000111
10101010011001101110
01000000100111011010
00001010000011010111
10010111011100000110
11100101000111101011
00100101011110010100
01011100101010010110
01011011101101110110
11110011000000000100
10000100100110001001
11001100000110110010
11100110100001100111
00001111000001010001
10100111111011110101
10000010001101101011
00100000100111111000
11111000000100111101
01000101001001110010
11101111110010000100
01011000111110100100
00011001001011111110
11110111111100011101
01110011011000000111
10100000100110111010
01001010000010010001
01001011001100001011
00011000010111010000
00011111011001001000
00000010101001100010
11000000010001011010
00111000110111111000
01001101001000111000
11000001110000000110
11010100111000101000
10101010010011011101
11011011000110110001
00111010001101110100
00000101101101101110
11001110101111011110
11010110100000010000
00001010011100001110
11000100011111010011
01000111011100101010
01010010110011000110
01001110100101110001
01000100000010101101
00100111000101111000
11110111100010001001
00010000100001001010
01100001010010010001
10110111010101110010
11010000101001001011
10001100111111100000
01010100000010001001
00110110100000100111
00100110001001110000
01000010011010110001
11101010010001101111
00010001100001001111
10110011011011100001
00001010011011011000
00100011110001001011
11011101111101000000
10001101000011110111
01101111100001001111
00001110011101011100
00000101000000111010
10101111111011001000
11001100111100000111
01011100100011010001
01110111001110000101
10110100001101110110
11101001011001100010
00110001010010111011
10111111100001110011
01011001101101011010
01010011000010001101
10011101111000000001
01101101100110001011
11100100100000010011
11010110110001111100
11101010100011000100
11000111000101010100
10001111111101011110
11010110001010010110
00001010010110110000
10011101010001000100
11010001100000110100
11000011101110101111
01010100100100000000
00111100110101011000
00110100111011111110
10001110000110101010
10000101111111001011
11010110000110010111
00111110111011101110
01011000101011001011
10011001010011110100
11011100100101011000
00111010000111111100
00111111011101001110
01011000010100001101
11011111011000000110
01011101110111010101
11110001100101101100
00100110000010000010
10000100011110001000
10010001001000001111
01000000001100001100
00100111110100010110
10000001101100011100
11101010001111000011
00000111111011010111
11000001100000101101
01110111000010110111
11000010111110101010
01000011001110101011
00011111110111000100
10001111100010100010
10000101001111101000
00000010000111111100
10010110001111000000
00100111000101001000
00111011011001101100
11101010100111011010
00111010010000010011
00101110100111100100
11101101110001101000
10010010111101100100
01000111110010001010
01011011010011001101
10001010010011111001
10010010000010101101
01100000000110100010
00100100110101100110
00011100001111001011
10100000110010000101
11110010000001110000
11101110110010010100
00010101101001100100
11101100000111101010
10000100010101000000
10010100001000011011
11001101101011110111
00101000110101010100
00110011011111011011
10101101001000001101
10100000100101101100
00010000110010011110
11111010011110111001
11000111011111100110
11001100010111001111
00011011110111110101
11000101011011001010
00111101010101011101
01101100001101010000
01111101011010010000
10110000001000100110
11111111110101101000
10011010100100000011
00101011101001111011
00011101100000010111
11010001110101101000
01101011110111010100
11111001100111111110
10011000100110101101
01100100101111100101
11110110110110000101
10011111111010110001
11110011111001000100
11001011111111111001
11001001110101111010
11110011111011111010
11010011000101101111
10100111010101101111
11000111011001101010
00100111111111111100
00111111000111001101
10110100101011111011
01100101000101001000
10101101010001111111
10111001110000110000
00100011101101010101
01110100101111000001
01101001111010011101
11010111011000100110
00011110111101100100
01111001111000011111
00110101101001011000
01000001101010101101
10001001111100111001
01110110000110111110
11011101101111111100
00100100011101101000
01100100100010010010
10101100010001100010
00011001011110010000
11110100100010011101
00110110110011001010
00010100101111011011
11101000111111010111
01011101010010011110
00110011000100110101
00010011100110011001
11010011100110011110
01110110111100011111
01111101100011101100
01110011100010011011
10111001010110110101
10010010011001001010
00111111010011000100
01010011010011101000
01111111111100010000
01100001010100011101
00110010100011011111
00101100100010100100
10111110001010110010
01101000110100111111
01101100000101001010
00110101101100101011
01101010100000100110
11101111101010110100
01011110111011000001
00101110010011011001
10000001011110001101
10100100011111101100
11111101100110001100
00101111010010010101
00111101100111010001
10101000001000010110
00101110000110100101
01010101011011010101
01001111100111001010
10011010010011001111
01011101100000101000
11000011101111111001
10111101110101101000
10101011000000010110
00111011111011111111
00110111101111101001
11101100010101001001
11010100110001000010
01110110111011111001
11100011111011000010
10110010110001111010
01111111100100101110
00011111001010110111
00011110101111101100
11111000010000010110
01100000101000010000
01000101001101000110
00110111001011100001
00110010110100101100
11010101110111001000
00001011111001101111
00000010101110100001
10100111010100111111
10000110101110011010
11010111000101111111
11000000001010001010
10110101010111100001
00011000010000100011
10110001101100011100
00111100011110101111
11001000101111101000
10001000101000111010
10001101110001000000
00111011000100100100
11011001110001011111
11000000111001111001
11001111111011100000
11100000111111111100
01001110011111001010
01100100011010100000
01100100010110000100
11001101010010101010
00101110010110011110
00000000001001011111
11110111110100000100
00101011011111101011
11001111111100101101
10100111010010011101
01001010000011000110
01101111001100011110
11100101111010000001
11001010101111010110
10011010010001110111
01101111100000001010
11011000011110001110
00011111011010110100
11011000011011110100
10100000100110001100
10101100011011101100
10111100110101100101
01000010010011011110
11011101010111100111
10111000010100111111
01111101011000010001
00101000110000010110
10000001011100010101
00010111100111100010
10100011011101110000
00011110011111011111
10111111011001111010
00110111011000110101
00010110010100001100
01010111011101110100
10011001010101111001
10011001011010101110
01010101001100101101
10001101100000110100
11101111000100011111
00001000110001100010
00101101111000111010
10101011001001011010
01011101010010100000
01110100000010010100
01100100000000011111
00111100000110100100
10111110010110000010
00101111011011001111
10110101010001010110
00001110010010110100
00001001111101100100
01011011101011001110
11010011011000010111
11010011000011010011
00001111101001010010
10110000101100100000
01010000111011100001
10101111001101011111
10000110111011010101
10010100011011010011
00101000110111010100
10110000111011111001
10000001001010000011
00010111111101100010
01001001010101111011
00101001011010010000
11111001001101001100
00111010010001111101
10011101100100111000
00101001010111000110
00110010101110001001
10010110111111110010
00101100011100001001
00101110101001100011
11010011000001000001
00000000110111010011
10000000001100110011
11110110101101001010
00011010011110011111
11011000011010010100
10000101110100001111
10010100011101110001
01101010110101101111
00111101000110010100
10011001100011101010
10111110100000101110
01101100010011011001
10100010011101000011
01100011010000000111
10101101010100011110
11001011111110001001
11010101010010100010
00011100011100110100
10000111100001000101
11100011100100010111
10010011111100001010
00000110000000000010
01001100100101010001
10000101010001101111
11000010001111000111
10110111001110000001
00010110000110101000
00111000000111010110
11011001101100010100
01010100010001100100
00110101011110011001
00110100110110101101
11011000101010111010
11111100000101011011
11011011110001111000
00011100111101000110
01110110010001010101
01110110010111101111
01110001000100001110
11111011000111011110
10100111101011100010
10011010101100011000
11100111100010010110
11010000100011010011
00000001100010110001
10111010101000001010
10011111101011111100
10110100110000100011
00111001111101100011
11000011110101011011
11110100000001001011
11001100110110010111
00001111011000100001
01100110000010011011
10111011001100010000
10000010010011010011
01010100100000110000
00000001110111110011
10001101110100100010
11011110111010000010
10011100011011110010
01010110110100100101
11011001011001000001
01101011101110110001
01001100101000001011
01100011001110110100
01111010100111100001
11111010001101101101
01011001000110111100
11010100111011011111
11101100000110101101
00011011000100011000
10011001101101000011
11100010110110011011
00111011111100110111
00101000111000011101
00001010111110101110
10100101101100011111
11111001001110010000
11010100110110100011
00011111100010110110
01000000111110100111
01010100011101010100
11001001110000100011
10001000100110100110
00111101100110110100
01110110110001011011
00001110001001011111
00010001011011100110
10111001010011000100
00100110001111111100
11101000111000010010
00110010000001001000
01001000010101111000
01010000000111101110
10011000000001011101
01100101101100111011
01011011000010111011
00111000010110010001
01011110110111000110
00000100010100000111
01110101110011010000
00011110100110001110
11010001000111100101
11011110101100110001
11010001101111001001
00100010011100100011
11010000000101110011
01001011011110000101
01101111101000001111
01010110010110101100
11100011000111011001
01000100100100001111
11000111000111010100
11000001111010100100
00010010000110010010
01010110011110100101
10001101111010110011
10001001000010001100
10001011011000101000
11000110101001000110
11110000111110100111
00111100111010101111
11101010010011110011
01010000101101000001
10000000100100111011
00111011100011000100
01110001111111000111
00111011001001000111
10011110110010011100
10010001100000010011
00001011110111100100
00010000101001001010
10111110100100000101
00001010101110000001
11110001111110111110
00111011100010000100
10011011011101010001
10111100001100001001
10011000001100100110
11010011110110100001
11111101011100110011
01011001101100000001
01000010111000000010
11111100010110101001
00100010000111101111
01111111111000000011
00110100100111111000
10100000010110100111
10000011011111111101
01010110100010011100
11111011010010010100
00100101000101111011
00000011011011101010
10101110100110001100
11110111110010011001
10101010110001000111
10001100011000011000
10010001110010110100
01001110100100100110
11010001101110110110
01001010100011000101
10110000100110011111
10101000100101111111
01111110101111000010
00001011010011100010
11111000010101111101
10010011011100111100
11000110000110010101
00111101101000000101
10000101010011101000
00011011101100001110
10101100100001110111
11100001111010101110
10011101111101100111
11110101001010011110
11110100111100001101
10110110000010000011
11011010111000001110
00011100011000001000
10001010110001010010
11011111100111111101
00111001010010011001
10011100110010011011
11100101100011001011
00111111010001011101
01110010101011000111
00001001100000110101
10011000001110110011
11110111111101011011
01011110000111011010
00110111000010011000
10001100111111101101
11011101111000010110
00010111101101010001
00100011010111000010
10001001110111001101
11010101000010001010
11001010010101101011
00100010011001010001
11001111001011001100
11000100111101000101
11010001100001100000
11001001010010101000
01100010111000011000
00001011011000010010
00100111010001110100
11010100001010011101
11011101001000101101
01010000001000101101
01111101100010011111
10001100101110110001
00100100001111110001
10100000101110001010
01011101110100000001
11100010101001110110
11010100001101000010
00101001110011011010
11011001111010111000
11100011101010110000
11110101101101100001
11001000001111000111
00100000000110100000
01100001010101011000
01100101111111110110
00100101000101010101
10101101010100110111
10000110100000001100
00110010100000000100
11010010000010011111
10110011011010101010
10001011110101010110
00001011101110101101
10100001100100010101
01011001010010010110
01111100110011110110
11110000011010010010
10111100111101101100
10011000101100101000
01000001100111111010
00001100010011011001
00111110001110001011
10001011010111110111
11011100000011011011
00010101010110001101
01100110000110011100
10100101000111000000
10000010010101100011
10011001000111011101
01110000110111100011
01011100010001001000
11011101010011010100
00110101110100001000
00001110010111101001
11101110101111100101
11010110010101111001
00001101000111000011
00000011011010010100
00001001001011110010
11011010110011111100
11110000110110000010
10110011010011100110
00010100001010110100
11011011101011011110
01111101010110110110
00111100101101110011
11100111010011010001
11000010011000010101
00001100011000001000
11110100001101010100
10110110100010010100
10010011100110100101
01111110100000101011
10101010110001101111
11010010100000000010
11001101111010110111
00000100110101011011
01110100111000011011
00001110100010111000
11001110011011000011
01100100110100111100
01001111001011110001
10100110000111110001
00110111111011010001
00011000111100001010
10111001111101001110
10100010011111000110
11011000100011101110
00111001000111001101
10010010111010000010
01101101010001001101
10001111101011110001
01001001000111010100
01111000010000111101
10101100010100110001
11101100001100000011
11001011010011010100
10011010001100101001
11010011110011011100
00001000010011000101
00110001011100110100
11011101001001011111
01001101101000010000
10011101110011010010
11110000110010001100
01010100000110001110
10111110101101011100
11100000110010001110
11111000011100010111
00100100000010100001
11110111101001101111
00100000100111000010
01011101110011101011
11101111010100111101
00101000100111111101
00011010010010110100
01101000011110101011
00011001101110011001
01110110110001111100
01100011011101111001
10111100101011100100
00100001111000111011
10100000100110011010
10110001011111100000
01111111111001010001
00000111010111100000
00101110011000001111
00101001101000011100
10000100100101011110
10101001011001010010
00110000000000010011
01100100100001011011
01110001110110101100
11001101001101010110
10001111011000000011
11011010110100000110
10111010010100011011
10010111010010111001
11101011111011101110
11100100011111101101
10000111110011001100
11010011101011001011
10100101111101011100
00001111010001110001
11011010100111101111
01111010001111000100
11110001000100010011
00000011011110101000
11110001110000000000
11001001100011011110
10000000101000101110
11010001001000111100
01010000001111001000
11110001010110111110
00011101110010001110
01110000110001100110
00100011011000101101
11010101111001010111
10001011101101000100
10010011011000000010
01000000010000111010
01011100011111110010
00011101001110000000
11101110001100000100
10100100111010100000
01011100001001101001
00010000100011111100
01100100011111000101
11101101000011111100
10000110100110110010
10010011110010000001
11101000010000010100
11000001001010111000
10101000011110100000
00110001010100011010
10101001011100001101
01111001111111000011
10000011011110101011
00101100100011101110
00000110110011011000
00001100111110001011
10100010100101100101
11111110011101010110
00010001010010011110
11110001111111010111
11011111000100110101
11010111101011000001
00111010000110111000
00101111111000110001
10111010111010100000
10000001100010011100
11101110010110101101
11110100100000101100
01111000010011100111
11111010010010110011
00001101011001011011
01000010111000110110
00101101110000101000
01111111001000100110
10101011101010110010
00000001001010110111
11101000110011110010
10001101010100100000
00000000000001100101
00100000101001011000
00101100110101011111
10010011010100000000
10100010101111110110
11001110101001010011
10011110001100001010
11000010010011110100
00010100111101101000
10010100110001011110
10011101110011010111
11110110110000000001
00000110011011110000
11100000101011100111
00011001100110101001
00111011001010000010
00011100011010101010
11011110000001111111
00110111001110011111
11111110101000110101
00000011111100111000
00000110001110010101
01000110011010000000
10111110000011011000
01110110001011100010
01101111001110001010
10110111001001010000
11000000011101100110
01101010001000000001
01111101010011111000
01110001110001101011
00110011100010111110
01101101110111000001
10001010000000100111
01000110100001111010
10001010000100111110
10001101001011000101
11001110111100110001
01111101100100110111
10000001000101000000
11111101011111100011
10100111101000100010
10011010110110010010
10011000010111000101
10100101010010010000
11100100111001010011
00011011010101001101
10000101111000100110
01010110110101111100
00000000010111111101
00111111100001101110
01011111110110101010
01101110101101101010
01110010010010100110
00001010011001100111
01101111100011010001
10100010110000110101
00101001110011001110
10111001111101001011
00100110110101000001
10100111000000110110
00101101011010100101
01111110010101001011
00011000100011101011
10100000010011001000
10100010000110110110
01111110110011001110
11100010100001100101
00101101100011000000
01001010001010110111
10111001001110100110
11001101010000001100
11011000011000000101
00100010011001100011
10111111101110100001
01111000010101001100
00100111001011011001
00010111001111100101
01110101010011101111
10110111111111011110
00000111111001010000
10010011101010000101
11001000011111010101
11000100011100011010
01111000111111111101
01111100100100000110
10010110010011010000
00101100011011101100
11010101000001001110
11000001110110001101
01000111111001101101
01110111010110100010
11111110011000001000
10100101010000011110
00100100001110001010
11101000100011101100
10101110111000101011
00110111110000010010
00011110101100100000
01100001100010000100
10111111100010011011
11000001110011000001
00110111111001011000
11000101011111011001
10101111100000111111
01100110010011111001
10000001110000000001
00111110001011110001
00100101000011001110
11001010101110101011
10010110110000000101
01101110100000111111
01111110100101110100
11001100011100001101
00110010000010001101
10111100011100111001
11011111001011001101
11111110000000011110
11101011100110111101
10101101111010101011
01011011110010011111
01110110100011001010
10100110001001101001
11110000000100010100
00010100100010001101
01001000000011100110
10001000000110111011
01000110010110011001
01111000100001101011
01011101101101111110
01101010101000101111
11100101000101001110
00001100011110001111
01110111011100011101
01110101010100101001
10001111001110101101
01101001110111101010
01110100101011000011
00101010110111111000
11100011000100101101
00100110100100100100
00000101011001000011
00011110100110111010
10101001100111111001
10101100100010010001
11011011101010010110
01100011101010111011
11000000011001010011
00101111111010010100
01010100011011011001
11110110101011100010
00010011010100010101
10000110011111110110
00000111000110000110
01000010110101000000
10110101100010010010
01110101000010001000
01101111100011000110
00110000001100001000
11110111110011011000
01001110101100011111
01001101011101111101
11000011101010111001
10110011001110000111
01010000110000010000
11110110110001101010
00110100010001100110
01100110000000110010
11111001111100100000
11101001111111000100
10000010001111100001
01011111100010001101
00101001010011110101
11110111100110101100
11111000011110111001
01101001101100100100
11001000101110000111
11011110111001000001
01001100100010000010
00000100001010010010
10001010000010011110
01100010111101100000
11000100101001110111
11101110111010001101
01111011010001011001
10001000110111001101
11101011010100010111
11010100101101001011
11111110000110010101
10011000010001100001
01000110100001010000
00101110100000011101
01100111101011110100
11110010100010111000
11111100010011010110
11111000011011110000
00011100101000100111
11000100110100011011
01011000010101100000
00111110000001010111
01000011001011101111
01001101110011000101
01100010011100000101
10111101001100100111
10101101000110010111
01111100001111000000
10000000011000110101
01011011001101001111
01010001100010011011
11010100100011100001
11111111010100001001
01010000111110011010
10100011111101001111
11111011110101101010
11110001000101000100
11011011011000001100
00010000010111011001
00110001000111001111
00000111001111010000
00011010011010011111
11000110010110010110
00101100011111101010
01001110111110111011
11011000001000111000
00011101010001111111
11000011010111111101
00001110101110101101
00111001000100110111
01011100001101011011
11101110100110001110
00110000100011101111
00111001011011110001
10010110000100110010
00010100111100011000
01000000101111110110
00100101010111111000
00110000100111110110
10111100010001001101
10000001001000010000
01110011000010110100
11000101010001100011
10110010100101101101
01100100011100100011
01001011001010011010
01101010100110010110
11001101011000100111
01011111011100001000
01101111010000100111
11100101110110100000
00111110010101000000
00100000101111100101
10000101110010011100
00111110010000010000
10101111011000011001
01010110111010110111
00010100110101011101
10010111111100000010
11100010010011011110
00000101011001011011
10011110011010010010
10001011110001101101
01101101000001011011
01100000011110000011
01010010101001011111
00100110101101101000
01010100000000111001
10111000110010010101
01101011100010111100
10011100101101001001
00111100111101110110
00011001010111010100
11001111001110111010
01001110110111011010
00000000101000001100
11000111010101110111
01011101110110100100
01101110000110010011
11110011000011111101
01100000111101000111
00000001011101101111
10110000010011110110
10100101000001001010
01110100001001000111
01111110100101101101
00100000010011010100
01101011000111110111
01010111100101110000
10000000110101001110
11010101000000001110
10110100000010101000
10000000101110001011
10110010111111101010
01001110010010101000
01011000010100010010
01011010001010110010
10101011001011111010
00111001111001101011
00011110010111110010
01001001110110001011
00101001100010010000
10001000100001101110
01001111001000010010
11001110100101110110
11010001100011101000
01000101100010110110
10100110100101100011
00001101111110000100
10010001111000101011
10001011101100111011
10101011010110101011
11001110011000100010
00001111000100010001
10010011000011011111
10000000101010010001
00101100010100011000
11011100110010000100
11000101011110100101
01010000010011101001
01011111100001011001
10111001111111111100
10111100101010010100
11111001000111000000
00100101000101110001
01100101111111111100
10010110010000110111
00000110011101111111
01010101111100111001
10000111101111110110
10111101010010011001
00001000010101011111
00100101001101000011
11110001110110001011
10010000010100010100
11000001010001100011
10110010111001110010
10011000101110111001
11000111001101010010
10111010110001000111
00110010010000011100
11010000111011111101
00000000110000110110
01100011010010001110
01010010110010101101
01010000111010000100
01011001001110010101
10011010110100101100
00010101001000101110
00100110011000111011
11010101000010100010
10101100100000101101
10100010100111001110
00100011001101111100
10101111101010100100
10101000101100110111
10101001010101100101
10001001100101011001
11101000010110001111
00100111010100111101
10101000001101101001
01100111010110000101
00111011110011001110
11000110001110110110
00110011010000111111
11001000010001111001
10000011111001001101
10001000000110100011
01000100100100110101
00010100010001010100
11100111001111110010
11101110000010100111
10100000110110110101
11010000111000010110
00110100001001001101
11101110000011010001
00110111111001111010
11001010000111111110
10100000100011011011
00010110110110111010
10001011101010001011
10100011001001111010
00110111001111110000
01111101000010010110
11001001010110011010
11000101111111101001
00000101011010000010
11000101010001010111
10000000000001011000
11001001100000101001
01111000011100110010
10111000110011001101
10100001101011001111
00011101000000101111
10100001000000100100
11111101011100111111
10111010100110100000
10101011100101010110
00100100011001010000
11010110101000100000
00011010000100011011
00000000100000111000
10100001110100001111
01010010110010011001
00010010111101100111
00110000010010011101
00011111000100100110
01100111011111110101
01000000011000111100
00001110110010110000
10101110101010010001
00101101101001101000
10000100111110101010
01101111010100110110
00101111100011010100
11100001001101000100
00110011100000001001
10011000101011110100
10011001010000101011
11011101011000010110
11010101011111101000
01100101101111010001
01110010011000101111
01101001010110111110
01110011100101000100
10011000100001111000
01110000101100000100
11100100100100001011
10101001011000101101
01000010000101100101
00100000111001000010
11101110000001000101
11100000111101100000
00011011100011010111
00000100011101110111
00000111000110010011
01110101111000110100
10001110000011010011
10101100011011100111
10010110110110010001
11111011010011111010
01010011110101100001
01110001110000001111
10101101000010010110
00101000100000001111
00000010011101000010
11111111010001101110
11010111110000110110
10110010011011000100
10101100100010011111
00111101110000010101
11010001011110100000
10000010110011010001
00111011001111011010
10011011110011010001
11011101000000000110
10101111011111111000
10011011101110100000
10001100010111010001
11010110111100011010
11000000110111000101
11000101000010111111
01110000100101101110
10111010011101100110
11111110011001101010
11100011001000010000
10111100011100111010
01000111010001001011
10100110110111010110
10000100111001011100
01000011110111011111
01011111001110101111
10010110101011001111
11001011011100111010
00001110010000101000
11011011101001111011
00000101001001011001
00001100011110000100
10110001101010010101
00000000110101010111
10111111000010011000
10000100101010100111
10001011111001010010
10010001010101001010
01110100010100011111
01111111000111101101
01101101000100010011
01000101010100001010
10101100011010100011
11010111100101000010
10001100101111001101
01101100110100010010
10100100111101101011
11010000101010001010
01010011111011010101
01111100000010010010
00110010100000010011
01001000100011111111
10100011101000010010
01010010110101001010
11101100010100110100
00011101010101100011
10110101001100001000
11101111001110000011
00010011111100100000
11111010011110100001
01100101010101111110
10011111100001000001
00001101000101010100
01110011011010000011
00100100010111011010
10001011001100010000
10010111101111110010
00110011110100011010
10101111011111111100
01010100010101101010
01010111101000100001
00110011110111011010
00100101000001110000
11011101110011010101
11110100011100100101
01111000000100111100
00110110110111011100
11100000110001111011
11010010000010000101
10110100101010111100
00011101101011011010
10110010001000100101
00110101001000110100
10100100110111001000
10010001010010010101
01001100110010100010
01100110110100100001
10101001110100010010
01000111100111110100
10101010000001001110
00101010000011010100
00001101001110100000
00111001100100011001
10100011100110000001
10110101011000110111
10011010011000000101
01001000111000010011
01100001101011011111
11101110111101100001
01010001100010010100
00110110110011001111
00001100100111001010
10111111110010100101
11000111011001000001
00111001011011010000
10011101100111101100
11110001011001111101
10100111100100100101
10101111100000110100
00101010110110110011
10100101101110001111
10100110010010010011
10101110100011111000
11010110100101111110
10100010111100100001
00101001010110011001
11001100010001010101
10001011101010100101
10010001100011101000
00001100111101011110
01110010000100001001
11100000110010111110
01111111001110101000
01000111110010100111
01110111011011000111
10010101100101001100
01001111101110100110
11001001110011111011
10111111101100100111
00100000110011111110
10110000100001110011
01000100011010100010
11101010010110111110
01011110101111000101
11100000010101111101
01111100101111010011
01110110111110000110
01011101010100001100
11010010101111101110
00010111111111100100
11110010100101101011
11000111000101111000
11111010001111010111
10101111110101001100
11000011110100010010
10111110100111110010
00100111001011000001
01010101101001010111
00000011011001111010
01101101100001000001
01001001000100001101
01111111110100110000
10001010110001010110
10111110111100000100
10111101110011110101
10111100001010101000
10011001110110000010
11011101101001101110
11011011000101110011
11001100101001110111
01001110011000010100
00111100011000000101
10101110001000101101
01001100111001010000
11111000110111101001
01001010011101100011
10100111011010110100
01001001110110110110
11011110011111101000
10011101011001110101
00011001000110110010
10111101001100000111
00100001011001000001
00100100011001110100
00010000101000011100
11101011111100110010
11110000101011001000
11010000110110010011
10110011010000100000
00111101001001110001
01111001110010001000
00101010010011101111
00111100100111010000
01011101010101110110
01001011001010010110
11100000111110001001
01100110110000110011
00101000100101011010
10000101110100000001
01011011011101011111
00011111011110000100
11101011101110001000
11011111011011001001
00110000000001010001
00101110111000010000
01111100011110100010
10000100010001111000
00001001110011100110
11011101110010110110
11101101000000100001
00100101110111010001
11100011001001001110
10110110000100000010
11110110011001000111
10111011011010010001
01101001100101000101
10110101000111011111
01010101110011101001
01101101101111001011
11000010010010110011
11011111000011101001
01100101101000010111
10000100110110100001
11010011011100100100
10010111011010111111
11000011001000111000
11100010011000001100
11101111001101000110
01001000001111010100
00011101011010110110
00100111111100010101
01101110111001000101
01101110001010111001
10010010110100000001
01111101111010101101
01111110011100000000
11011101001111011101
10010011001100000010
10101011111100000011
11110000101111010011
11000010010110000110
10111111001010110111
01101010001111001101
10100010001101011010
10001111100111101011
00000101101010100001
00110111011001010010
11111110010100010000
00000010011000010101
10011010110101000101
11110010010101010011
10010110010011111100
11011100001010001001
00000001000100000011
10000001100011001010
00111000101111110100
11010000000010110111
01110110011100111101
01011010101111010111
11101110110110010111
01000010010001111111
10010110111101000001
01111000010100101111
11000011001011000010
00111100100101100101
11111110111011101100
11011010100101110110
01100111010110111011
01110100111001011110
10101110001001010010
01001110001111110011
11010111101001100101
01000000000010110010
10010001011001011111
10010001110111101101
00011101110000000110
10011010111001010101
01101110001111111111
01011011001001111011
10001000111101001100
01001000101111001010
01000111011011110100
00011101010000100010
00000010110111111111
10010011110110001001
10111011100101100110
11101100100001110011
11000110111010101100
01111110111010001000
01111110110000000000
11010000110000001100
10111010101011101000
00110110011111011010
00111000001000001111
01100001111111110111
11110110110000000110
00111010101000000010
00000010011101010011
00011101100010101110
01111011001010000110
10011101011011011100
11101001011011000011
10010010111001101001
00001000010111000011
10010111101001000000
01111110000000110101
01010100001010010001
01001110101101001010
00010100011100000100
11111001011001000111
01010001100010010000
10110011011011011001
01101110111101001111
11011110111100110111
00101110100000100101
11101000100100000101
01111101100010011010
11001000101111111000
01110101100111000101
01101101111110111100
00100010001001011001
10111101010011110001
00100101100100101010
11000100011010001101
00010101110000011110
01111010110110100011
01101011011101000111
11000011110001000000
10111101111011110011
01111001100111000110
11110000001101011110
00011001101111101011
00110111010001001110
10110001100010010110
00101000110110101000
11001110011100011000
11101101001111011101
10101110111000011010
11001001110011001011
10000110010100101110
01110100011100110011
10111000100101011010
01110001001111001110
01000011101011110001
01101011000001111001
11110000010011110000
00110110110100001110
00111100110010101111
10101100001001001000
00100011100101000111
10101110000111100011
01100101001100010110
00110110001010101000
00010111111010011110
00100011011000101001
10111100001111001111
01011000110101101101
10000111001001101001
01011001100010101110
00100000000011011100
01011010110101001001
10101100101000110111
11100111101010001010
11011110010010110100
11000100111011100000
11011011000010010100
01000001100111100011
01101111000001101011
01001110010000110111
01001100101100111100
11001100010100010011
00110101001011010000
11010111011011100110
11101111100010000001
00001011100101000010
01011110101101000011
00100101011001101111
10100111010100010101
00101010101000011011
00110000100011100101
11011010011111110110
10000101001101010110
11110101001101010101
00101010001111110010
01011011011001110100
00000010100110010111
01001100111100100000
01110001100011011111
01011100011010101111
00100001010101101110
01111100011111000110
11010110100001001100
11100010001111101000
00000111001000101101
01100110111110010110
11011110110000001101
10001001101001100101
10100100011110011010
10001001110100000000
00010111111011100110
00101100100111001111
01100110011001001010
11110110001001101100
01001111001101010010
00011000000101000100
10001001011111001100
01100010110101111011
11000000000100110000
10010110011010011010
01010000011000010000
01101011110010111011
11011000100001110001
10100100100011011011
00101101111101011000
10101001101111111100
01111011110111110010
01011010111010001000
01101010101111110110
00010100110100100000
00110110110110010001
10111100011110100011
10000100111000100110
00101001000011001110
01001000110010010011
11000100100101110000
01000100010000110000
00011010001001011111
11011000000111001010
00010111110100000111
10100000010000101110
00000000011111100010
01110011000111011100
00111010001001100011
11001101111111000000
00011010111111000010
01011001100010101010
11100011110110000101
00000110000000110000
00000001011010000100
00011100001111101001
00011110100010101000
10100101100000001010
01001011100100000110
01011110101100111000
00001111101000101101
01100101101111110100
00010011111011101100
10101000100101111101
00111111101001110010
00100001000101011101
00011111110111101011
10011010010000010111
01110000000000010010
11000101001010010011
11010011001001010100
11011101000010111001
11110111101101110101
01101010101101100010
01011110101001111101
11110101110010101101
11100011100011010101
11101000101111000011
11011011010101100010
01100100011100100001
10111100001010011110
10100111100000000000
11001111110110011011
10010010100010111110
01111011011011100110
11101100001111001010
10000101011011010110
01111001011001001111
11000110000110010011
10000001100111010000
10010010000110110100
11111000000011011001
00100001010011010110
00011101101001110110
10101010010111100001
11100100110010001000
00010000000100001000
10101101001001010110
11110101100101011110
10111000001110001110
01011100010001011111
11010000101110010000
01110000001110000001
00011100010101010100
01110011010101100010
00110100001011001011
01010100100010100000
11011000000110110101
10110110100100001010
11010100100110011010
10011110110110110011
11000101010110000101
11111111010011111011
01100010000111011000
10011011000100011101
11001101001011001010
00010101101001000110
00110100101100100010
01101000110110010110
01110011111100000001
01110110110101001010
11101001011110100100
01110011010001010100
01100101111100101011
00100101100010110110
10001010001011000011
10000110011101110111
11011101111101101100
10000111000100011101
11100000010100100110
10101100010010111110
10001010110100110010
11000100000101101000
10001111101001111100
00000100100111101100
01000100001110100110
11101101010110111010
10101111000000001101
01011000110101101010
01100010111000110101
11010110011001010001
10101101110001101010
01100011011111010111
00101101011011000001
01111011011100000011
11100010010000010011
10100010000000011101
00111001000100000001
01110000100010100001
11001010010111011011
10100101011101100100
01111011111101111100
10011100001000001010
01000011110100111100
01001110011100011010
00011101001110111110
11001000010001111100
01110110100110111010
10000111000100100101
10001001100010110000
11100000001010001110
11101100011101001110
11001010001010101000
00000111110100110111
00001110101010011011
00001110101111001000
00001110001000010110
10111011000000000000
01110100101101001001
10101110010111010010
11001110100101001111
11001101111011001111
00001001111111001001
01010010010000101101
00001010011010111011
10101010011011101000
01110100011001000101
11101010011001111111
01101101001000100100
10110011000100110001
00111001000101010100
11100100101001100000
01011111011001100001
11000001111011000011
11011001000101100111
10010000111100001001
10111011100100100011
11100100000001100110
01001101011010000011
11000101110011001100
10010001001110000101
01100010101000001001
00011101101111000010
00111011101111110100
00010110011010110001
11110100111011110110
11010000000000111000
11110001001110011011
10001011101110100110
10011110011110000001
11100101101010101101
10100000100000000100
00001111101011010011
00010001001111101101
11101010110011110110
00000110001001110011
11000010010111101111
11000101100110010011
00001001000100100000
10000111100100111010
01101111000100011101
01100010000101000101
11111110100011000111
10010000110100110100
10100101111001010100
01110010100010101010
00011101011101000111
01101011000001101101
01000011010011110011
11001101100001100101
11001110000100001101
11111110110001110101
00100001010000110101
01001110100100101111
10111100010000011111
00010010001010011001
11001011000011100111
11101000100111100000
11100001000111011110
10110111100000011000
00010001000011111011
10001010000110011100
10001101110000011001
01000111101101000010
11010101110010111001
00111001111001010010
11001111001110100001
00100000100010110010
00010100110101000111
00100001010101100100
11100110000000001101
00111110110100101111
10101101011010100011
10101010111100011110
00101001000000001111
10101101101110100011
00100110101110110100
01011111101000100010
00001101100010111010
01110100101100001011
00000101100001111111
00111111111101010011
00111111000100101010
01011011000101100011
11100001110010110010
10100101010001001100
01011011110001110010
00100101000001011111
11011001001000000001
10011100000010010011
00011000110101000101
01000100011000011111
00011110001110111101
10100010100111011101
11110000111011000001
01110000010101000010
01010010011010101111
00001001111011011001
01101101101001001101
00111111110011110010
00010010100101111011
00000011111010011010
00110101000000110101
00101010111111001000
10110100100101110101
00111110101001001100
01101111101001011110
01111000010101011111
00011010111100111000
11100011000011000110
10110011111011111110
01110000110110101111
01110010110110110111
11100000101111001100
11001110011000100000
00111111011110111000
10110010001110001000
10100110000100000110
11011110100010011010
11110001101001001111
11110110010100000101
11011010000101001000
10100100010010101011
11110111001101011111
11111000111111110111
10011100000000000001
11011101011001111110
00000011111011011011
00011100110110000110
01011111100101011011
10100001110011101001
11101100100001101010
11010100100011011011
11101101110000111111
00100101110110000001
11010101111000111111
10100011100001010001
10000100110001011110
11111010111011110110
11001101001011110010
10000000111010011000
00110111111010010001
00010000110011111001
10000010111010100011
10000010110110101111
10001001011101000111
10110001100000100011
10101000001001000010
10100111101010100110
01110000111110110110
10001101011010001111
11101010010110000001
01011011000000000011
10000010000111011011
11011011100110110111
11110001111011010001
11101001111000100011
11101001101000111001
01111111111010101100
00011011011110111000
01000000111101110101
00110001100101101100
10111000110000110011
01110101001000011100
11011010011000001000
10111000110111100100
00101000001101101111
10010001001100101000
10100000000111100110
01100011001100110101
11100000111111000000
00010101000100101011
00100111001100001011
01100111000001011110
11100110101111101000
10101011010111011111
10011101101000111010
10000011101111110100
11110001010111011010
10111111000001101001
01100101101010011000
11110101010101111010
00110110110001111010
00110000000100110100
11010100111011101101
01101111110011001011
11110110001110101010
00011010100110001101
10011011100010011101
10100101001110101010
01101100111000011100
01101111101000010010
01000101000011001010
01010000000000000110
01010010100100011110
00101011100100100001
00011100101000010101
11011010001101001011
01001001010010001001
01111100011110100100
01101001000111001010
00010000011100001100
11001100001110100010
11010001001010010001
00011110010101010010
11001111001001101110
10111100000111110100
00011101101100110000
11110011010111110010
00101001110011110011
00110111010101011001
10010110001011101010
10000100011000101001
10101100000010100001
10011010000100100001
11001110011101111110
00001101010011011100
01010000001011111000
11100001010011101100
10110101110010011110
00100001001011000000
01101010011110100011
10011010111111111110
10101001111110111101
11100001100000111010
00101110111000101101
01110101011001000010
10010110110100011011
11101100111100110000
10101100000110001100
00000011001100011101
10001000111100101110
01000111100010111000
00111011110000111011
10010111010010110110
01111011001101101001
01101010100001011110
01110101010001100010
01001011000011011111
11101010101101100011
11011111001001100101
00111000010000100011
11010111111001110100
10011110100011101010
00010100111011001101
11110010100001010110
01001110100100000110
01010111001010011110
10001000000010000011
11110111011101010110
11011100001001001011
01000000100100001010
00101100110111100101
10010101000010101010
10101100100001111110
00010100010011111010
10100111011111000111
00100010100000111110
10001110001110001001
11000100101110010000
00101011011100101010
00101000101111110101
01000100111101010011
11100000000011101000
00001111010000010100
01110101111001100001
00111111101000110001
11010100111111100100
11011100111011011001
01100010111101101010
11111111100111001111
00010111100110100111
10100110001011000000
00101010010011010001
01001100101110000101
10001110010010100101
10011001100010001010
11000011110000011010
11000010110110001100
10101111100101101001
10010011100010001101
11111101000100110111
01101000100011110100
11110000100101000000
00101101001100010101
11110111001100010111
11000100001100010011
01110011001100000100
11100111001101001110
10010010110010010111
