20 2047
10111010011011111110
11110001100001110110
01010100110011000111
01101010111101000010
10000111010000110100
01101010000110010101
10010110000101011100
10101110110011111100
11001000001000010111
10001110110100101100
10011001001110101100
01000101001010100010
00100000010000101111
10010111010110011011
00101010010000101100
00100110111100110101
00011101101011101111
11001010100001101000
01110110110100100101
00000100010100001101
01100000001101011010
00011111001101101000
01111000100001100111
01110011111001110011
01010000100000000110
10000100000001101010
10011111001010011101
11110100110010001101
10000000110111110011
01101001010101011101
01000101111001010010
11000111011001011001
11110000111111010110
00101110110011100111
00010000100110101001
10110000101111110000
10110001001100011110
01001111001010100010
11010001111000101000
10111001010111010001
10010000110100001000
00101011000011010011
00010110001101111101
11001001001100001100
01010001111011010010
00001100010010111000
10111000101010101101
00101110011011000010
10100110110101011001
01111111111011100111
11111011010011110001
10010011101111001001
00001111011001001000
10101101101011011111
10111011100011101011
10000111101000010001
01000011000001001001
11000001111010101100
00000111010010001100
01101100010010101111
11101110011101001001
11001001110001101100
00001101111011000010
01100101011110100001
00010110111001000001
11101111101000111101
00111101110000010010
01011010011011010001
11101100010011111010
00101000000101001100
11110001000001011011
01110000000011100011
10001100110100010000
11100011100100100011
01000100000101011101
10010110110110111101
01010100001011010011
10110001101111111110
10111001011111111001
00011010110100100100
10001011101010110101
10010010010100110000
11011010110111101001
11111100101110101010
11011101001000101000
11011000100011111000
10101010101101011101
11000101000000000011
00101011001000101110
01001001011110001000
10011101101101101001
00101100101110111000
10001110001110011010
00101101010110011001
10101101100110011000
00110111011011100011
11001101101110111010
10010000100011011011
10110001010101110111
00111110110100001001
01011001000011011001
00011100001011011001
10011101110100001111
10110101101010110001
10111011011010100111
11001010100000100110
01001001111000111011
00011101111010111101
10111101001001110111
11011001100001101101
00011010001111011111
00100000010100000110
01101111001110100000
11000011010000000001
11100010110101101100
10101001011100011000
00111101010100011100
01001111001000000011
11101010010011100011
11010000001010110000
11111101000011101010
10011010101000111110
01111101111010101100
10111111100101101110
11100010001011000000
01000011111000010000
01101101111111000110
10001110001011001100
01010000110100010111
00101101000011101011
01010000001001001110
00100101011001100111
11101001110010000011
01000110101011001111
10100110010110111010
01111010010101000000
10101000111101011000
11011001100011000011
01000011010100010111
11111010101001011011
01001011011101000101
11011110010010101110
10011001110100011100
11101101000101110111
10010101001110101100
00000111010000011010
00000101010010011011
11010000110011100111
11100010101110100101
11100101010010000001
01111100111000101110
01100010010010111011
10110111110000101111
10111011101110000011
10001111110000101100
11100001011011010000
11001011110110100111
11100000110111010101
00011111100100011010
11100101110111111010
00101110100110010101
11010100010011010110
01110111011111110100
00000111111010001110
01101100111011010101
10011111110001001010
01110000010001011100
00101100001111010111
01100110010100101010
01010011001101101111
01010000001011101111
01111110110101011011
01011110101001010010
11000011000110001101
11110111111011110010
11000110011110100100
10000110110101110101
11000011010100001110
00001100001000001100
00111100001001001011
10000110000011110010
11111011111001010010
11000100010100111001
00111100110001100001
01100011011010011100
11101110011100110010
10010001001101110100
11101011100110100010
10010010011000100101
10110111001110000000
00010000011000110001
10000011100101111001
11001001101000100111
01111101101110010000
01111011100000111011
00111010100010101100
01011101011101001110
10110010110001000010
11100000001011110011
11100100111001011101
00111000010101101101
00110101010010011001
01001110101001011110
11110111010001100010
01011010000000011010
00101010000000011111
10100111001000000100
11111111000000001110
10011111011110101001
10011010101110111110
00010110001110011001
01101100111100100001
11010100111010011111
11101111101010110101
01001011100001111110
10010001000100111010
00100111000111000111
10100011100000110100
00011010010011000101
01001100000010010101
11001011111110011001
00111110110110001101
00001110101100100010
11000001001011001010
01100110101010011101
10010100001110011000
11001001110101011011
11010011010111011011
00011100100011100001
01111001111000100001
00000000111101001101
11111001011010000100
00101010100011111100
11010011100010110101
11001010010110010111
01001101011110100000
00101000101111110011
00011011000000011010
11111111100100100101
00000100111010101001
11000110010111101100
10110010001011011111
00100010100000000000
01101011100000101110
00101001000001110011
10001000111110110010
11100010010101011000
10101001111110010100
10010010111011100110
01111111101111110010
10111000011100001100
11110110010101011100
11011010011111011100
11000001101010001110
01100110100000111100
01100001111111101101
10001111011111111010
10001110010100001010
00101011010010111010
10100110000111001001
01001111101011011110
01111011010111100010
11010101100111111101
11100010010101100110
11000110111011001010
11001010111101110110
11001110101101101001
01111010011111000011
01100011110011011111
11000000100110110011
10110000101000000000
00001000101111001010
11010100110011011010
00110111111011100100
00001100100100011000
11011101111010001010
00010111111111001000
10111110010000011000
10010100110001110100
01101010110010011010
01101101001111001100
00110000101010101010
11101101010101011011
11011111111001010001
01000110011101010001
11001001001100101110
00111010101101101100
11010101101101101000
11010110000010100001
11101000010111110110
10010100000100101111
11010110111010001100
11100110100111110110
11110110101100010000
11001010010111101101
11001100100000110110
10111011111100100111
01100010100101111010
01001110010011000000
10001100100010001000
01000101010011000010
00101110001001111000
00101000101000011100
10111010100011011011
01101000011001011100
11010010110010100111
01011011000010100001
00111010110010000000
11011001100100100010
11100001101110101001
01100111010010000111
11111110010110000110
01100111011001110100
00000110101001110110
01101011011100111010
10111010101001011110
11101101001101110011
01110101011101000000
10101000101110000011
10110100100001101000
10011111110111000100
01000100101101100100
10011101001110101011
10011100000111001110
00001000100010110010
10110000101100001000
00011000100101100100
00111010001010101010
11000111011000011100
00111011111100000000
00101100011011110011
01011001011101010110
00010111100101000001
10010100111001000011
11011111100110001011
01100110111001010100
01110011101010000111
00011010111110101011
01010100110010001111
01010110000110001110
10000001110101011110
10010101111111110001
00111011000101100100
01001001100100100111
11000000000100001001
00001000000110111000
11010001100111110001
10100001110011000011
11011111001001011001
10101010101100101101
10000101110110011101
00010000111111000100
00100000111010001000
00100000110000100101
01111111000010110110
01101100101010110100
10010100100110100001
10010101010001101101
01100001110011011001
10100101100000111111
01010101010000011000
10101111010010111101
11100111010101100000
00111000101001110111
11000110001011000110
00100011011011000010
10101011111001110000
01100011000111110010
01001110101110000011
10100010010010110110
11110110100100011110
11101101110010110101
10101011110000001100
00010000101111010101
00000111000011110110
10100110111011011011
00100000000111100111
10100100011110110110
01110000010000100110
11010100000111101110
10100100110000111110
11011110110001100010
11011011101110100011
01000101100010001011
11111111100110000100
10010011101101110000
01110100011100100101
01011110100110001011
10011101110100110101
11001110101011000111
11001000111111010111
11101100010001011110
01010100011101101000
00001110010100110011
10010101010110111110
10000010001001001100
11000010101010110010
11110001000001110010
00001010111000001111
11010101001010100000
01001010000101001110
01000010010111101100
00001100010101100110
10000010000000011011
00000001101010010100
11000100110010100001
01010101110110011111
01100111101000100010
10011011001000001011
11001101100010110110
00010010010111100111
00000101110001110111
00100000110010100001
00100001001001100000
10010111101101010110
00111000100101101010
11000100000001101010
01011011001001011011
01110100101000110000
01101001011100110001
00011011001010100111
10001011100000001110
10110111001011011011
11110100000101110000
01011001001110111111
00000000011111001110
01110110001000011110
00001000010111100100
00101011011110010101
10110011100001010010
00000100110000000000
11111011001101111111
11011111101011101111
11101001100001000001
10010001111110000111
11001110001010110101
00100001100101000011
01101001100000110000
01111001100101011001
01000000010101100100
00010111110010010000
11011000101100110100
10001011000111111111
00101001110001001001
11000011001001111110
10111110100011110010
11110001011100000100
01001001001100100111
00111011111001101001
10001001101011010011
11001101001000011010
01111101101010010010
11001110100110101100
01000110100010011111
00110011010001010111
00111101100010111001
01111001001100010100
00001111000000000111
10001001010111111000
10000100010000010101
10110000101100001110
01010100011001011111
00011001010010101100
11110101000111011000
00001011110010010001
10111111001011111000
01111001010110110110
01010001111100000100
10110001000000100001
11011110001101010101
10001001010110001111
01110010000101100001
10010100110101000101
10100000011010110011
11100001001011010111
00011011010000111101
11101100001110111101
00000010000100010010
00011001110101101011
01111101000110111000
00100000110011100010
00001101100111110110
10011101101011010100
11001111010101000010
11010010110010000010
11000100100001011110
00001110101011001011
01011001001011110001
01010001101001100110
01110101001001000011
10110111001111001100
01101000010010100011
00111101111010000100
01010000001101101000
10101100110001100101
11000010011010110000
11110101001100010000
00101000011010010110
10001000101100110001
10000000111101001111
11001001110100011010
10011111111101110111
11000100000100111110
10111010010010000000
00100101011101001010
11010101011111101111
00001101000011010101
00101000011110100010
01110101111111011011
01010000001101011100
01000000101010111101
00010101110100101110
00110101010111011011
01111111101101001011
00101010101101101101
00001111100010000110
11010011110111100110
01110100000001011100
11011011111111101001
01001000010101100101
01011011100011111100
00011001010101010111
11010101001001110101
11001100001101001100
00001111110100101011
00011011011100100011
10100000111111100100
10010000010111001001
10001100000110001010
01000000101010000010
11101110101001010100
10011111111110000111
00111011001001010010
00010001101111100110
11100010101111011100
10110101011000001011
10100110100100101101
10010101010010111010
00100111011010100000
00000110010010001101
00010110111011000010
10101011000111000010
11011101101010100101
00001000101111100000
01000100001100010101
10000011111110001010
01111111010100110110
11101110010000100010
00011111101000110100
00111111111011001100
10010100100011111011
00011010001000010110
01100011011101000101
00000100110000010111
11000111000010110111
10100111001010000100
11111000001001000111
00110000001111100111
00001001010010101001
00000001011001010000
10101010000101001100
10000000101011001011
11100010101111100001
10100010010111101000
11101100101010010000
10010110101111101100
10010110111110100111
01101000010111010100
11101101010101010100
10111111110110000001
10101110000101001011
10101010100011111111
01000111101000011011
00011011111001111010
01001000100010000000
10011011100100000000
00001010100000011100
00011001101100010111
10101010100001010110
00011100110110000001
01001011110100010110
01000010010001001101
11010001001100010011
10101001000111010101
10111101100111011110
01001110010100101011
10110010100001101001
11111111010011000010
11001100000100010110
10111010100001000110
01101000010001011000
11110011001100010011
01001001100010010000
00000101110111111111
01010100110100001001
11110011110110110011
01010101011010001001
00100000100001000001
10111111010000111000
00111011101000001100
10011000111110011000
11100000100110111011
10000100010000101001
00001101101000101001
10001011111100110011
00110110001010010001
11010010011111001001
11111001000111100001
00001110000000000100
01110001111111111011
11011010100111110100
00100101111110000000
10001010000000100100
10011010101111110000
01001011111000100000
01101000001101010001
00001100011111101110
01011100111110101001
01100011101001001011
01100111100111000110
01111111100011001111
00011110101100011100
00100010011100000001
10000100100001010101
01001010100001011100
11110000111110101001
11001000011100110100
11111100111011001111
01111111011101100000
00101100011011101111
00110001111110000011
11101100111010101010
00011111100000001110
10000001011000010100
11001100100101000101
11110011111000111100
11100101000101001011
10001110101001010011
10000101110001001001
10111000010010110101
10101010101001110000
01011111011011001000
00111001000010110110
01100101100111001100
00010000111000111010
11001010001101011110
01010110110100001010
10100110100001010111
00110101101100101011
01011100101001111010
01000000000110011001
00100010101001011000
10110001110111100010
00100101011000110100
00101111011111011001
01110011011110010010
00110110000111100101
10110100010100011001
11100100001101010000
11110010100011001101
01001010010000100000
00100100100001100011
00110110111101011111
00011100101011011111
00111010000111110000
10000101101101101110
01000001100111011111
01101000010001001001
00000001111010110010
01011011101111100101
10100010100110001110
01010011100111101000
00000101010101011010
10000010011010010011
11000110111010110101
00110110110111001001
11000000100111001011
10001001011001010001
00011011000011111101
01110100001110001011
11101010001101101100
10011110000001010111
00000000111100110111
10010100000110101000
00111101100110000001
10111110011010101000
10011111010100000001
01011010000000111100
11111101111010001101
10100001010100100101
00101101010000000100
10110110000110011111
01000100101010100111
11100110000001110110
00011001010111101000
00100010001101000100
10000110111010001111
01011011011101100000
11110011011100111110
00110011100100111101
01110011010010111000
00101111100100101110
10101101110101010011
00000101001000100110
10000110000101001111
00001100011110001011
00011101010010101000
01111011000101011000
11010101111010110001
01011010111110100110
01010110110101011110
11111001011101001100
11110011111000000000
00100010110100111111
11101011011010101111
11110000010110011011
11111110010100111111
11101010010010101111
10000110010001110011
01001110111000010001
11000001001110010101
11000001111010000100
00001000111110101100
11011001110001000001
00110001000001100010
01011011110000001101
01101000010010101111
01010101001000010110
01010010110110101100
01011011000010101110
10110011001111100110
10101101000110101011
01100010111100111010
11101000101110101010
10111110111100011100
01001001001100110110
00000111011000101000
00000001010001011110
10001110111100100100
11011010010110001111
11110001011001110010
00100011011110110000
11111110010100011010
11001101000101100000
01111000111100000011
01010101100100111000
11010011110111110101
00000000111101011111
00010001111110110011
01010110001100011111
01000011111111010000
00000111111111101111
10001110010010000000
10100100111001100000
00110011010000001011
00010010011111010010
01111100001011001001
10111100111011000011
10001111010010101110
11101000010011011010
10110001101011101011
10111001110111010000
01000011010101100101
01101101011101110011
11101111010011101111
10100110010000011111
11001101010110100000
11011010001101010000
11000010110000011011
11011001010100111010
11011010100010110010
11101011000110011111
01101111010011111100
00001000001100111101
10100110101100001111
01111000110001101101
00010101001100101011
00000101001101000011
01101010110100101110
00101000110011000110
11101000011110101111
10110011000100001000
11011101011110011001
10001010011101011011
01000011001110111111
10010101010011001000
11011011000001110100
01011010100100100011
10011101111000101111
10100111000011000100
01110011000001011001
00111000001010001100
11111101000111010101
10010100000000001111
00010001001100110000
00110011100000000100
01011101001101011011
11101010100001011011
11100111010101100100
00100011011111101001
00101000010111001000
11000011110111100101
11010000000101011110
01100001101110101011
00000011011011110101
10101111010100101011
01001101100110100111
11010001001111110000
00011001110010011100
10001000001111101101
11010110111000101000
01101010100010100010
10111100011011010110
10111001110100011110
01010000000100001110
01001011001000101111
11100110101100010000
00001111100001110110
00100110111001110011
00110111101101010111
10101111100101011000
11111000100010100011
10110011101000011101
01000001000111010001
10101110010010110111
00110010011001100110
00111011001111110011
11100101100111111100
10011100010101010110
10011101101100010011
01111110011101011101
00010010101111100000
00010001101010111000
10111110011111101111
11100010001000000000
11111100110111001010
11001100010101100011
01001011010011101011
00100010111011001100
11000001011111100100
11011010110001111101
00100011111010001101
10111001101001001011
00010010110000100010
01000000111011001010
11011101110011100001
00111111110111100010
10011110111110011110
11110101000101100011
10100110011101111011
10001100011010101010
00000111110011000000
10111001001100011011
00111010000111000111
10100110001111100001
11000110100011110000
00100110101101111110
01011111111100000111
00101101010110100110
00001100101110000111
10000111101101000101
01001011100010010101
11101000000100101110
00000100011110100111
10111010100110111111
10100100110101001111
00010011010011100100
00001111100111010111
11011010111000100101
10100011011001100011
10110110100011110100
11000100110000100101
10100101110000011010
10010001011100011000
00001000101111100001
00010000001010111101
11100110111101001111
00111100110011001111
00111001101011000001
10010010101010000101
00011101010000101010
00001010010101110000
00101100010010111011
00000101000000110011
11010000010011100111
10010000001011001100
11101100100110011011
11100001011110001011
10011101101101100000
00101000011001101100
01101000110101010111
00111011000010101000
01001101011010110001
01101010111000010101
00100010010100100011
10010100111111111100
00110100000001001001
11001001001010110110
11100010000111100101
01000011101000100110
00011110001001101111
10111011101010010011
11100010101010001011
10010101111101001111
00110011111110001100
11111100010111001110
01000001101101110000
00101101111011011100
11101001100100011110
11101101100110101010
10101010010110100011
10011111100000010001
00010111111101100010
11100110000101101011
11100111100110111111
10001000101110000000
11100001111110011111
00111110111001100111
11101111001010000001
10101000001111010111
10101101101110000011
10110010001111000101
10010011010100100011
00000111011010100000
00010010101100011101
10111010010101000001
01110000110111010010
10101110111010101000
00111011111111010100
11111010011110111000
00001111111111001100
01110111010110001011
11100001000110000000
11101101111111000011
00001100000000001100
01111111101010110001
00000010000000100111
11100111001101010111
01101101111100111011
00110011100001010010
00111011011110000101
00000010101010010000
11011001001100100000
01000010100101100011
00110101111011100001
10101000001011011111
00000000100011101000
10001111010001110010
11011011011111010000
10000000111101100011
10110011111110101010
10000100001111000111
00001101001101011100
11101011010001100011
01110000100101001101
11011000000110101111
10110100011001100100
00001100111011001100
01101001100011110101
01000000001001011001
10101101001100000111
11111101011101100110
01110001111101110100
10010111011110000100
00000011000011110100
10001100100111011000
10111100111110100000
01000011011000000110
01011011011010111101
00000111011001111001
10000010111101111001
01000110011001011000
00000100011010010111
10101011100010000111
10111110110000011110
01011000101100101000
10000011010100101001
10000110110001011010
01111100011110101111
01001100001101010110
10001101011001011001
11001000001001101100
01100100000101111000
01011111001100100011
10000011110000011011
00011000000100000010
00111001001110010100
11010000000010110001
11010111101000111100
00001110101110110101
00110000000011010001
11011001000011011001
00001001001010110111
00111110000110100000
01111010000000110100
01100111110100110111
10110001010101011011
10000010011011110001
11011001110101011110
11010001010110001101
01011100100001001111
10110010110010100011
11011101010100100010
01010010010010100000
01001000111101100100
01010110101101101001
11011110101110111110
00011110100110000110
01000011100010000100
11000100000010110010
10001001100111100010
10100111110011001010
11011011100111110001
01110100111100010100
11111010101010000000
00111001111101101000
10000001110100100011
11011011100000110101
11001000001100001010
01000100011001010101
10110000001000000110
00010011011111110100
01001001101110110100
10100110111110010101
10110000010011110000
00111000001101111111
01000110010110111110
01010111010001111111
11001101011111001000
00111101000001110000
10100010100111000011
01101010001101000100
11110010111110011001
11100010011100110111
11101011011101001011
00100011001000111010
11111011100011111101
01011011000111000011
11101000100011101011
11010100000110110011
00110001010000111011
01000111001000100001
00110100000111110000
01001111101101111101
11101000011001110001
00100010011011110101
11110110000100000101
10100110001101111100
10111110111100000111
00110011011100000011
10110100101111011101
11111000101100010011
10111000110010100110
01000100000111100110
11011010011100101000
10000100000111100110
00011000101111111001
11110111111111000011
01011011111100100010
01110110110110010101
10111110011111110101
11001011110111001000
00001111000100101011
11001001011010101001
00001110001110010011
10000000010101010010
10110000101111101011
11001100011000100001
00101000010101010001
11000110110110011011
11001100001000100100
11000111011001110101
10011101011111100011
00101000110010110011
00101000111000011111
10110111101011101100
11010001111101110011
01101010010011011111
11111000111100111110
11011101010001000011
10000111110110011000
01100110110000111000
00010000110100100100
10010010010001000000
00000011011100110101
10000000100001000010
01011111001000001110
10011110011001011011
10000100101010001001
10111010010100001010
10110110111011110000
01101110001101101111
11100001111010101010
11011110100001101110
00111010011101001000
11011110101010100000
00000111010110010001
11110111011110100101
11000100100010111010
11011001000010101011
01110011000001100010
00100010010101110110
10011010000010100100
11010000100011011010
11001111111101101001
11110010101000010011
11110001000100010011
01000000111110000011
00000001110001010100
01001111111001111001
11010111111111101010
11100001011110001110
00101010100101000001
11010100010001101011
11111100000001100010
10101011001110011001
01011101110001101010
01101111000011011110
00001001011000101011
11111100001111100010
00110110011110001011
00011001001010110100
11000001100010010011
01001000010011001000
11101110100101001001
00010010000111111010
00000011111101101000
11111101111111111010
01110010011111001110
11010011001100110001
10001100001100101011
10001001010111011111
10000001110000100100
10011001011110111001
01100001110000001000
11110011011111111001
10101000001111100111
10000010010010011001
01011001110101101111
00100010101101010011
00101000010101011100
00001100001110100101
01011011011111101100
00100011110100000111
11110110011001100001
01101101000000101101
00100110011100011101
01110111000011000100
11001101110010011100
10000001000101011100
01100101001110000110
11010111000111101010
11000100100000010001
01100111100001101010
10010010001110010011
00011110010100010101
00010010111101101000
11111010010011000000
11011101010101110101
00110001001011000000
01000010111000111010
00101110001000101111
11100100011111000001
01101110101011110000
11000101110001010110
11010110111101001001
11000011011001001001
00111000011100011011
10000111010111011111
10011110000100111011
10100000011001100010
11101000010111101011
10110000110111101000
01110000101000100010
01000001111110000101
00000010101011100101
01011011100111010101
10000100110101101000
11111110010001110110
01000000011111010100
10100000101001111101
11010001101101010110
00000001001011100001
01000000101111001110
11101001110111110100
00111100010010000100
11101010010000100011
00100000010100100111
01101010001101111001
11001100001101100111
10010110111110000011
00110000100101100110
00100001000101001001
00011001111010011110
00010101110101001101
01111101011011111001
01110110001101001111
11101111110001111000
10000010011001100011
11010100001011100001
01111110010010010111
11110101100100101110
01001101111100001001
01111010111010111100
11111111011111011100
11000111010011101010
11110100101110010100
01111000111111001011
01111000010011100011
01011000011000110111
00001001101101000011
11001111011111011111
00100011010011110100
11101100100011010101
11010111001100111011
00000111110000000110
11110111100000001101
01010000010100000100
11010000110011101000
01101000001100101010
00011110000110100010
11100110010110010000
00011100100001000000
00101101010100001001
01110001110111100000
00101111011101101001
01010011111111100111
11100010100001100101
11011010101101100011
01001011010100000101
11001111111001111111
11101001000111101011
10100100010010111000
10001000100101101001
11100011001011100111
11010111101011000010
11010100010111101101
01011111111110001000
01111000011100001011
00111011111100001001
11001110010011100000
00010011100011000011
00101101110110110000
01110011011111101101
10011100101010101101
01111110001000111110
11101000000010011111
00000100111011001000
10110001100011111011
00001110101000101110
01000101101110011011
10001101000111011000
11010101000110001011
11000001100110110101
11001100100001000111
11011100001011111010
11000000111110000110
01101100101011100101
10100000100011001111
10100001011001011111
10010101101101011001
10101100001110001000
01010011011110110100
10011011000111100100
01010101011100110110
00000100001100001010
10010111000101010010
00101001101001101011
10001101110010011001
10010101101100110010
11011101011001000101
01000011101011010111
11011001110101100011
11100111100010110110
10000011111110000111
00100111001001101111
00000000110010100110
01000101110100111101
00011101110011000010
11001011011011000111
10011110110010111010
10010011100100111000
10000011111011011100
00010110101101011001
10000000100100001000
10111111001111101110
10000111111100101110
11000111010001111111
00100001011001111011
01010001100100000000
11101101110001101011
10100000011100111000
10000110010110111001
11000101111001100101
10001101010001000000
11000110010100001001
01000100011111000010
01000011110010101101
10000000111010000110
01001101001110100001
11011001110100110001
01100100011100010001
01010101111100001011
10100011000110111110
01000010110000010100
00000100111110010010
10110011101010101010
00100110000001110001
00101100100000100010
00101001001100101100
10001101110100000101
11011101110011000010
00111101000110011101
01011111011111111010
11010010010110101111
01110000010110001100
01111011100110100111
00010100010001011111
10000010100000101110
00000011100000001110
10110010111001001101
01101111010100011000
10111110101001010011
00011010100111010000
01001100000010010010
10101110100011010111
00010100100110000010
11100010000010110001
11001110001110001010
11001011000000010110
11110010010011110010
00101100100000000111
10011111000010101000
00100001111010011011
00010001011110110100
00011111111001101010
01111110001010011111
01101110111111110010
11110100101010110010
10010001000100011000
10000010101110101100
01000101101110011111
10011101010110010011
00101111100110010011
10000101000011010101
10000101000011110111
00011101011011110110
10101001110010101101
10000101111111110100
10110110000111110100
01110001001111101110
01101011011001010110
11010110111001101111
01011001001000110001
01101011010101000101
10011101100111111100
01000111111111111001
11110001100000100000
10111011100111100111
01111011011010001101
00100111110100000100
11001010111100111000
11100111110110101110
00101110101100101111
00111011011000110110
10001111100000011000
11111111111100100110
10100001101000010001
00000000111001100101
00000001111100011111
11000000011110011100
00111000110111110100
11101010011100111001
01010011000101100111
00110111111111001110
00010010010011010101
00111001000100010011
10100110000001011011
01101010001100110110
01000010011010000011
01011011010010001111
00011101110000100001
01011110110010110000
00101110010000001111
00000000010111011010
11100111000100110111
10101110010010001011
10011001110111000011
01011100010011001001
10010111110111100100
00001001011111101110
00001010100011110000
01010101100101000111
01110110000010101010
01100110100100010001
11111110110110011101
01000110011001101001
00111110010011011100
11101110001101011010
11101010011110111101
10111111100001101000
01111100010101010001
01010100011011000000
11101011100101101100
01100010011011101001
00000011100100010001
11101001110010101011
10111001100000111010
00110010100000111011
01000100010110000000
11111110101010011101
00110100100010111010
01111000110000110001
00110001110100010111
11110101000111000011
11011111100100000110
00100110010110010001
01100110010000010011
00000001111011111111
11110111100011101010
11011110100000100101
00101001101110110011
00000101001101101111
11100100111100001110
10101000110000011100
00111100010010001001
00111111111110101100
01111111000011000111
10111011101100111101
11100111110010101001
10110100100000000101
11001101001011011001
01000011101011011011
11100111100111010100
00001111100111010000
10110010010100111001
10110001001110100001
01000101011011100100
00011010101001010011
10110100101010010100
00010100011010101011
00011001000000100001
10111111110101000011
11101110001111000000
00101000001000101101
00011100110000001000
00101000101111000000
10001110110101111000
00100000111011101100
00101010011101001111
01100101001010000100
11011000100111101001
00001111110111001111
01000010100011111101
00000110101011000011
00000100101110111001
01111001101010001111
10111000110011011010
11011011100010000001
01111011100011111010
10000000001000100010
11101111100010100101
00011000011101101000
01010011001100010011
01100110111011010110
01000010110000011110
11001111111110001100
01101101111000001110
11011001110010111110
10101111001001010100
10010000111011111010
00111010001111100011
00000000000110110111
10010011011001110100
00100001101101111111
00010100100000100111
00010001111010011011
11111010011100000011
00000000001000010010
11111010001001010110
11100000111100011000
01001000011110010011
11011110110010001001
11010100000101001010
01000011111111000110
00111111111110100101
10000100110010100010
10111000001101000101
10011110110111001100
00111111110111000001
10101011101110001101
10011000101110011101
10110001011001101101
10111001010100000011
10110010010000001001
11001111000100001110
10100100100010110010
01000110001001011000
10110000000010110101
10011111010100011100
00011001001010011001
00111001000011011000
00010001111010100100
11111001110001111101
01100010001111001010
01000010011011101010
11001100111111111111
11101111010100001100
11010011111011100101
00001100010100010001
00000111111001011101
01101101100000010111
10100101111010110000
11010011000000000101
00000010011011001101
01101101111000110001
00111001111010101101
11101000000111000111
10110000010111110101
11101000110100100111
01111011010100010100
01110001011101010100
11100000110101011110
00101101101010100011
01100010000000111100
00011001111001001110
11010011011110011000
11001010101101110010
11010011001011110000
00111101100011100001
10110110000000011010
01000010010010110100
10101100011010111100
01101000010011011001
11111101111110000110
10101111101000110101
10101111010010001011
11111000010111000111
00110010011010010011
00100111100011000101
01011100111010111010
01001101100101000011
01101000001110101110
00001100000100111100
10100000010010001100
01011000111001001100
11000001011000111010
01011100011000001000
00000001011100110000
00010011010101100010
10110001100001000000
00111011011010110011
10001111001010110110
00010101111001100111
10101111000111000110
01000000111010011010
10101010110101000100
11010111011011000011
10001100111011100001
11000100000000010010
11100111001001010010
10010011011001011010
00011111110111010000
10011101101100010010
10011000101100010100
10111100011101011100
00111110111010111100
11110010001111110001
00101110111100010011
11100000111101001110
11111010110111010011
10100000110110010011
00001010101111111111
00110110010111011011
01010011011001011010
00101110011001110100
10100000001100111001
00011110110111000001
01100101110011100000
00111101111100000001
01000100010101010001
01011001111101000111
10101101110011000010
11111101101000100001
11111001111001101101
00100100100110101001
00010001010011000001
10010011011111100010
01111110010111010111
11101110110100110000
10101010111010111011
11110010000100001000
10010001010000101010
00100111101010000000
10111010100001010100
11100100100001010111
10101000001101101000
11011111011010101101
01100111101001000111
11111110010001010110
00001010110111000111
11111010000001100000
10010110111011100101
11110110101100001001
00010011100101001101
10011100011010100100
11010010001100101000
00111111110001011110
11110111001110100111
10000111000010001100
00000100000111100011
11111001110111101011
11011111101111000010
01001100111101101000
00011000000011110111
11011000100010000110
10001010010110101010
01010111011010011000
11100010110101100001
01000110100100101000
01010010010111100001
11110111100101110100
10001101110101100011
10111010011111000011
00110100001111101100
10100000100111011101
00110011011010101110
00100110010001000100
00110110101000111100
10110110110111000101
00010110001100011110
00001010111000101001
00101101001001010001
10100111110111100011
00100110011100000001
10011110011111010100
11111010111100101001
11001000100000001101
00011010100100011001
11110110010011100110
01001011000011000100
10111110111010001000
10101110010111010000
10110010001001010101
10010110111111011110
11101000000011010111
11000010010010110101
01101100010011001001
01000000100001001111
00001001101000101001
00011100011010111110
10101100110101100101
00101111111011000001
01011110000000010011
00011000011001100001
10101101101110111001
00000010000000110010
10010011001011111000
01100000111010110110
11111011111100101100
01000111010000100010
10000010011110001111
11100010000110101111
11001111101011101011
11011000110011111101
01110011101101000100
10000011111000100011
10001111010110111101
10011100011111100011
01111100000000101111
11100001011111000100
10111010101111110011
01101101100001111111
01111011110101111101
11000101000010111010
00110111111100111010
00011111101110010011
11111011011001011111
11111001110010001010
00010000011000101111
11010000001001000001
11110111001010110011
10010001011111101010
01010101011101111000
00011000001111110100
11000010100011110011
10111010000101110110
01011000100010100010
01110010101010001010
11101101000110010100
11011011011001010110
00100001110101001000
11001100001001100101
10000010011101111111
10001101001110110110
11101110100011000011
00011010111100000001
01100101000100101100
10000000010110110001
10010010010000101010
01111001001101000111
01001100010000001010
10001100010111011111
10100110001011011011
10111001001000111101
11011011001101000110
00100011011111000111
10011001100001100000
11110111110101111111
01100111011111100010
00101000000011110111
11001110100111010110
11100010111001001100
00110110100000111111
11100001010111000110
00111011001111000010
00001011100110101111
10010110100010111100
10001100100001111000
00110111110110001011
00011010111100110111
11111100111111011000
01011000010101110010
00100000101001111101
01101010000110000011
10110100000001000011
10100111001110101010
11100100111100010111
00000001111100100100
00011011101110001100
10011110000000111000
10000011000000110001
11011010101011101111
11000000100001100000
01111110001111101100
11110110010100101001
01001100101111001000
01100110101101110000
10110100100111101110
00110010001001001000
01101011100111101101
00001100000011010010
11010100111100010011
10011100101010100011
10100110010011100110
00001101110111110001
00111001000001111001
00011100101101001010
11100011100110011000
00110101010101101000
11111001110110101011
10100011110001111111
01100010111110000111
11000001010000010001
01100001011100010100
01011101010100011011
10101100011010110011
00110110011110100010
10000111010101001101
10001001101101101111
11101001011101010101
01001011001001011100
11000001110000110110
00101101110100100101
00010111101100001010
01010111010111110010
01100100011100011100
11110010100001010110
01100100010001001111
10100110110011001100
00110001111111101010
10100001011001010010
10110011010010100110
01010001010000110101
11100100011101010101
01101011100110111110
00011001111101010110
11111100000110001100
01110001010010010110
00010011001101000110
10000010110010110110
11011110101001111101
11110101111110011010
01010100110100110001
00100001100010001110
10101011111110011000
01000101010011001110
10100000110111100001
10001111110111001010
00010010011111100101
11000011010010011111
11000101011001110011
11000000010010110110
01011101000000100010
00111110101110110101
01110101110010110000
01011001011000011110
00000000010011110010
11011100011110010111
11011001011100101101
01100010101001100000
11000110110110101101
00010001011011011100
01110011111010110010
00000111011100001011
10100001100010110000
01101010010010011110
11110010011000101111
00111110000111001001
00101111101100010101
10110101000110100000
00111011010100110111
11000111110100001001
00000111111100101101
00011111011001000101
00011111110011010011
01000111110010011111
10101110101000100101
10010001110010011110
10000100011111001010
10111100011110110101
01110100011100110100
01110101111000001111
10111110111111001001
00010001100000011110
10000001011010110000
01101011000000110101
10111100000010001010
01011100101101110010
11001001110100001101
01001000011111010110
11000010011011101111
10011000000101011011
01011101010000011010
10101010101000101111
00001010100010100100
10000110010101100011
10111110010010000111
00110000101100000011
00011010011100110100
11011110101011011000
00100010000010110000
11101010000100110000
01100100001011100111
01110111001010010111
10100100111010111100
00100110111101100011
11010010111111011011
01111000101010010000
11011101010000010111
00111111010111110110
11000011111000001001
11010010011000001011
10101001100101010100
10110110100011000111
00001010010011101110
00111101010011010000
11100010111101000011
11010100001000110000
00111101001111011000
11000000101001100001
01110110010010001110
00101011000010001110
01101101110100001110
10111101111010110001
00000001100000111111
00001100011011001011
01100100110000100111
11011010010001100111
11110110001110110101
00010000111111001111
01110001000010000110
00000111110111101001
11101101010011001000
10000111010100011011
11000111101000001101
11101000001010100101
11101011000100001010
10000001000100101110
00011101000100000101
10101101101101100010
10100101010010011101
11011101111111011110
00011100101110101111
10000110010100011110
11100000011111110100
00010010101101010110
00010100100010110100
00001100000000110101
11100001001111011001
10100001111000110011
11111001010001110001
10000110101111100110
01110010001110100011
11101100001101001000
00100100110100000111
00011000110001101100
01001001101001100100
10110010101001010101
11001011000110000101
01101100101000101111
10110011100111001110
10110100000101111011
00000101111000111111
10001111110101111101
10001101101110011010
10111001111110010000
10011111011010101000
01010010001100100001
00101000100101001101
11111010110011000100
00110100000100000111
11011001010100011000
01110001001100101010
00100100111100111111
11010111110010110001
11100001111010111100
01110001101111001010
01000111000001100000
11110111101001010010
01111011100111100101
11010010011010101011
11100111000101000011
10000101100101001011
00010011111100111101
10101000001101100100
10100111111111101000
00101111111111001001
10100110010111111101
10111101000010110101
11000000000010100101
10011001010110011101
01100010101110111011
11010001110010111110
10001110001111011001
10000000010101011010
11011100111011000111
10000000000101100101
00010111010010110011
10110110111101111111
01011001110101101110
00000111010000000010
01000011100000010111
10101101110101100001
00110111100011100010
01011110000101100110
00011100111011100001
10000010010000100100
00101110110100111100
11110100000011100010
10101111011000010010
01011001111011111001
00100110100100011110
00001010110100111110
00111101011100100000
10111000110000110101
11111110000110010111
01100010011100110010
00001110010101000001
01001110001011111010
10101000011100110111
00011001010101101101
10001111111010100110
10111100111101100011
10110110010100100100
00111010100000001001
10101110101111101011
11011000011111100011
00101010001011101100
10111101101000111010
10001010001001011011
11001010101010110010
01010000110001110001
00101000011111000000
01101010001011100110
10000100100010110000
00000111010101101010
00101011011001010111
10000110000010001010
01110101110110110101
10000011101000101100
01110000100011111010
10001010001010011110
11111000000001010101
00000000000110111011
11000101111110010110
11010110100110111001
11101011001110001100
01111111110101110101
10011101010111001100
10000011001010011111
01111001111100111000
01110100011101000011
01100000011011111001
10011100111011001101
01101100011000111100
01010001111001001101
10001000110101001111
01100001010101111010
11001111111010011011
11010010110000010001
11000111100101101010
01101111111010010101
11100111001001001001
10001010000011111001
11000001110000101101
00001011111011001100
10010010011110001000
00101111011100011011
11010000011101010111
11100011001000101101
10000000110101101111
00110010000001110011
10001110111101100110
00010011110111000001
10001101101011101111
00010001100111000000
11010001010100111011
00010010011000011100
00010011111110110110
11010010000111000010
11000010100010001111
10011110111011011100
11001111011100101011
10011010011111110000
00001011011000001001
10010111111011010101
00010010001011010000
11110100011000111111
01110011001001100111
01110110110010110001
01010111011111100101
01101010011001111010
10110001001010101100
11000011001110100001
00011011101001100100
11101011011100100000
11110000001011010011
11011100001010111011
00110111011001111101
01111111010101111010
01110010001110110100
10000100101110001001
11001101110101111100
10010100000000001101
11010001011100111001
10100110111001110000
