20 2047
00010101001110101011
10011111011011110000
01010001100001101111
01001011011110011000
11000101011000000001
00100110111010011110
01110111011010000111
01010110110100110001
11010100100111100111
10010100111101001011
10010010100011101111
01101101001000100001
00011000001111100001
01101001110010111001
11010110111000001011
01010111000001001010
01000101010010110000
10010010101010001101
10000001000100011110
01001111101001011011
11000110001011001101
00100101010100010111
01001101101010110101
00010001000101111001
11110100001010001010
11010111100011111100
11010100011011010011
00101111100010111110
00101100001111100101
10110101001101110010
00100010001010011001
10001101111110000101
00111110000001010100
00001111100100101110
01110010111011101000
10111010010011011011
10101110111000011110
01010101001101011011
01110101110000110010
10111100111001000100
01100110001011011000
01011111111000100000
11011011100111101100
00010101010111001010
00011100011010011101
01101100111011101100
11110100110011000000
10111000001000011101
11100110100111011101
00001001001101100100
01110111001101000100
00100101011111111000
01111001010110111000
01000111110000101011
11010001010111000111
00100110000101111110
00111110110010101010
00100001011011111111
00000010000111010001
10111100001010111011
01110010101101001010
00101010010111000110
00101000000110100010
10111001110000011111
00100011011100111110
10101000000101110100
10100110100100000011
00100110001110111001
01101101000010001111
10101010001110001101
10010010110010110011
01101001100110110110
10011110000110110111
11011011100011111000
00000010011011010001
10000100001110010101
10100001011101000000
10100111000110110001
00000100001011000110
00111001000101111110
01110111001100100010
00110001100100110011
11011111101010110000
10010100110000110111
11011011100111000010
00010000110001010011
00011100010110110101
00110000011011011000
11111100101100100101
11100010001111110011
00111111101001100001
11001000110001101110
01010011110010011110
01001110110001110001
10011010111111111110
11100110111101010100
01110101110101110000
00111110111000010001
01011001010010000111
10100100110110001110
10100101110011001011
01111011111101011111
11101110010111111000
11011000111111000101
11110000101111111011
11101110010110010111
01101110010101011101
11101011011110110111
11100000110100110001
00011000110011101010
10000001111011110101
01100111110110010101
10001001101001101101
00001100011001101001
11000001111101110011
10010001111101001011
11010100110100110101
11111001111000010101
10111111101011101110
01001101111000101001
10010010011100010110
10010111100010011101
01100110001100011001
01001001011011101010
00010000011001000111
01101000000100100110
11001101001111110110
10001111010001011011
01011011100010110011
01110110111101111101
10010010000011100100
00011100101000110001
00000000000000010000
01100000000011111001
11101100110101000110
10011110110111000111
00000100110011010110
00100111111101011000
01111111110011101110
10100100111110101010
11101101000010100001
00011101101000001100
10001001001100100110
10100011110001000010
01111111011001011100
11101011011001010001
00111000011001001111
00110001010011010101
01110011111101100100
01000001111001010001
01011010001111001010
10010011001101100011
10010001011000010010
00111110111001101111
01011010101110001001
00011010011111101100
00001100011000100110
00101100111000010100
00101111011010100011
10110110101000110011
01100011100111001000
10101101000111001000
00000110110101100000
10110001110000110100
00100000101010000100
10111011000001101101
01001111100000011011
10010001001110111010
00100010100010010001
01010100101100010101
01101010100010111001
10111000101000010100
00000111110000011011
11000010010110000000
00010110011000111010
10101100100100011100
10011111110111010110
11110110000010111110
00111100110001001111
11011010011110000000
11100010111111001000
01100100001010011110
01110110010010011111
10100000110010001000
00101011111110111110
01101100011101011011
10101000101101100111
11111110101011010000
01001111000011110110
10011100111111101110
00011111110101001001
01101010001100000001
00101100110111011011
10110011001110100111
01100000100111011100
11010101001111110101
00001000010110010001
00111111011111111011
00101101010110110001
01100010101111000011
11000111101111000010
01001101111011011011
11011010010010101101
01000000011101111000
11101011101011110000
10000100100111000000
11010010101011111111
00111111000010110110
11101100111111001001
01000110000111011110
01000111111001010100
10101010100101011101
11010010110110101101
01000001101110110000
11000011101110111011
10011000110111010000
00001011011111010000
00110111011100010101
10001111111101011101
11110110001010101010
01001000011011010101
00110100010100111111
00001110101001011110
10100110111000100001
11011100001101000110
00001000000110001000
11011101001101100100
01111111000101011001
11001011010010100111
10010100111101011101
10110001101100111000
01010111111001000010
01011000001111000101
10110100100111100100
11101100110100001100
01101101011111110011
00011011001001101111
11001111000011111111
00101011111101110101
01000100110010110111
00101001001011101101
10010011110111001111
11011010110101101000
00000110100110001111
11001000100001101101
11010000011101111110
01011101100011010101
10001010101011000000
00100110110101010100
10001101101001011111
01011101010001000011
00111111111101010011
01000001011011001101
10000101010101101111
00100010000000000010
10111011010100111010
01111100011010110101
01001010100100010101
10010010000110110000
01110101110110000001
01010001011000001010
11110011011101000000
10111010001110100100
10000110000110010101
00100100110101000100
10110000000111111100
00111101001011001100
01101101001000111000
01011110001000110111
01100101110000000010
11111110010011000100
10001101100001010111
10010011001000101110
11000101011011100001
01011011001100011100
10111000110110111101
01001011100110101001
11110110110000010110
10010110010010101100
01110011000010110001
10000001111001110111
11101000010111110011
00110101000010001001
11111101101100100001
11100001111010100111
01110110011101111011
00111000000001110000
01010110110110000110
11100111101011011000
11000000101010001100
00000011110001100110
11110001010010000010
11001101010100000011
01101001110101000101
10100101011101000010
00111110000010111101
11011101111110101010
11001010111110010010
11011101010010100001
01011101011110010000
11110101101100110111
00100111101001001111
01101100011110111001
00001001110101011100
01110110010110100000
11010101011011111010
01000110110010001000
01110000010011001011
01001011001001011110
11101110101110110101
11101001000010001110
10110110101010010101
10101001101010010100
00101001001111010101
11000110001001011101
01000101110001111001
01011100000100010100
01111010111111001101
10000111101010000010
01111000011111101111
01010111010100011101
01001110001110001101
11100100000011001100
10011111110101001011
01010010010001001100
10110001011001001000
01011110101111111000
10101000111001111011
00111010100111011111
00111101011011001100
00010111111101011111
11011000011000000011
01101010100110010001
00000011100000001110
00110011110101100110
10100001001011011000
01101010001101010001
10001101000100011010
00001000101110100111
10101111011010101011
00010001000111001101
00010110100011111100
11101100100000001101
10000000010011010111
11010101110001101010
01010111001110100011
01011011010010011110
10011101110011110100
00011010001100111111
11000011000011000101
00011010111000010011
00100110111110110001
00001010101111110110
00011100001010010110
10100010000101001010
01110011101010111010
01101111100101111111
00110011100000111011
10110111010111100001
00111100111011010110
10001001011101000110
00100101111110100101
10111111100100100101
00011001110010111001
11110111010101111111
10011011101101000011
11011001010001001011
01000111110001010000
00001011110110001010
00011100101101010100
10000010010110011101
11010000110001101011
10000101111110010010
01000100001100011110
10100111011010000100
00001011110010110100
11001000000010000011
11100110101111111010
00100101001110101110
10011000100111100000
10101010100100011011
01000011000100000010
10111110000100101111
01111000001001001010
10100100111101011100
00100011000110010000
00001110010011011010
01101010100100010011
11001000110011010010
01011000001001100000
11100010010011110101
11101011011101111100
11100101110011111011
01011111011100010111
11010011011000111111
01001110011110101011
11101101011011101100
10101011010011110010
00111000110111111101
10011111010001011011
01011010111111010001
01000110001000100100
00110111111011100110
11000001010011111101
11111001010000000110
01101001100000010000
00000000110010000001
11011011100010000101
00011101001100000001
00111110100000010001
10010110000010011101
00100011111010110110
00101011001101000111
00110100000001001111
11110100101011101111
00111011001111000001
10001100001100110010
01100001100011001100
00110000111000101000
01111100111000011100
00100101000100101101
10011111100000010111
00010011110000110001
00101010000011101100
11110010001110100100
01011110000101000001
11001010101110001001
00100110100010111100
01011000011000101010
00001000101001110101
00011110101000010011
10001000001101100000
01001011010010111101
01010011000110100110
10011100101001010111
10111011101010101010
10011010000110110011
00010001100011000001
01100010001110110001
11110111000010111111
01100001100000010011
01001010010010001110
01111001010000010011
00000011010000010101
01000110100000011010
00000101100000110110
11011100000010011100
00110001001110101010
10100011011100000000
11010010010100101100
11111011001001101001
01000001111011111011
10101010100101000111
11001100011011000100
00011100010110011000
01111000001101111011
11001010101000000110
01000110101111100110
11110101111001011110
11001010011001011101
00010110000111011001
10010001010111000111
10111101101111100010
10100111010010110000
00100100010110100011
01001110010111110001
01100011011100011111
10011010101101000011
11000001001100110100
10001000111100010010
10010010011010001110
10111111111111100000
10111010010111100100
10000000101101110000
10111010101000110101
11000000001000001010
01111101110100011010
00111110111001000110
00101101111010100001
10101011010100100000
10000100111111100101
01100110100001100110
10110011111110000010
00001110001001101101
00101011111000000000
01100000000101111010
11110111100011111000
11001011011011011010
01001010001101101011
11111100011010111011
11001111110111110110
10011111001000011101
00000100100101111011
01111110111001111010
10110000001110011101
11100001001110001011
00101001101010101111
00110000100001011010
11000001010001001110
10000000101100100111
01000100110100000110
00001100010110101101
11011010011001011001
10010001010010100110
00011001101011000011
10110010000010111111
00010000011110001101
01010110000111001111
00101100110011101101
01011110011110001101
01001100100111010110
11000110001111100000
10101001111111110100
10100000011110001111
01010111101011001010
00101010101010110000
10001101011101101001
01100000001010010101
00000000001001010100
10110000010101111001
10010111000111111001
00001111011011111100
00010110100110100101
00100001011000110000
10001010011010011100
10110100101010000001
10111001001000000111
01010100111110111111
01101100111100001100
01000010111100111111
01010010011111101111
01100100010111101000
10001101010011100101
11100101000000010011
00111010001100111110
11001000000010101100
11011111101000101010
00011111101111111111
01111011001001110011
01101111001111011110
00110100001111101111
01100111100111110011
10001110001011111011
11011011011001111101
11100100000111001100
11111000000101111101
00000000010010001000
00111010101000101110
01101001011000011000
00001110011100111011
01001010110011011100
01010011101101010000
10110100101111111111
11000011110100111001
01111010111010000101
01001110100011110011
01000001111101000010
01010110100001000010
11001110101011111100
00110000101110000100
10001010100110011011
11001010110101001011
00100001101100010100
00000011101000000000
00001000111000111101
10100111100111111110
11111010110011110001
11000000111101100011
01010110100110111100
00110100000001100101
11011000011011010000
00010101001001110011
00101100100110110101
10001001011010110111
00101111011111011011
01000000001001111100
10110111001101011010
11110010101010000100
00100010011010000111
01010100000111101011
00000010110111101101
11011110000010011010
10110101100111000000
11101010100111111101
01100101101010011010
00110100011100000111
01111010110110011101
10111111111000101000
00001010111001001010
10111011000001011000
01010110001100111101
00010101101001001111
01111110110001101100
00101001101111001000
01010011010011001101
00101010110101100110
11110011100011100100
10100101101110001001
00111101010111101100
11001101110011101101
00010000001101110011
11011001111011010000
00110101100101000100
00001001010111011101
00101100010101000101
11011001100111001110
01100000111010011101
11111100101111001011
11011000101110101000
00110000111101011101
01000101100101000101
00011100111001101101
10100100010110000011
11001101000011010101
01011010000010010001
11010110111010010101
00100000100101001011
00011110101111110100
10100101110000010001
00100011001010111010
00100100000100000110
11101110011001010110
11001100101111010001
10001110101010001000
01000110011110111001
01101100011001111111
11011110000010110000
01011110100011000111
11100000101101111001
01100001010111010001
01000101110010011011
11101011111110001001
10000110110111101011
00001010001111111000
11110011101101010101
01111000101000011011
01111111000011101001
10110110100111100011
11001101100100110010
10010010001111011011
11011101000111011111
00100000000100000001
11000101001011011000
01100001000000010111
01110001100000010000
11101011101111011111
01101111010100011100
01010010000000011100
00010000101110111000
00111110001110100111
00000101100011001000
00001100011001110101
00110000101101101010
11110000101011101111
01010110000101101100
01111001100100011010
01110101010101101001
11000000100111000100
11111011111000000101
00010111001111011010
01100110000001111111
00110001000000100110
01110110011011001100
11000110111010110101
10001100110001010101
10100001001100110110
11000100110001011110
10110110000000101111
10101011010101011000
01111110011100011000
10110111010001100001
11101111001010001101
11111010000111110011
01110000111110001100
00100111101000000001
10101011100110000101
01100111000010110100
01010000001001100110
11001001011011011100
10001100010110000100
01101110010000011011
11001101011011011101
01111101001111010001
10101000011011101101
11110001100010001100
01101101011000000110
10101100101100001001
01110001111100011000
01011110111011010011
00000111101100110001
11010001011101111001
11001111010011100100
01101011010100111100
10101111001000110110
00111011101101111101
01000001101010011010
01011101000011100110
01111110001000110101
10001100110011011000
10010011111101001010
01110000000001000100
00111001100010111000
01110011111110011000
00110100000011001000
11000100011100000101
00101010101101001100
10010101010101101100
10100011111100100111
01110101001011000101
10100111000011010011
10000011010100011101
10111011000011011101
11011011011100101000
00110001011001111111
00110001001101011011
00110101010100000000
01010101100000111101
01001000000101010000
11010000110001010111
10100101010010100010
01010100010001010000
11101101100011000000
10111111101111011011
10111011101000100101
10000110111101100000
00111010000000011010
10011111001101111101
01011101000100011100
10100001100010000101
00011000001101010001
01001110000011101000
01111101000001101010
01010001010011110111
10101000111010111100
00011101010101100000
00111101011101110100
10001010101001011110
00010110110101001011
01000000000000110011
11111000001110100001
10101000101000111111
11101100111100011010
01010000011010100110
10111101010100101010
01000101111111010011
01001010011001110001
11001100011000010101
11000111011110101010
01011100100110011000
11111100100000011010
00000101001101111110
00100110000101100100
11000111111100101101
10000101011001110111
00010010000101010011
01001111011001000111
00001011111101110110
10110110010111110000
01100100101110001100
00111110111000100101
11001001000000011100
01101100000010010101
01100111110100001100
01100000001010011111
00100110000000000111
10101111100010010111
01011011001001110011
10010000100101010000
01000110111110011101
11101000011011010001
10001101011011110011
01101110111001101101
10100101101101001010
10001110110101000111
01101111101010001010
10110101100000010011
11011000000100010010
00110111010000111110
10010101010001110001
11101100101111001011
01011101011111011001
00110111001010110110
01000010100010000011
01000010111101101010
00010101110010001000
00101000110111110010
01011111101101010110
01011111011110001000
10000000110111110101
00001110110000000100
00100101100011011001
11100101000011111100
00100011000000101011
10001001110001100111
01010110101100100101
00111011000010011001
00001000000000110111
10001110011000010100
11000011010010111001
11100111110000101110
01100001101101110101
11010111100011101011
00110000111011110011
01001010100001001010
01000011011010110101
10110011100100010010
10000010000010101010
00010010110001101110
10001001001001110100
00111001110111111110
10101100110011000000
01001010010111000111
01101000001001100110
00100111001110110010
10010001100111000100
01001110111101000110
01111110010000100001
01111101001010111000
01101010001010000011
11011111010101000010
00111111001101000001
11010001010101011100
10011111000111111100
11110001001000101000
01000101001010111001
00000111110001101000
10110000110101110100
11001101011011101111
00100111001011000000
00001010000110011111
10110110011010011110
10000110010100110110
01011001011000111011
00100010010100000001
11001001010100111110
11010010001011011110
01111010011010001100
11011000110011100000
01011011110011010111
10000101110011101101
11101001001000001001
00111001101011110101
01001111110100000101
10001111110100000111
00000000101110100011
10011111000000101111
00110100000010111101
00101110100001101010
11110111101111000011
10010110110110010010
11110010110111111110
01100100111111000101
00000101010001110111
01011000101000001110
11110000011111010010
11110111010111011111
01001110010111111101
11110000010001010111
00010111001001001110
01011100111001110000
01111101001000011010
11111011011100110010
01011110011011000101
11100111010001000111
00001011011111001001
11100110100001101100
01011001000010111001
01000000110001100110
11101000111100011100
11001010101001000110
01011101111000010011
10111111101001110100
11001100011000110001
00111110110000010110
01011011111101011100
00010011111001001010
00000011101010111111
11010001101101000111
11011001000000101000
01111010001110011000
11001111100101101011
00101010101100011011
10111111111100011011
10100011111010001010
10000111010010101010
11101000100011110011
01101001111011110000
10000110010010111111
10101101111011101111
11100001111011101110
11110000101011010111
11110010111110111101
01010101101110101000
11010111100101111110
11001011110100101000
10111010111000011111
11110100110111111100
11011000110100001001
00000110010100100001
00010110010100010011
10001011110111010111
01011000100110111000
11100110111011111011
10011000100000000111
11011100000110001111
00010101000011101010
11010100011010011100
11110001101101111111
11100101111000100010
11001110011110110100
01011011100110000101
00101100010101010101
01000000011100010010
10000010010101111111
01011010011111010010
00001110001001010011
00001011010010001010
01001110110001000010
10101100100100000010
01000110100111111001
01010000100000110000
10111010000011001011
10011100001101100101
10100110110000010001
10001101101100000011
00010111011101110100
01010100111110100110
00100000010101110110
00100000010100010110
01010010011100000011
11111110011010011001
00101111101110100000
00110100110010110110
01101111101111000001
00111100010110010110
00111000101101100001
01010011011000010111
10000101110101110010
00111001001001010110
11101000111010110111
11100010001011001111
11101001101101000010
10111110000101101010
01100011010011001100
01110000001100010111
11010100001010100010
00101100001110110000
11011000111011100010
11001000111001100000
10010011001111000111
11111100011111110001
10011001001111110110
11011011101010101101
10010010010010100000
00011101010110111100
00000000011111000001
11011001100001001001
00110101111010101001
00100111000100000101
01001010101110001111
01001110001010100110
11101110000001110000
11111001000110110110
11000110111000010111
10101110111110100011
00111111000101110111
10110101110110101110
01001101000100011000
10010101110100001000
10101001111011111111
00000010001101100100
11001011101001010111
01110000110010011111
01000101111001000010
10001111100100100000
00011100100101010110
00010101000001011101
00001111101001001111
00011111011010000100
01000010111111010011
11111001010111010011
00100111011110100101
00101010100001101110
00000011001000000100
10001010101111010001
11110010010001000011
11001000001010100000
00100111011101001011
00101100011010110111
11110100010100011001
10000111010001101010
11101101110110010110
00111101010101100111
11001110011101101011
01100011111110011110
00000111101101101110
01000101100100101110
11110010001110101101
10011011100101111001
11010010100111101111
11010001100100001010
00001101110000011011
01110001000100001101
01011111000011010001
01010111111001111100
10101011000010100011
00000001110110100110
01010001111111110010
10011000001000110010
00110000011000100110
00000110110001011110
11101011010100100011
10111010011010100001
00110101001011110101
10101111001001001001
11110110110111001111
00000101111001111111
01000111101100000110
11001010011111101000
11011101101111010110
01000000000111000010
00011100011101011101
00010001001100001100
00010011011000101101
11101000001001000100
01001101000010111110
10011100110100110100
11101010000101111110
11111010111111001001
10110001011100010100
11101000010011110100
01011100111010001111
01111010000101111100
11001100000101011010
11000110011100010111
00011001010001111011
10110101110010100110
10010000101001100001
11011010000001110111
11111100000110111011
11001111011010101101
01100100000011011101
10000101110110110111
11011101100001010001
00010111000000100110
01001100100001000001
10111010000110000000
00001010100010000010
01001100001101000011
11011111110100111111
11010000010011011101
01000101100100110011
11011101100000010011
10101101100100001010
00011010111110011100
01000110110100100110
10001111011100110000
01111100110000000111
00010011001010110000
00101110010100001010
01011000000010001101
01001010101101110001
11110011101101010111
01111100100010011000
10111110010110111100
10001010001110100001
00010001100101001111
11101110000011111111
11001101110100111111
10110110001010101011
10001000011000001011
00111000010010110100
10010010100111000110
01101111011111001010
10011111000101010101
10010000100100001011
01000011001011000010
10010101000110011101
01101010100100110111
10010110101101101110
00001110001100011001
00111101011101001111
01001101111001000101
01101101100111101011
01001101111010100000
10111101100010101001
01010010110101110101
10100110100001100101
01010011110000110100
10110100101011111001
00010111101100111100
11000011001001000010
11010100011011000111
01100001001101011110
10100111100100011001
01011111110111100010
00101000100001011000
01010000101111100110
00011001010111111011
10000010111100001100
00111000001010110110
10011111001101001110
00001101101000011001
00010100000011100101
10010000110101011111
11110010010110101000
01011111010111000110
00110011100000100110
00000011111100101010
11101001101110110011
00011101100101011010
00101101101010000111
01001101100011111000
11001101101101101111
00100001100101110100
01101111011101001011
01111111100111110111
01001001101000001110
00111001010101110010
00110000111001111110
01001011001101100111
01111010000110011110
10100111010100011000
10100010110000110111
01101100110010100000
01110011001000010011
01100101100100110111
11010110000001110111
00010110101100101110
10011001100001000010
01011101110001001001
10111000001110000110
11011110000000000101
11101010101111001010
11101011011001101111
01110001001010110000
10001001010000100011
00100010111110011000
00000001100001011110
01011100010000001101
01000101000000001001
10001100111101101000
10111001010001100010
00011101111110111110
01000011101001111000
10111001000101010111
01001000110110000000
11110001000100000001
10011111011001110100
00110101001110010110
01000100101011000001
10100111010010010010
01001001111101111110
11010111110001011110
10111101010110011000
01011001111100111101
11010010100000010110
10111111000111010101
01011110011001000001
00001011010110110101
10100000001010000010
11010011010100000101
10000011111101001010
10101010101010110101
00001000110111101111
00100101011110110110
01110010010100010001
01111110000010010100
01011100100011010101
10010110001111000001
00010110110000000001
00000101000110111000
10010110000100001001
01001011001011000111
10001111000011100011
00000101010010010011
11101001111010101000
01100110001101101011
00001011001011011011
11111000111101111111
10011100001101100000
10000101010101101110
11001111001011011100
10100101000110111101
10010010110111100001
01101010100001011001
10000000011010111100
10101100100110000011
11000111100000000110
00011101111100100110
11100100011011100111
10001001110011101010
00000110110110010111
10001000110000010100
10111101000100001100
11001110011111001000
01101111111100011000
10000111110000100101
01100001010100000111
10111000110000001111
01111000000011010100
11000100111000100000
00101000000010001000
10011111010111110101
11001100111110010111
11110000000011110010
01100000001100001010
11000001011110100001
11111101110010010110
11010011000101101001
01001110001010011010
00101011010100110100
00001011011110101010
10001010100110100110
10101110010100101101
10011100101000011001
10011101111110111110
00111001000011010111
00100110000111000101
01111101000001101111
00101000101101110101
10000000101111001010
10000101010010110011
00101011111000101101
01111101000001110110
11111000010100110011
10111100010111011101
11100110011010011001
00011000101001101100
00100111010110101110
10110101010110110010
00011001010001011100
10111110010101010011
10110111110111100101
10011101100011011001
10110010110000110000
00111100100101100101
00011110001111000100
10100000101101101011
01010011001011001100
00011001100000100010
00101101010101010111
00100111000100010011
00001111011100111001
10110011001011111111
00100110010010010011
10111011001001110010
11110011001000000010
11001000011011011100
01011100000111001000
01101011000110011010
00101010010010101001
00100011100111101100
10111100010101001001
11100000110110111110
10011010101100011110
01011000001011111100
00100110010100110011
11110111010101011000
01110011000010110101
11111100010000011010
10100000000110000100
00000010001101000001
01000101001010111000
11101011001000110110
11001011001111011001
10111100000001111101
11100010011010010001
01000110100111101010
10101011001100100000
01110011000001111111
00101110101110111111
11011110101011101110
10000011001000101100
10010100100100001000
01001001000110011010
11101010000011000001
10010001100010111110
10001110000011011010
01100001110010101111
10101011010011111111
10010010110000110110
11101000000010010100
11000110110100111100
10100010000100101111
10000101100001010001
01111011001101111001
00101010111010000010
11010000000010110111
11101001010000111000
01110011101100010001
01001110010001111111
00110010011010101100
01000000110101111101
10111101101100100111
01110100000101100001
11010001001000101110
01110010010110100010
01100010100100111011
00001001001011010000
10101100101101011011
10100000000000001011
01000001011011010011
10010100010001111101
01000010000101100001
00010100000110101010
10000100011100101100
00000011111111010110
01110011011110110000
11110011000000111110
01010000111000100110
00110001000011111101
11011100110010111111
11111110100100000111
00001110111001000010
11101010101101011110
10101101110010111011
00001001000111111101
00001001000011110011
00011001000101111110
10101011011000010100
01100111001010101011
01100010011101000111
11011101001110000110
10001010010001010001
11011000110101101000
11111110110101001111
01100100100100111001
01000110001111011010
00101011111011001111
01101010111110101000
10010110110001101111
01100110101000111100
11110110101100010111
01001011011110101011
01001000100001000011
11010001000010001100
01100000010000001011
11011101111110011100
11101011011000101000
01101011001111011000
11110011111100110000
10011111111101001011
00000101100111010011
00101101010100111011
00101010000000001000
01011110100101111000
01110000011101111001
11001100000100101111
01110101011111011110
01001111111111111101
01110101111100010001
10110100100001101010
11111000110001000001
01100010011000100000
10010111110011000101
11001001100111100110
01000110111011101010
10111000000000100101
10001110000001001100
00111110100000000010
01010011101111000101
01100100101111011010
11101010111000111011
01010101010011001100
00110010000100111011
00100111000000100111
00010000101101101011
01001001010111001001
10001010100001011100
00100010110110101100
01111100110000100101
01101111011000000111
00111100011111111111
01110010000011010011
11000000100110111101
00110111110101000110
11101001011111000101
01111001101111011100
11000110011011111110
00111001111111100110
01000001101010011100
11010011001101110000
00001001111100001000
01101010100011110000
11110011010010000111
00111010001011000011
00010011010010001101
00100101000110011111
11000001100001010100
01011100011101110110
10001101000111011111
10001000011010111001
01000010011101010101
10111000011011110000
11010011100000100001
00111111010011010000
00011010100101110001
00111010010111001010
10011011101110111110
11010110110110000001
00011000110000110101
00010011101110011010
11110001101110101110
11010000101011000000
10000011010111110111
01011011101001000000
01111101000100110001
10001010010001001110
01000010111011110110
01110001011111010001
01000010111001001101
00000110111110010011
01011111001001111010
00011011000111101100
10111010000100011010
11110010000101111011
01010110001011100100
01011100101110001010
10010111101010010110
00001001000101111100
10011011010111011011
11110011100110111011
11001010110011101100
00011010000000000111
01000010101011111111
11011111110100011000
01101111101111110110
01100110110111111010
01100101101110011110
10000110101010011001
11010101101000110000
11010011001011100110
10100100101100010100
00101100100011000111
11111010111001000101
10010101111000010000
01111011110011111000
10010111101000111110
01011111000001101011
00100001101010001000
01110001010101001111
10110110111110100101
10000000101111101010
11110011100100100101
00111000010011110110
01100100101000010110
10000111110011110110
11000110111100101001
11111110110000000011
10101010011000011110
01101000110010111101
01001101111001011001
01100111110111110000
11000011011101011100
11000000010111010011
10100011100010101011
00111011101101011111
11010111111001001101
01001010111110101000
00010100101110011110
11000100011011110110
11011000010111100111
01010000111101110110
11000010100100001111
10100101000110100001
11100000111000010001
10110010011110111101
00001111010101000000
01100000001001011001
11010100110110111101
01111100111000100100
00110110101010111110
01010000110010101011
11100111010110111001
10010000110101000100
10101110001011001101
10001100101011100101
01011010101001100110
00110000110111010100
11001111000110001000
01110010101010011010
11100001010101100100
11101110100101011011
00000000000001011111
10001100010101001011
11101111110101110111
11010011011100100001
01110101101000100010
11110100101100111111
11100001110011110101
10101111010101010100
00111010101011010101
10111001010111100100
10111111101010010111
11101001000010101100
01010110010010110000
10000101011101011111
01111010101001011000
01101101111010011100
10001010001101100101
11011001011111111010
00000010011011110110
01111010100111110100
10010000000000111001
10000000101100011110
10110100011000010001
01011101001110101100
01110010100011000100
11000010011011110110
10000111111000101010
10000101001011111101
10101100101001011001
01110011000000010111
01101011011100110101
11101011111110010111
10001001010101000110
01001010101001111100
11000000011010011100
01001111011100001000
01101011100010001011
00000100000001011011
01111110110010010001
00100001101011001111
00000110100110000001
11111110011011110100
00000111110010111001
01111011011110101101
01000001100101101101
11110100101010111100
10000100011000001001
01110001011110111001
11111111111001000011
00000100101011000000
00010111110111011101
00100100111001000001
00010100111111111111
10001100110001100101
01110100110000110011
10110010110100110000
11010010010001111000
10111010111101000101
01001101101000100110
11101110110110011100
01100100001101101111
01000001101010110100
11000010000011101111
01100010100101100010
00101001110001010001
01101011010001000100
00000010011001100011
11101110010101111110
01101010001100101110
00001111011001111010
11111111111010010101
10100101101100001110
01000001100000010110
11000111100101010001
01110111011110101100
11000000001001111111
01000110101000011110
10011110001111001001
01000110001010110001
10000100111000000001
10101101101011100011
10010101110010001010
01110111111100110111
10101010001100001001
01001010011111100110
11111110011001111111
11010011011010000101
10000111011100010110
01100000001011001110
10110101101110010111
11011011100111010100
11110100001011010011
11111001010110001100
11100100010000110101
01111110100001010001
11110100001110101010
01001101110001111001
10011010011100001110
10110000000010100011
11001100011000111001
10011101011010010110
11100100101100101000
01001000101100001100
10001010100111100000
10000001100011010010
01100010011110010101
11101110010100000100
00000111001111001010
01110111110110011011
10101111111001011110
01100101110001000101
00110011111101000001
10110001101010111011
10010000110010101010
11100010110111001111
11000010001000110010
01010110101110001010
11010101100010011100
10001100001011000111
01010010001010000110
11101010111111100110
10000010101111010010
00110011011010111011
00100011011111101000
11000101001000011110
10111001100110000010
10011010001101110010
11100100001000110001
00110111011000110000
11101001111110010101
11000100001011100010
00010101111100100000
00110010010101001001
00111101101111101001
10001000010101100001
00010011101100100010
10100110110000000111
00011111011110100011
10011100101000000110
00101101010101100001
11100001101000001101
01001111010111111100
01010110111000001010
10111011000111100001
01111101111101111000
10111001111101000011
10000000100100110001
10010011011010111110
00001001001100010010
00101011001011010110
01101000000110110001
01010010101011101010
01110110010001101101
01111111011001001100
10111001010001110011
11100101000100011111
01001110001001011000
10110101001110100110
01011101110001100011
10011001011111000001
01001000011000110100
11011111000111010001
11010011110000010101
10010001101101101010
10100101110011110110
11010110110110000010
00101110001101100011
10100110110101100111
11101101010100000000
01011110000000100100
01111000000111011111
01011010111100110000
01101001000010100111
00100011111000001101
00011000110011110100
01100111110100011001
10101101000010100101
00001001110101010000
10011010110111011111
11000100111010100101
00110011000100101111
10100000100101101100
11101101110111001000
11000111101100011101
11000010101010100011
11011111100010111100
11010101101111111000
00011110001000111110
10110011110011101000
11010011011010101101
00000111000001001101
01100001110000101011
10100101111100111011
11011001110011101001
00111100101001101011
10100000100010001111
11101100101011100001
01001100011100010100
10000000000010110100
00001010110100100001
11001001101010100011
10001100011111000100
01101001101010010110
11110000100111110010
01111001101010011011
11000100101010010010
10110101010010101000
11101100110011110001
11000000110101111111
11110001010111001011
00111101010101111001
10011000000100000111
11111010110100111001
00110101001101110101
01101011100110110101
10000110110000101101
01100010110011111111
11001100000001110111
01101000000101011101
00000100100010001100
00011110110110010110
11100101100100100010
00101100100100100110
10110110001110110010
01011000111010100110
11110011110011110010
00101110111100000011
01101001111010111111
00010111111101111100
00001100010010011110
11011010010100100001
00001000111000110001
00011100010010001001
01010010110011110010
01111100011000010000
10001101000001010100
10001001010011000111
11001100111011001100
10011000010010000001
00001000010010100100
00101111001101001100
11100111011000010111
00001111011101010011
11011010011000111010
10001100001110010101
11100011101000001100
01010111000000001101
10101101011011110111
01111000011100100000
00011001001101111110
11010100101101000001
01011010110011001011
00010100000000101100
11010001000110011000
00111011101000110111
01000111000110101101
00001011000110010001
10110110000010110001
01000001101011111011
10110000001111111001
01110010111010000101
00011011100000010111
00000011110011011011
01111011011001010111
10100000101111001010
01100110110101001100
01110110101001001111
00001100010000111001
10000001000001011001
10100101100110110100
11101001100010100011
00000110111111111001
10101110000100111010
00100101111010101010
11101111011011111111
00001100010010111101
00101001101000100011
11000101000000111001
00010110101101101001
00110111010000101001
10001111111101010000
01001101111110011000
10011111011001011111
10100101001110111010
01000110011010100110
10001010001001111011
01111001101101101010
10010010001000001000
01101011001100010011
11011000001101110001
01010101101001000000
00101101010000110111
00111000111001001000
11100000111011100111
10110000100111101011
01110001011010010111
10010111101100100100
00100101111111111001
01101100101010010101
11011110001011001011
11000010000001100000
11110101000011101000
11010111001000101010
01110100110011010110
01110010010100010111
00011011001000111010
10010101100111111011
10100111010011001000
01000111001011110001
00101110011100111001
11011000000001111011
00000001101000100000
11011101111000010011
00111110110110110010
00101111100011111010
01110110000000000001
10100010001010001110
00100011010101110110
10110100110010010001
11000001001101110110
01100100000001001011
00000101010100010100
01010111010101010110
10111000111010110011
00000111111111001011
10110001111010110111
10000010110111000001
10101110011001011001
00110011000010010101
10100111101111011010
11101011110000010101
11100111010000000101
00111011100101101010
10101011011001011011
11111010101111100001
11011000010100011111
11111001000111001011
01001110010011111011
10000000010100011001
10000100111001100001
01110111100011111000
00101010000111001101
10110001101101011110
01011111001110111100
01001101110011010010
11110010000010110010
10100000100101110011
01101001011001000000
10111001111000010100
10101101110111011110
00101110111011001001
00101111110011110001
11111111110001001001
11110010101101001110
10001011001000011111
11110011110000111001
01110011011010010011
00011100101111000111
01010010110000110111
10110111001101111010
01101110100001110011
10000001100011001101
00111111110010101100
11101100010001110001
01000111000110111010
01011100001111001001
01100011101100101011
11001001010101111000
11111000110010101110
11000100011110010101
00110111111101001011
01101000000010111111
01101000100001101100
00111101000000101001
00111011011111011011
00111001110110110101
11110110101000001101
10101000001010101000
00101010011100011110
00001101111011010000
11101011010001000111
11000100000001111001
01010111111110110000
11011010000001111100
10111111001111110011
11101111110110101100
01111100010000101100
10101110111101011101
00101001100001111101
10010101001000001111
11011011110101110100
01000110111001101101
11010101100111000100
10110000101010101001
00110011010110000001
11010000001001110110
11111001110100110010
11101010000110110011
11100010000101100111
10111000001111011010
01101110010100111110
01011111001101000001
10100000101001001001
11110110101010011101
01011001110111001110
10010001101011101110
00100101111011110010
11010101011111110011
11000110010001001001
00000010011100001011
11010010110001110110
10010101100000111111
11110011011101111011
11110000001100100000
11110000011011010000
11101010100101100000
10110010110100001001
10000111000111101111
11011011000110001000
11100010100111110101
11100110011111011111
01111000101111111111
11011001011101010101
00100000011100010001
01010101001001001010
00011010110001000110
11011011110101110000
11100010000100011110
00001101001100011010
10010110000010011011
10011001001101110001
00111100111101110010
01001100011000101111
10001101001110110001
00101101010101011001
10100000101011001000
10111001111111110111
11000100110000000111
11010001010001000011
11100111010100001111
11001100111001001010
01001011000100100101
00101100111111001101
10001110111101011111
00100110010100011010
10101100100010101101
00001011110010011001
10101000100001000011
00110110000010100110
11110001101101001010
01000101010100110011
01101000011011001101
11001101010110010000
10101111101011000000
10000001101100000000
00110111000000001010
01011110100010011011
01010110101010100111
10000000111000010011
11110001111010010101
11100011110111000101
11010110101011010100
01110110100110110100
11110110101111001111
01001010100001100010
00101001110010110010
10101001000101001000
10000110011111001101
00001110000010001111
00110010110100100101
10101111001101010101
11100101111001100010
00101011101111010001
01000111101110111111
11100110111100100100
01101111100101110111
11111000101010010110
11101000010111100000
10001110100010101111
11110100001011110000
00111000100001101100
11000010100010000111
10001110001010001000
01001111100010011011
10101100000011010111
11010110011011000011
00011000111111011001
11000100100010010111
11111000111011001111
00110001010000101001
11011011001010000000
11010101111101010101
11001011000000011110
11000100000100101000
00100111001010000100
11010111110011110100
00110001101100110101
10001000001111011010
10010000010111001000
01011110000111011111
01110111101111001100
01110100001101011100
11101001110110111110
00010101010010000011
11111001100000011110
01100110100110110000
11110111110010100010
01000011011110010111
01110111000011110011
10001111111110100101
11011110110010110001
01000111001001110010
10001110000111111101
01000110111100000001
01000101011010110000
11011100010011011011
10010000111100100000
00010111100110011100
01111000101111110001
11011001110000101111
00100110010010100111
01010000001101001100
10011101101010010110
00101110010000111001
00100010000001010111
10011011110010100001
10001011100100000100
10001000000111001001
10001110100110100010
00111100100111100110
01110001111100111101
10000001001101101011
11011110101000001111
11001001010110000100
10011110101100000111
11000010000100100100
00111000011010000111
00011101000011001010
11011101111011010011
11101110111011100101
00100000110000100001
11100101111010011001
01010011001011001101
11110011100011101000
10111000000010110001
00000010001001001100
11101100010011000010
01000010010110000010
11011101110101010010
01000011000100011110
01010011011001110011
11011110100011010101
11011001010111001011
01100000010101011010
00000011010000110111
11101001100111001000
11101001100100011000
10101010011000101100
01011101111001100001
11010010001111011000
01100011101011100111
01110101011100100111
10110000101010001111
