20 2047
11000110110100010010
10110001110001110011
00010010000001000111
00001111011111110010
00010111011110111011
11010110011110001011
00101011011001111101
00011101011100101100
01101110001110111011
10001011101000001001
10101000010101001101
01111001001000010111
00111101010111110001
00000010000100010000
10111110001001110100
00010111111101101000
11100111011111001101
10010011100101111101
11100001000010011010
01101101100110010001
01001000001000110000
11100101001100010101
01011010011110010101
00001110110100100001
00001011011100100010
10010011111011100000
01111000110111111101
00100011001100001110
01100101101111111111
00011111111001110000
00001100100011100011
00011101011101110011
10101101101011101101
01010010100011100111
11110111010000100110
01010000101000110110
01010000101111011101
10000001111100010011
10001011001101000010
01011001111100001110
10110011000001001110
10000111110011010011
01111111011000010001
01001000001000110111
10110101110000111111
01011011000111000010
10000111011110000111
11111100011000111000
00101011111000010101
01000110001001101010
00111110110000100010
11001011111001110010
11010000010101100100
10010001000010111110
01111000011111110010
01111101001111010010
10011110100000100111
11010000011110010001
01111100000111110000
01010101011010101001
11110000011000011001
01000000001000001110
00101001100101111111
10010011111110111110
01111101101011110010
10011001100110000001
11100111110110101101
11010100101100011101
00110000001000101110
01100000100111011101
11000000000010010011
01001000011100010010
01110011110001010110
01111110100010100000
00010100110101110000
00100101110011110000
10011001110010110000
00001101110011011011
11001010000010111110
00111111101010101011
00100001110011111110
01110010010001110110
00110000101011100010
01110010010101011001
10100110010101001001
01101111101000000010
10101111110011010110
01000010001101101111
11011000010100111100
11011111000111111000
11010110100010111010
11110100000011001100
01110100111010000010
00101000111111011100
00001100011001001000
01001001111101111111
10010110001011110001
11000110000011001011
11111111011011000101
11101100100100000011
10111010001011000100
10001000010101101010
11110101100011101100
11110001010011001101
10101111000011101110
01111110101111100001
00100010011100011110
00110010011011011010
01011101101110010011
01101000111101111011
10100000101101100111
00001011010000001001
01111001011011011000
01111100100101111101
00000111111111000111
10101101000011111001
11010110000000001101
01111011101100000111
00001101110000101100
00000110111111000001
00111110101110100000
11110000101110000011
10111001100100111100
01011110110100011111
01101111001101111100
00011000011110001010
00111111110110100101
10111110111010000000
01110010000111000010
10100100001011011001
11101001011011100001
11011011100111110110
00001110101100111000
01001100011000100011
01010101100110110101
11111110101101111011
10101010110010111100
01001100110011100001
10001010100111000011
01110000100001000101
00011010010011010111
10100011100010001001
00000000011100000000
10100111001011001001
01011011110001100000
11000001111011111000
11111001000101100010
10011001000010010001
10000010110111110110
01000110000111000001
00001000111101001111
11001000010001100110
00001001000000000000
01101011010010100001
10100011000010100000
10110100010110001010
01110110111010101011
01010100100100100111
11010001110111010111
01111100101111011001
00011001100011010110
10101010001110110001
10100101010100000100
11000110111010001110
00100100001111101101
01110011001110111000
11111000000101110101
10111100111011100000
11111000000101001110
00101111011100000100
00110001011001000110
10000011001010000110
00111001111100100011
01010011110000010001
00111000101000011111
00110011011010011110
01110001100110011000
10100000001011110101
00011000101101111111
00000111101000001101
00100000111011110100
10101100111100111110
01100010000000011101
01101101110110000101
11100111111110100101
10111001110011100001
00100101000010001000
10110110101100101111
11010110100011111101
11111111110101010111
00001001000010000100
10001010100100000110
00000010001011010110
01010100010100010000
10001110111000100100
01100101101110101011
00011011111100110011
01000000000000001010
10110010011111100100
10001101110010110111
10100101010110000010
11111000110001111010
00010111100001011001
01111101001110111000
11111110001111011010
00011101001101100100
11001011100101110101
01011100011010110111
01101001110101011011
10000001100000101101
00000111100101001111
01011010001011010101
10110110001110100100
10110111110100011001
00110110001111010111
10001110100010010000
11011010111001100011
11110000100110111000
00100100011110111101
00010001101100000111
00010000111011000001
11100100000000001011
11010011100001110000
11001100110000010100
00111011100011011110
10001011000011110011
01010111111011111010
10110110001011100001
00110010000011001100
01000101000110101010
00011011111101101100
11111111000110111010
00101000100110100001
00110010010110001101
00011011100100010111
11001111111110011001
10111010010001000001
00100101101101010001
11010011000001010111
01011011110010110100
01001011001001110100
01000101101010110000
00101010100001011000
10100011101100111110
10110001110001011101
11111001100111111101
00101111111101110100
11100000101001111110
01001001001111101000
00000101110000101100
10111100000001101010
10011000101010100100
00100000001001110110
10000011011110101110
00001111010111001110
00010111110101110111
11001011111010111101
00011000111100101110
10001110100100111010
10001101011111111011
11101001001110000011
10101100011101101101
11110011110010111110
11001100111111101011
10001101110100001100
10010111111100100000
10110010101010010001
10100100101000001000
00110010010110101100
11110000101111110011
10011000001001000000
01101101011111011110
10010101000110001110
01000100011000101000
10111100001111111011
11010000010100111001
01100101010000010101
00001100010001110110
11111010111110000101
10110101000001101111
11110000101010000000
00001001000000111110
11001110110110001111
10100110100001110111
00101000111001000110
00100010010101010100
11000000100100011001
11010101101001001010
11111100000000111010
10000011101101111010
01111111001010000111
10000111000010000011
10001110001110000100
00110111001000101000
00111010010111101011
01100010111001011110
10011100011100111010
10010100110111001001
01010010000110011001
10110000001111001010
00001011010100110001
00000111101110100011
11000001000100010010
11000001110001001110
11011111110001110010
10100100111010011110
01110111010000010001
11111110001110100000
00110111001100110011
00001111100001111101
01000001001010010111
10100001110010100000
11011100110111110000
11100011111000010011
01000100111010010100
10010101001100101110
00110101101100000110
10111111011000001010
10010110001111111101
01011111000011111100
00010011001101111000
11000011111100000101
01100110001000011000
00111111000101100101
00010100101100110111
01100000010111000101
00000101101000111010
11100000101110110000
11000100010110010111
11101111110101111101
01100100110000110000
11001101011110010101
10011011001111111101
01010001110110001011
11001110001001100001
10000110000011101001
00000000110000000010
11111100110101000001
00011011100001011000
00010100000111011000
10000000101010101000
11111001101111111001
11101100110110111101
10111110010000111010
10000011010111100110
11110100100110110101
01111110101001111101
01111110101101001001
11010100000100111111
11110000010010000100
00101111100000001000
00001001000100101011
11101001111010000111
10100001011001001101
01110011011011011011
11000110101001000011
00010000011001111100
10000110011101111011
01011011011011000101
11101101000100101010
00011001110000010100
00010010010000000011
01011010011101001010
10001011001000101111
11100001010000111001
00100110111101101011
01100001100000011100
11010011111101110111
10010000100110001011
01001001010100000010
10011010010100101110
11010001011001111001
01011001001001111110
10011001111111100011
00000100111001010000
10010010100011101111
10011110110111000000
10101111100000100011
01110010010110001010
00111111011101111001
10101111010110011000
10111000101000101010
01000011110110100011
11110011001111011111
00100100011000111010
00111010110101001110
00001011110100011110
01111000011011101111
00011001110011011110
10100010001011001011
01000010101000100010
10111111011000100011
00111111001110101100
00110001100100100101
11101111011101101001
11110100100111000000
01000001101010100100
01001000001111010101
11111010011110000010
00010011000001001110
10110010011100001100
00101010100010000110
01101011100110001010
01010100111011001000
10011010101111001100
01001100111111101110
11101010101110000001
10001100110100011100
10000000111100011001
10000001101101001010
00000111001010001011
10100010100000011011
00011011000001011001
01110000001100001110
11110011000000010101
00101111110011001100
10001110011011100100
01101111000001000101
11001011011000011000
01100111001100100110
01000100110011101100
11011010011100100000
01100001011110011000
11111101010000001011
00010100110011101010
01110011010101010010
00000100101001011100
00101010001110101001
00000000000100100101
11111101000011011100
00001000111100101010
10001000011100000011
10101101001000110101
11111011110000101110
11001110100110011100
11011100100110110100
11100011101010000111
01011010100010101001
00011000010110010000
00010101001101110011
10011111010101111101
10000101100010101010
01000001101010011101
01001001101100100001
01110000000110100110
11110101100001000000
01001100100111000101
10011101011110001011
10100111000001100011
00010000101110001001
10101001101011010011
01110111101011111011
01110110111100111000
11100010001001101000
01000011000000110010
11001000011101101001
00111001101111101101
00001000011100010001
11100000001101000101
01111011111011111100
10010101010110110111
00010001111000001010
11110000000000110000
00010100010111010100
11111000101000000101
00001110111110110101
00010000000011011010
10011010000101110110
11010100010010010101
10011011000011100011
10011010100101011100
10111000111010110010
11001011000000100001
10001011110100111000
10101110100001101100
10111101001110000101
01010110111000001100
01000100100111110011
00010101000011111001
11001110001000110100
11001011110110101101
00010011111111101101
11010001011000100100
01001100000011110110
00100001110110001110
10000100101000001111
01011111110000011100
10001110110100101001
11111010001011101101
10010111011101000000
00100010110100001001
11100110110001000111
01010011001011011011
10111110110011011111
01100101011001010101
00010000010111110111
01001001100111100101
01111011110011110110
10011100000111010011
11011110001111000100
00011111111000000000
00110001000111110110
01000110110001011111
00110100101011010001
00111110100010010100
00111100011111101110
10100101101110101011
10101010010001110111
11001110110010011000
00000010111111110110
00100111011110011011
11001000101000101011
11011010001101011110
10011010111011111001
01111110011001100001
10001011101001010111
00110100110101100110
00011110101010101111
11111000110111110001
10000110000001000101
11100000101011000011
11001001110111000100
10001100101011110110
00010111001011000000
10001100101011001011
11110111011110001000
01101111100100011000
01000101001100111010
11100000100010010011
11111001001110011011
10101101110110111000
11110101101111110110
11100100111111101110
01111011001011000000
01111101011011000110
10101011000001101100
11111001100010111101
11101011011001100110
00101101011110010101
10010111000000001010
10111110010101000010
00000101010101000101
11111101010101100111
01110110001011100001
10101011010100100000
00011000001101010011
00100111010011111101
10000010001011100010
01101010011111110000
01101110110000000100
00101101000011100001
11101111011111101100
10001011010010011010
10110001001100111110
10001001011011110011
01101010011100001010
01010111110110111100
00100001011010000001
00110110111100110110
01010010001111001101
10001000000010110100
10011000101011101011
10111111000101010110
01110000111101101110
01100001101110101101
00000110100011100011
11000011011110010011
10100101101001011110
01011001110001011100
11100100001110011111
11110110011000110101
00010001000111100100
00001101110010001100
11001000010001100111
11000010101111000011
11100000011010011000
00101010100101011010
01100100010000101101
00111111111001001110
00100101001000010110
00010010101100100111
11111110111000010000
11100100100110000011
10100000111101000100
10010001001110011100
01000011100001110111
00110011001010101000
10100110111101100011
11100101010111101111
10010101011101111011
10110101111001000101
11010111001101001010
10010110011111101000
11111001100111011100
11010111100111100100
11010110100011010100
01010010111111110000
10100011110001000000
10110110010111001001
10000001100111110001
00110101101111011101
01010001101100111111
10001010100111100011
00011111000111110000
01010011111011101110
01110010000010001110
00100101111100000111
10111001000100111011
11111010011110110111
00000101110110110010
10001111001110011111
00001000101100101111
10100101101110011100
01110001101111001010
10100100100111010000
11111110010101101001
01110100011010010110
00000110010111001000
00001001100001110101
10011011010010010111
00010000110001100011
10100001110011001011
01011010110010100000
11000101101001101110
11001101100000010100
00001110001110101011
01000000011101101101
10001000111000010010
11100011010110010000
10001110110011011110
10110100000001101111
11011001010011110010
01011001100110111001
01001100100101111010
00110101100001110111
11000111100101100010
00110000101100011011
10110011111001111100
01001000010011100001
00010101000000011110
01110010111000110010
00001001101001110001
11110000111011111110
10110100011101000000
01010010110000000001
00001110101111111110
00110010100111010000
00011110011001010100
10001010000101110110
10000100010100010101
00110100001011101111
00001101110011011001
10101000000101100101
11000101110010101100
11100010010100001110
11000111101110011110
01100000100100100011
01001001101001011100
00110100100011010111
10111110111000011010
01011010111010011001
00100111110000110101
00000110011011010100
00101110011001100011
10111010010011000111
00111101111010000101
00010111111101111111
10010001100000011010
00001111110001000100
10011001101100000111
00010100010111111011
11000000101011001000
00101000100001011011
00110010011101110101
00000101011001000000
11010011111011100000
00010000110111011001
10101001010111110111
10001011101000011001
11011011011011111110
00110010110001000000
01111011100110011111
01011001101000110010
01011000111100110001
10100110101001111011
01011010111100110110
01000001111100100001
00100101011010000101
00011001000011011111
00001101010001100100
00111111100001110011
00110011000010010000
11101100001001011000
00011100001000001101
00111010101000000000
10010001111100111111
10001000011011000001
10001110000011010000
01110010001011001010
00110001101000101001
00010111101101110001
11101011000110101110
01110100101101110010
00011011000000001001
00011101011101001001
01010111100011001011
00000110010110111001
10110101100001000111
01010100011101111100
11101011100100111011
10110110010101001010
01000011111100010111
10011100111000001001
11111010110111101011
00001001010100111111
11010000110010011001
00010001101110111101
01111000110001001101
01000011000100001011
00110010101010110110
01010000010000011100
10010010010011100100
00010011000000100101
11111100000011001001
11011011111100110011
01011100100100101010
11100101001000101110
11001001110010001100
01111010100111011011
01100001110011101100
00000110101110011110
01000111101111111010
10001001101000001111
10011100101001101100
00010110010110010110
11000100110010010101
10111111111010001001
10000000000000000110
00101111100100100110
11001011000011011011
11001110000110110011
00110001000011111011
00100010101101111001
11111111110010010100
01101101001001111011
11101101001111001010
10010001111111001011
11010101000111101110
11000010111100001000
01010010010110011100
10101001101001110100
00011000000011101010
10000110010000111111
01001010001100000011
01110100111101101000
10011100111101100100
10011001100110010011
01101110101110001101
11100101001001011101
11010100010001101111
00111100010001101100
00001111111000000000
00010100100111001000
01100001001010011111
01011100010010011100
11111000100000111100
11111110000110001001
10100010001101011111
01011001001110101011
10010110101010100000
00111110101111100100
00111011100110010111
00100100011111011111
11010011010001110100
11111111010010000011
00101011011100110010
11101100100111100010
10000101011100110011
10000010101111100011
00111011011100100110
11110000011101110110
00000111001100000000
01101000101101010111
11001111000101011000
10101011110011100010
10100011110001110101
11100011011000001010
00000101110001101011
11010100000011100111
11001110010110001111
01111100010000010101
00010010001000000100
01101001010101111111
10111110000010111110
11100111100111111100
11001111101100010011
00101100001101000011
00100001101011110110
11101011111011010011
10000001011111001011
01100101110111011110
10101111101011110111
00001101011101010111
01111010000101100001
11011111111011001000
11010111101101100000
01000111010111001001
01000011100100011011
10110110011010100011
11111100000011110000
10000011110100101100
10010110101101001000
01000000110100100000
11000111110011011100
01000101010010011100
11010100110011100011
11011100010010110000
10011100011110101110
10000000111100010011
11101111101010100000
01100011011011011110
01110001000100111001
11100011101001100011
01100111101111000010
10101101111010110110
01001111111101110110
01111100001111100100
00000100100011100101
01001010011010000010
01001100010110010101
00110001001001010001
11001000110000010100
11000010000011100000
01001010110110010000
00011000000100011010
11100101111000000000
01000010011100111111
01010010110010111101
11101111000000010101
10110111001100001100
00010011010110101000
00101000000001010111
10111011110110100100
01011000101011111111
00101110100011000000
00101000000010100010
00001111100110011100
11100010000100110110
00111101000000010001
10000100001000100101
00110010100110110010
01110111001111111111
11111011010100101010
00011000011001010101
01100011101100011000
00001110111100110110
11001110100110110100
10011101110010010011
01000011000111000100
10011001011011011101
01011100000011001010
00111110001000101110
10111111101100101110
10101110111110101111
00101111111111000010
10010110100110000101
01101001000011010000
01011001111111111010
10110010110001110100
11111100110100000011
00000011000000100110
11101011111111100101
11000001111101011010
10000110111101111010
10010000000100001001
11100111011101000110
01101010001010101011
01011011011000011100
01110010011000100101
11001000010000101110
11111110011110101010
01011001101010110111
11101000000111001011
10101110111110100010
01001111011000110101
11011001011001010110
01110000001011011101
11001000111010110100
11000111101111001111
10111110000011000010
11011101111100101100
01001110011110110011
11110100010101101100
11101011100001010001
01101100110100010101
11110110001110001000
10000010100101111011
11001101010110011111
01100001111110000101
01001010100010100110
00101000111110100001
00010101100000010000
00010100111110000011
10101011101100101100
10011111010011011010
01100001101011110100
11010000100101010010
10101011001110111010
11111010110001010111
00110011010110100111
00101000101111101000
11011011010111100110
01001010110100110000
00111111011000110110
11010100101100011011
01000100001110011011
11010101111100110100
01110001101111100011
11101000010001100010
11101111100001001110
00101011101110100000
11110011001000101000
11010111010000010100
11101110111110100111
01110001001010011011
01110101100000110000
11100000110111001010
00100010001101001011
10011101001010001101
01101110001010000100
10111111001111110111
00101010110111111010
01111100110010000000
01100001001100011000
10101101100000001010
10010001110000110000
01100011011011100011
11011100000101011011
10001111110010001011
10110111001000110011
11110000011011101000
10010010000110111011
01101101010110011101
11001001001101010000
00000101000010011110
10010010101111111001
10010111100110111100
01101001101010111000
01100000010001001000
11001101111110001101
11100000101000111001
01101100000110111010
01100111110010001110
10101101010100011111
11111001000100111001
01111001010011011000
01010000110011010011
00100100000101001111
01110110111100111110
00011000110001001000
00001110001000011110
11110011011101100100
00010001110101101010
00101111001111101100
00111000011011111000
10100100011010011100
11001111011001011000
10001000110110000000
11010100000110001000
01011011110000100111
10010001001010110111
01101011011000110101
01111101100010010011
10010111101101100010
10101001111111100010
11100010010001101100
10001001110000110011
00101001101000001000
01101010100001001010
11000110011001000101
11000010000001100010
11111101010011001100
10011000101011101111
10001110100011011010
10010011100101010001
11100110000101001110
00011111001001001101
11000110110000111111
10011010100110010110
01100000011001010101
01100000101101011001
11000000101001010011
10110111111110110111
01001101110101101111
01110100111010100110
11000100010101011101
01111001111111110101
10100001001010011110
11100101110000110110
00110000101110010000
10100010001010010100
10110000001101100010
00111011101101111101
10110101101100101000
00110111011100110111
11101000100111101010
11010001111011101111
10010111000100110100
01001001010000101111
11110010000011010011
11000110011110000110
00010111101111001111
10111001100010001011
10000110010000100000
01000000110011101101
10111100000101100001
01010111011000010011
01101110000110000100
10101110001000110101
10000111101010100010
01110000100110101011
10110011111001100011
11010010101110010001
01111000000000111100
11110100001100011101
10100110001011101101
00110111011110100001
00101010100110111001
10011110000111110110
00100010001011110010
01011011000010000000
10000011110000011110
11110000111010011000
11010110000111001010
00000101100000001001
00101101101000000110
11101011110000010110
00100100010100001100
00001111111000101101
11010010100010101000
10010100011001101101
11101110111110110001
10001111011010010110
10001011110011101001
01010100000111010101
01100111101110101100
00110011000000001000
00010101000011000100
01110100001100100011
10010101110101110110
11010110000010111100
01111010011011010101
00100011100111111000
00101111011001101111
00001110101111100000
11111001110101110000
01101011001001011111
11001001001100001010
11101011101000110111
10010000110000111110
11001101000111011100
00001101111001000101
10100111101100110100
00111010110011100101
00111101010011100100
01110110000100111111
10011010000110100010
00110000100000011010
00111110001100101101
00011101100000101011
11110011100000001110
01011111100000010110
10000110110011101111
01000110111010011100
01100100100111100001
10001001000100011000
00001000001111100100
11011100111001100100
01001111000010000111
00100111011100011000
00101110001000111010
11011000000110111101
00111011000011110111
10101000001000111111
11011101100101111100
11100100110110011011
01000111011110000011
01001101111000111110
10100010111111011100
01100001110001101101
00011110100000101100
01110111010101100111
00011101111111011010
10100101111000011011
01000011010100000001
00101111111001110011
01011101001001000011
00010111111110000111
00100010010010100100
11000011111010000011
00110010110000010100
10111111111100111101
11000011010101010011
01011010010000010001
01100100000110111110
00100001010101000100
01101001001011001010
01110111111110001101
11101101100111110101
01101110010110001100
01001000010010000111
01001110011011000110
10100110100101111011
01000001101011010100
01111010010111011000
00111111111010100001
10010100000101000001
11000001101010110000
00011011001100111101
10011000000000101101
11100001111001110101
00001000011001001111
11011010101010101011
10111111010011111001
11000010100111000111
11001000100010101110
11100001101110100100
01001010001001111010
11001101100010000111
11010110000111110111
11011011111110001110
01010001100001000111
10110010010010100010
01001100010000100111
10000010001111101001
11011010100100111110
11110000011010010110
00111101101100000011
11101000001011100011
11001000110011010101
10001001110100100001
11110011000001000000
10101011000000010110
00111110100111000011
11110110101101011100
11000000111101100000
00110111111101000100
10100101100011001011
10100100101010110010
00000110001011011000
10000001100010101010
00000000000101011001
00110000100000010101
00111111101110001110
10010100001000000111
00111111101100101111
01000010001111101111
11001110001000110010
11000101111001101000
10110101001111111001
00100110000110100100
11000011111101000110
00100010010000111110
10101011110011000100
10001010111111010111
10110111011000101111
11101110110110110111
01101010111110001111
11010010001010110001
11011111000001001111
00011110110001010111
01100111110101010110
11110000101000011100
11000101100101010101
11010100010000000010
00111101111101001110
00000111001011111000
01100000101111001000
00100100010100010011
00101111011111111111
11011100000001101110
00010011010110000010
00110100001100101000
10100111000000100001
01000011001111011010
11001110101000011101
10010010100101000100
01010001111101001010
11011110110100100000
00010000110101001100
00101100100111001010
00101111001100111010
11010110100110001101
01110001101111111001
10000001010100001111
00111100111000101110
00100101010010010110
10101100000001100010
10100111010100101011
10111111011100010100
10100101111110011111
11000101011100000010
00010000100011100010
10011100110110001000
11010111110101100011
00011001100100100011
00110101010111111110
01010000000001100111
11011101001000110010
10001001001110011001
11101101010100100110
10011110010101111111
01000101111001011000
01011110011110000100
11111111011111101110
11110001001111100001
00111111100011111110
11000100011001000100
00001110000101101101
11111101100000110010
00100001010011111100
00110010100010110010
00110001100101101001
10100011001001010101
11111110011110100010
10011001010111011100
00011111011100000111
01000111011001001000
10110101011001011000
01000011001010001000
01000101111100001110
11010110110011111000
10101010101101101011
00001100010011110111
00111000000000110100
01000011001010110101
00110101111010110111
10000000011000111011
01000001100000011010
00111111000001000010
01001000110000001100
10110000001011101000
01101110110000011111
00101010001111011100
11001101100100100110
00011001111101100010
11101001001000101010
11111111111001011001
11110101000010100111
00111111110001001100
10001100111001100001
00001001000010111000
01111011001111000001
01010010111001000011
10011010000001101001
01101111100000110100
00001100110000000001
01100001100100011000
11100111100111110110
10111000110010000101
01010111001100111010
11000101111010110110
11010011101011100000
11100011110101111000
10010010111100100000
10001001010011011011
01000111110000010011
00000111101100111001
10011111000101001100
01100110100010001011
01101001111111100101
01001100100001110010
00000101101111111101
01111110100001001010
11000101111010011111
00011010101111101000
10001000110111000011
00011111110101111010
00011011101010001001
00111111010001111001
10001100011010010010
01010111001100010100
10011000000010001001
10111101111001110110
10001001011000111111
01100101100001011011
10001010001000000001
11011001001001001110
10111010110000010111
01001111010001000011
01010010111010110001
11101101101011110100
10101110101100110100
11000111101110001011
10010100101000000011
10010110011110100100
11110111000001000001
11000110001000110101
10100111110000100001
00101110110100101101
11111000011101010010
10100000111011011100
10101011111010110100
11111110110101010111
10010000100101010001
10011101110101111101
00001000111100001111
10100110000111000101
10101111110100000001
11101010101011000011
00101101001011011011
00011011110011011110
10100101011101101100
10001000110100101110
10111001000111000000
01001101000000100000
11110001101101100010
11000011111011111101
00000000111100111000
11010010011100011110
01100000110001110111
11111101001110001000
11111000110111111110
00101101010100010000
10001000010110010010
01111110010000111011
11101000100000011010
10010011110100101110
00110001111001110111
10110011001101001111
01111011100110011101
01101000000011011111
01100011011110000000
01001011001111010001
11100011010010001011
10000001101000100010
11010110010000011111
00011001011010000101
11001011001000010000
10011001101111001010
10011010011010110011
11001100100110000000
00111100110000000110
00111101110011111101
01010011011010111111
01101100111111110010
01111000111110011011
11011111000110111101
11110000111001100100
11101011010110000010
10111110101010110111
01110001001111101000
01010110101000100010
01100010011111010000
11001111111001000111
11010110010010111111
10000110011000000001
00001101000010010010
11000010011001110100
01001100110011100010
01000100111001100010
11111011011111000010
11000011101110101011
11010011000001110000
10000001000011001100
01110101110000101101
01001011010111010010
01001100011001011101
11110111101000110010
00101000001101001010
00101010110000001101
00000001110001011011
11000010101010111001
10100000011000100111
01010101111101011000
10001111100110110000
10001111101110001100
00001010111001000001
11101010001100100111
01000001010101000010
10001000110001111001
00111010011000000100
10111011001011100010
10101000001011010111
00111011000101100101
11110001111100001111
11000111101010001111
01100000010111101011
00010011100111010000
00110111000011101010
11011000100011111101
00111010101010011010
01110010100011110000
10010000011011110010
01001111011011111100
11110100011010100011
11100010010100000101
11110001100011101011
11110000110001110101
11111100111001001111
10011001111110100110
01011110010001100101
01000111010010110100
10000100110010001100
10011011011010000111
11001001110001100110
11100101101010001000
01001001110010100110
11010011011010111101
01100001111010010111
01100000111110100100
10111010110000000110
10010011001101100010
11000111011101011100
10100101001011011001
00111101000000011101
01000011011010011110
11010001111100110001
10100110101101010111
00001100110111011001
01100000010101100100
01101100111100011100
10111001000000100010
10000101011101101100
01011001111110111011
10100000111110010000
10100111001110010001
11100011011010110100
10111010101011101110
00000100100011110011
10010111101101001110
01001001111101100100
10101001111100110001
00000110101111000100
10100001010011110001
10111110001010010111
11001101011111011001
11000000001001011000
10110010001110011111
11100000100100110100
01100101110100011010
00111010010001001101
00000101110111100011
10110100001000101001
11110010110000010010
10100011011100110011
10000111111101000001
01011100010100111010
11111111101111000100
10010011010000100000
01010101000010110101
00010001011011101111
01100100111001111101
00000011001111011111
00010010111101000111
01111001001000100011
11100001010000011011
10011000100000011011
01000011100101100001
00000110111010001101
01100011100111100111
10000100001100111100
00101001010001100011
01000111001100100100
01100011100010111011
00011010001101001011
00001001101000001111
10101110000101010101
01010100100000011000
00010110000111100010
11100110010000010101
00000111101010110001
11001001000001010101
00100011011001011001
01011101101001100101
01000111111111000010
10011111000011000111
10100011111000001100
11000101011101001010
01011100110010011001
10111101110000001110
10110010100001011001
11111100100100000111
10111011011010001100
01111101011001011000
11111100001101000100
10010011100110001100
01010111110011010110
00110010101111100011
01100001110100111000
11110000011010010011
00110101001101000010
01110111101000001110
00000111100101111110
00000010100111000010
00001011101110000110
11111010011010101110
10001001000111111110
11101000101000000010
11010111011110011001
11011010011101011011
00010001000100000011
11110001000011111011
01000000001110111110
00000110011010100000
10110100101100010111
01101111000001000000
10000011011010010000
01100000110000011000
01000101011010111100
10101001011111111110
10101000001011000011
10000101011111001101
10100100001000000001
10100000000100110011
10100100100111100000
10000000110010111001
10101011001011111110
00100101001100001000
00000110001100111110
11110001100011101010
01111010111100111101
00100100101001100010
00010110010111110001
11111101100001001001
01011111111011000101
00110110100010000011
11001111010101101101
01110100010101010110
00011000111110001011
01111000011100111101
10011110010100100001
11100011111101011110
11000001001110101001
11011111110010000101
01010001010100010000
10111000001101000011
01010000011001001111
00101000011001100101
10001010101101000111
10111000100110111001
00100001010111111000
01010010111100010010
10111100000000001000
11010101110100010011
01100101011110101001
10100101011100100110
10000001000101011010
10000000001000111110
11111011010011111010
11000010011101010100
00000010100000100100
11110110000110100010
01011010101101001010
01110110001010110000
10000001100010011111
10000001111111111101
11110101001000100001
10000001011010101001
11000000011001001111
01010010000111111001
00110000011101010010
10111000011101101101
10101111101001101100
10111101100101001011
10100100100011000001
00010011110110111011
10001110000111111010
01111011110000001000
01011001001010010000
00001100010111011111
10011000101101110111
10111010011010110000
01100111100110001111
11000000101110011101
10011100111100010110
10110000001100110100
10001000001001001110
11101101011001000100
10000010101001111001
00111100001001111101
01100001000110111101
00010001011101111101
01100111111011110011
11101011100000100100
10101001000111100111
10010001101101011011
00101111010110111101
10010001101010101100
01101110001110100111
00001010111110111001
00001110111111110001
01101101111011110011
01010101001000010110
11100100000100111110
10101001101001111001
01010110100100100011
01010100011011101010
10011100011101110110
01011011011100100111
01011100110100010001
11000010111001110000
10101011100110010110
00000010101101100000
11101011001011110001
01101100011101111010
01000111000011100001
01000100010001010111
00110011001101101100
01101000001011110111
01010101100000101110
11100001011000000111
01011110110001010110
11000110000111110110
10100001100010010010
01000111100100101110
00011110111010001001
00110001111101100001
00110000000011010110
01110101000101001000
10010011111101001101
01101010101000010101
00000010001110110111
00010000010101001000
00111000011111010000
11111010111100010001
01110111001111100001
10110101111000000111
01101001001100101111
10011001100011111001
00010000000000100101
10011101111101010100
00000000010011010101
10110101011101010011
01010101110110101010
10101010001001000011
01010100011101011111
10110100110000101010
11101000101001101011
11010110111000010110
11000001000011110100
00010001000001100011
01101100011010101001
01101101011111111011
01001111000101010111
00001000100000111101
10010100110011010001
01010100111001001001
01001110101000100101
00011100001000111101
01101001110111101101
10011111011011011100
01100000100111110111
10100011101100011100
11001100101011010111
11010101001100101010
11000000001110110101
00010000100000010111
11010101010111110010
00101011110010010111
10001010111010110111
10111111010001111101
10010011001000110101
11011010101000100001
00000100100001000111
10101110100001110100
11010111000110000110
10101000010111000110
01100100010000010000
11011111011110111101
11100010110011000101
00110011011010101000
00111011011000100101
11011000110111111111
11101100111110000100
11101100110011100110
01010001001100001110
01110001101100100011
01111011101001001000
01111111001101000100
00001111000010111001
11111010000101001011
10011100001010100110
11100101111111010011
00111100110101110011
01111010001100111010
10101111101001110000
00100010000111101100
11000101111011010101
01011010010000101111
11010111010110100011
01011010000001100001
01000001001001011000
11011001000010111110
10011011101000110110
01110110000000011110
11011011000110000110
00111110001000101101
10011101000111011001
01000110001001000111
11110100101010011100
11011110100111100110
10101100011001100001
00000110110001101111
11010000000001000110
10101010001010111101
10010101101011110011
11001001000110111011
10000100110001100010
00101010010001111101
10000110001111101111
10111110000100100101
10111100001010111100
01110100000101001110
10010011010011010001
01111111101010111110
10101001000111010001
10001001100101101110
11101111011110100100
01110001111001100010
10000111011100010010
10100110001111011110
01110111111010001100
10011000011100110001
11001100010011101010
00100111110111011010
10010111011010101101
01111010000010101011
10010000000111110101
10111001111010011101
01000011111100100010
00011101000111000000
01111010111011101101
00111111101101001011
10010011111111011001
00111010110111101000
10011001100100111001
00001011010110110100
01011001100110011101
11001000111000101110
00000000110100111111
00010011101000100011
11100000011000100011
11100110000110010010
11111110001111110011
00010111001111010101
01010001000000010110
11100111111000010100
10101110101011001111
11111101111111000101
01110010111000100000
00111110110000111110
01110110011000001011
10101010000101000101
11010011101100011011
10111110111111011101
00010100111111000101
00010100110001010111
11101111011110100101
11000100011111000001
01011100100111100101
01011010000000101001
01010010010111010100
01101110100110001001
10100111011110111001
01001001100101000111
00111101100010111010
01101000000100101100
00111010111111111010
10111010111010001100
10001010000001110110
00000000111001110111
11100000000100110001
00011110010010111010
00001010100011111110
00110010100000001010
11110110111111100011
00011100010010101110
11111011101000001010
01110110101011101100
11010100011011101100
11101110100110010101
10001100010001010100
00010111001111010011
01001011100010101011
01001010001010100100
10000101011010100010
10110001001001101010
00001001011000001100
00000000101011010111
11011100010100010100
11010110011010011000
01101100011101111101
01010100001111100011
00100111001011111111
11101000100110001110
00100110100011001101
10110111100001011110
00000001100110001001
00100001110011101000
10101111100000001101
11011100101011111010
11000110001000001101
10111010001011111010
10010101000101100011
11000101000100000011
00000100010011100011
10001010100000010001
11100101000100100101
10010001111011001110
00010111101001010010
10010100101101100000
01111111100100111110
00001010110010011001
11010110010111010100
01010010111100011100
10111101111001011001
01010111101101101000
00010000110101011100
10011110010001111010
00010001111001101000
00101010001110111110
10000100011101100000
11000101001110001100
00100000100000101000
10111011111101110011
01010011110001111111
10100101111001000010
00100111111010100011
10010110110001101000
00110101010011000010
01110110101101101110
00111101111101010010
00101000011111011001
01000100110111111101
11000000111101001110
01110111110011011111
10100111100000001111
10101000110110011100
10111110111110110100
00100010010000011100
10010011000100000111
10000000101111010110
11001110101110100110
11101111110010000011
01111110101111001110
01100100000101011101
01101100000100110011
01100111001001111110
10011111000011101010
01000011111010010110
10101000000101101100
10011010011111101111
01010111101111001000
11000111011101000010
10110111101010011100
01111100001100111101
10010110111101000011
10111110101001000000
00001011101011110001
00111101101110101111
00001100100111110001
11110011110111000011
01111101000111010001
00110000110001010100
00110101010001000110
01111110010110101100
00110111011111010000
01011111111011011100
01101111111011111000
00100000010110100010
10011100001011001000
00000010011001011100
01110000010110101010
00001010001100110100
11011000001101100110
10011001111101001101
11101001100001010111
11011010011100010110
01100110010001111010
11100000110000011101
10000001101010010111
01000100000010001000
00111101110011011111
10001111100011111000
11011011011000001001
01000010111111001110
00101101011010010110
01010110110111110101
01100001011100000101
01111001001001000111
11110010000110000110
01111000011001010100
00101101010111101011
11011100101111011011
00101111110101000111
01100111100111100000
11010010011101000100
11011011101101100000
11100000110011110110
10101100101010110010
10100100011101110111
00000011101010110110
11011111101010011000
11111000011010100110
10101010001101101001
01001100101111010100
11110001011001111001
01111011010100110100
10101100100010010100
01010010001100000101
10111101111111010101
00000000111101100011
10000100111010100101
01010010010110101001
01000101000010001101
11011010110010111110
01100110111011010011
01010011110010101100
00110010000110000111
10000110000001011100
11001100110011010101
10101110100110111001
01101010101100100011
00111100110101010110
01011001000100110000
01111100111011100001
11111110111001111010
01110101110011010010
11110111010111000100
10001100110001000010
00110010110111001111
00001100011110110111
01111011101110100000
11100101000100100000
00101111110110010110
10110011001011100110
10101111000100100001
10001101110101100000
10100110100011101011
11111010101101001111
00011000001010110101
00000100100000101011
01010011110110001110
00100010010110111101
01110110100011110010
10111110111110111000
10110101111011011000
11001001010011100111
00001100000011011110
11010101101011101111
01100010000101001110
10111100010101110100
10011111011101011010
01110010000000000101
11101010110000100001
10100000110101111001
10111101100010101110
01111101101101111110
01101011010001111010
00111101001011010110
01000101010001001000
00111110111110001010
00000101001100100111
00111011100010010000
01001101100000001100
00110010111010100001
01000010101011100110
11110100100000001101
00011010110011101111
10011011000000100010
11011000101101001011
01001110000000010100
00100111010010110100
11010010010110001011
10010010000110000111
10000010111101101000
11010110100000000111
10110111011010111001
11100100100110000100
01110100001000111110
11111000101001111010
11111011011110111000
01001000111010010011
01111001010001000100
11000101110101011010
01101000100000100010
11000110011101010001
11110010010111100111
11011111110000000110
01101100000000000101
10100101001110101011
10011000001100001110
11000101011101111001
01110101101101011110
01101100011000010111
00100011001000011011
10100011001000111100
11001100000011100001
00110011011110001001
01101011111001010100
11111001000100011111
10000010111001111011
01111101100100101001
11000110100010011111
01100011001101111111
00100110101010001001
01100011111101001101
00110100111101001011
11001001011100011100
11101101100010100101
10001000001100010010
00110110111000001100
11010011100100000101
01001011101001111100
11101010000101111010
00110111000011100100
01100100010001001111
10011001000011110111
01101101101010110111
10000101110010100010
00010001101000110010
01011001111011001111
11101110000111101011
01010100011001111011
01011011101011001101
11110111100110111010
11001010000100000111
11110111100011001100
11100101010001001101
01100100000111110111
01110111111000110000
00000111010111010010
00110000010100100101
00001011000000111000
11100000111000010100
11110000011100010110
01111010011110111101
00110110001000111000
10110100100111010000
01100001111001000110
11001101110011001101
00110101011101011010
10101001110001101000
11111101101100110101
01010001101011011010
11000010100000101010
