20 2047
01010100101101110111
11100110010111001000
10001110101011101100
10000001111000100110
10100110100000011010
00101101000100000011
01110110011111010110
00000011011100000111
10001101111111010101
10010111110001110101
00101000101100010111
01000100111100010010
11010001000101110100
00100100111111010100
01011011000100001001
00011110110000101100
00011001011101110001
00000000001101000111
01011000010011110100
00001000100111000101
10100001010101011010
00010100001100010010
10110110101010101110
11010110011100111111
11110110001111001100
11011000100101111101
01110101000100111000
00100101011100011010
10000001100110110101
00010111000011111100
11100000001011111111
00010000010101011111
10101111001111100111
11010100010111010010
01000011011000110100
10101111111101101110
10010111000110111110
11011100000110000000
01110001001001010000
11111010111000111101
00100010000100011010
01000001100111010110
10111001110010101010
00001000001111000001
01000111100100101100
00111010000001001001
00111000100100101100
00101100110101000101
10100001111110011110
11000011001001110000
00111111110110000010
11000110001011100010
10111011111101011010
10101101001010110000
10010010001111100110
00011100100100111011
10110000011101010010
00101111100100010001
11001101100110110100
11000100100101101100
11001110001001100000
00100101000110111100
00010101101110100101
11111110100001110001
10010001100001010011
10001100110110110011
01010111101110111110
01110101000100100110
01101100010110100101
11110101000111111010
10100001010111010101
10110101110001010011
10110011100100111000
10100000111111110000
01001110101001100000
10111101110001110100
01101101001111011100
00011100110001010001
01001100010011011011
00010010001111000010
00111001000000011111
00001100111111000001
10011101111101010011
01101111100111011110
01000000010111101010
10001010010000110001
00011111110100000100
10100110010101010101
01010110111100000101
01010000110011101101
11010001000110000110
11000100011010011001
11101111100100011001
10011101000001011101
01110011101110001011
01011011110100111110
01101000110011110110
10111000101010011010
01011111110111000110
00111100001011000110
11111100110100100010
11001111001001001101
11001101110001100100
00010101001010110010
11111101001010001101
10010001101110101010
11110001000011111100
10111001011011010010
00100111110100010101
10001001101101001110
10110001110001001101
00111110111000111010
01100100101000111000
10001000110011001111
10011000110100010011
00111101000111100001
10011011011011011001
00011111110101010111
10001111000001001101
00010111001111000101
00101101100101001011
00011111000111011011
11010000000000010001
00011101111110111001
01000111101100110100
11100000110010001001
01001001011101011100
00011110000111111101
00110101100111000001
01001100000000111000
11000101110010101001
01000100010110111000
11011111100011011000
11101110011110010000
01111011101100001011
01101111101100010001
10100010110101001111
10100001111010101100
00110100010000100010
10000111001101110000
11110101101011111100
10101111110110111110
11000000110011001101
00000011011111111110
00010110000001101000
01001110001010110011
11010010010000110000
00111111001000100101
00101010111111111110
00001011010000011000
01110001110111010110
11110000001110011100
11011001011010000101
11011111000001110010
10010010010001110101
10001101000101110100
00000100101110001100
11011001001000110100
00100000110001111111
01100001010000111110
00001001101001110010
11101110101010101101
10101110010000100001
11101101011010001000
01100111011100111111
01010111010001101011
11101100001010100100
00100100010111101100
11001001100101100111
10001001000010001110
10100010010000101111
01110010111111100001
10111100101110101010
01100100110001110000
10111111101011101010
01101000110001110000
01100110101111111000
10110100000001100011
10011111001110110000
00110111000011000110
11110111000100110010
01100000000110101111
00101010000101101011
11111100111011110101
10000001010010001110
10101010001101010001
01111100100000000010
00011100010001000011
00001000110111100100
10111001100100100111
00100010001010000100
00010011111000101010
00100010011110001111
01000101010101010110
00011110111110100000
01010000101100000101
10001111011000110111
00000011111100101110
10110110000100100101
11001010001110011110
01000111000011101010
00100000001000100100
11110001111110110011
11110100111000110101
01101101010001001010
00000000111110010000
11111110001110100111
00010011101101000011
01101000111110110001
01111101010100111000
11011111010101110101
01111110011100011110
10100100011101100011
11111111001111100100
01001100011001111111
01101111001101000010
01101010001001010000
11001000110110111010
01011011011011011000
11110101000111111001
11001101001111100011
00100110101111100111
11110101111010000110
00000111011111000000
11101000101101001111
10110001010111110010
11001100101000100110
11100110011011110111
10110000100100001100
10001110110101100010
11000001011001100010
01010011111111100111
10111010110100011000
01111110110001001101
00100111010011001101
01101110101110101111
00010011100101010000
10110111011011101011
10011110010000101111
11011000000111101001
00000100001001110001
11010100010010100001
01011111111000010000
00010110110101001111
11011101001110100100
00100110110110101110
01001011000010010110
11101111111011001010
01110100000000000100
11111010110010010010
11111110001001111010
01001010110111100011
10101100011111001001
00100101010011111101
11010011101100100011
11000101101000011111
01111111100011001100
11111010000101000001
00011000000101100001
01011101100111011001
00010111001001111101
01100010010001011111
00001101101001000010
10110111101011010011
00101001110111111111
11110011111111101110
10010010101110001000
01010010011001000011
11110001011111011011
11111101110011110100
10001000110100110011
00001010000110001001
11111000111000010101
00011001001101011111
01100011110100000011
11101100001111010010
10000000100001101101
10000001001111101111
01010010000001101010
11010101111000011110
11101001111000110110
10111011111011001000
10001111111111000010
10001010111010111110
11010010100110011001
11110011001001100010
11100100011100100001
11000100101001010111
11011101001001001111
00010000011000001010
01001101000111011101
01000110100101111101
11010111100110101101
01010111000111010010
10010110101111001101
00101001010000110000
10101000000100010000
00011011011100110111
11101010100000110011
11001110101110010101
10111000011100101001
00101110110001010010
01001100011000101010
01010100011011101110
01000111101101100111
01110100011001000010
10101011010111111111
11100100001000001010
11001110101010110011
11011110000011101100
00010011011111001000
01110100011001100011
10010110111110000100
01010100000001100110
11010110001011011011
00110101000101000101
00110000110010011111
00000010000010100000
10001100111100011111
10101100000100010011
00010011011110100100
01010001010110000000
11001011111000010000
11110100010101100011
10101010100100011011
01001111101111001010
11011101100111110111
10110011101110011110
01110100011101101100
11110110111101011010
01000110110111011010
01011000001110100011
01011101001111001001
11101010010011111111
00111110110100101000
10110100101100110100
01111100101000010100
10000101000110011111
11010010100101010111
00111111110101011111
01010010110101110001
00100011110011001101
11100100110010100110
10101111100100101110
11000010100100010001
01100011001110010111
10110001100000001100
01010110100000010001
01101100111011111100
01101110001110101110
01011001010101101001
00100101010001000010
11101111101110100000
01011000001001010110
11110000011001011001
10100000111000010001
10011010010000111010
10100101110010001110
11010110011110010011
00010010000101010001
11010010110111010001
00101101010111101100
01000000001110010101
00101011110001010111
10001010111000101110
11100100101110011111
10111011010101011101
10111100110110010001
10110000000011101101
11110100000001000000
11011110111010000110
10000000111011101010
01110000110100100100
01110101011011101111
11011011100111110000
11101110010010111111
01110101111101111111
11001100110011001101
11011001100111000011
11100010111011011000
11011001111010011000
11111101101001000001
10101001001010101000
10011111011101100111
11110010011001100110
01010010000010110001
11110001000010001111
10101100110110101001
01111111110001110111
01100001110111011011
01110111010010100011
00110111000011111000
11100010000011111101
11010101001100011010
00110111100110110100
01010011100000110111
01111110100000101000
11011010000011011011
01000111100010100010
00111111001011111101
01101101100111111010
10010110010010010010
10100111110111011101
01100000010110101011
00110000101001100101
11110011110010010000
11000011001111000001
01000110000100110001
11111001111110011001
01101100001100100001
01101111110011110001
11101100101001000111
00000000001001000100
00111111010010001000
11111101001000011110
10101101100011110101
00111100110100011110
10111100100101001001
01100101110010001101
00000001001011000111
00100000010100010111
00110011000110001110
01111110010111101110
01011101001001010110
00110110101000011001
01000111010000110001
11011100001011101100
00101011111100110111
10001010110100001001
10010101111111011010
01010000011010101110
11110010010100110110
11110001100010010010
01110000101111101110
11110000000100000000
10111011111000110100
10110011000101010000
11100110101110000011
01110010011100101111
10111101010001111100
11010010011110101000
00100011110001110101
01011110011110000101
01010111011110110111
01010000100100000110
00101101011010101011
00100011001001011000
10010100000111111100
11000011000010011111
10011110000100101010
10001111111000111110
00111111110101101010
10110001000110111101
01001100000011100001
00101101101100100001
01011111000111001010
10100101100010110000
01011010100100001010
01010111110010000110
01000001110011010111
00011000001111110100
11100011000010101001
00010011010010110000
01110010110010111001
11000011111011001001
11011000011100100110
01110100111101101010
11110100011110101001
11000011100010110101
11001110000001110101
00111110000000011011
01111000101111111110
00000010100000010101
11011100111110101011
11100101010011010111
01100110010011110101
10010111111111010101
10101110110100110111
11001010011010111001
01110101000001101110
10000110110100100011
10111110000100101001
11000110000110011010
01100001100001100100
10111000000111111110
00010101011100011110
01001001101001011011
01101100010001110111
01111011101111110010
11101000011111111000
01011011001000011111
10110110110011011100
11001000110000100101
00010100101100001111
01101010000000110100
11000000111101110101
01001111010000001111
01000000101111000110
01100010010010101110
00011010000101011110
01100010100001100101
11110110110010011110
01000100000100111010
00011001111110000000
10111111110001011000
01110110011100101101
01001100101001001011
10000010011000101000
10111111111000110000
11000001100011011000
10001101110000110010
01111110100101110110
00110110011011101001
11011011110100110100
10111110000110101000
00010011111000110001
00111110001001101110
10110111000110110101
11001101010101011000
00100010011011010010
01000011010011000101
01011001111010101000
11111000110101010010
01011000001000100010
00001001101010101000
11001100101000111100
11100111100000111000
11101000101111100001
10101011100110100000
01000010001111100000
01111011010100110010
10001110001100010110
10001011011111111010
11000000101011100010
11011101110100101101
01001000000111011111
10100000010010111000
10101000011101001010
10101100011000000000
01111010111000110111
10010001101010001010
00000101010101110000
01001111101011111011
10000100010001110110
10111010011001110101
11010010110110100011
00111001011111111001
00011010100100001101
01011110010110111000
11100110100100010100
00001111000100100001
01110000010110101010
01110010110100010011
01010101100100101110
00111110110001000010
00010011001100100101
00010000101010001111
11000101111010000101
10000110010111000000
01111000010010100111
00100001001101111100
01110111101110010011
01110000010101011001
01000100101001011100
11010110000100100010
00001011001010011010
10010010011011101001
10000011110111111111
10000101111010011000
00001010111000110010
10100010000001110011
01010001001010111010
10010011111111010011
00101101110101111000
00001111111111111011
00001111100100100100
00100111111110001001
00101100110101001111
00000011110111010101
10100110101001101101
11000100000010011001
10100011011000001000
00010110111111110001
00010011111001111001
11000001010100001010
00101011110110001110
00101101110111100101
00001111101000100100
11110101010011011001
11011001011111110100
00110011011000101110
00110000011001101000
10001011010101101111
00011001000101000100
10000000110100011100
10001110010111111111
10110111000010100001
10011000011010110111
00000100011010000111
00111111110110111001
00100010100011101111
00011110110101001111
10101001000111001111
11110110110010101111
01010000011100011000
01010110011100101101
01000110010101100001
11010000010010001101
00010011101000111010
00100100111001000011
01010110011101110000
00000100001011110011
11101110000001001101
10010000110110101101
10011001100111010010
01011100100001000110
01110000010011101100
00011011011001001101
00100011000110000101
01111111100110101110
01000010110000000010
10110100001011111100
01001010010000100011
00001000000100001110
00000011111010000101
00010011111001110011
11111001011111100110
00100001111101011110
00110010000011000011
00111001011110101001
11000001011110110000
00000100000110010010
01010101110010101011
01000000111100010101
01110100010111001000
11100011001010111101
11101110101111101110
00001100100101100011
01001111101001101000
01100011111010011110
00001110110101000101
11111110100000100100
11110111010000010101
11001000101100011111
10111011000111001011
01010000101101100010
11100001101101001000
00011110000001001001
10001011010110110001
01000001101111000010
00111100100111010001
11111010101010011111
10000111000000011001
11110010011001011001
10111000010111101001
10001010100001111101
00001111011111110010
11110010110100011100
00110001100010010111
10000010000000011011
01111111100000110011
00100100010010111011
10100000100000111110
00101100000101000001
11111101001101000001
00101100000110101100
00001001011110001011
11010011101011001011
01100101011111000010
10111101111000011111
10110111110001001001
01111000100000001111
10001000011001000000
11010001110001011110
00001001111111101001
00111101001111010101
11001011000001010100
00011100001110111011
11001100001001101101
00111100110011001101
00011110011100111111
00110101001101011010
00010010101001101001
01100101110011011100
01100101101101001010
11000010011000011000
11101111010001010111
01011010001000001000
10010011011110010110
00101111100011011011
11010101100111001110
11100101010101100010
11010100001100000110
10110000000111010110
10110010000110110000
11010011100111011110
10010100100100001001
00101011100010000010
11000100110101000101
11001110100110100000
00010110000000100001
11011111011111000000
00011111001011100001
11011110011011000100
00110100110010011000
10110111011101011011
00101100101110001001
01001110110010001010
00000101101000001011
10010010000111101101
11011110111000101111
10000001010000010000
11011000100011000001
01000100010001000111
00110011001001011010
10101110101100000010
10010110011010101111
11101101000000110100
11011101000000011000
11111110101110101111
01010011011010011101
01110000100000000110
10100011000000110001
01001110000001111101
10101100100010101000
00111110001010010000
11101011000100010011
01111010111010001100
11100101010001011011
10101100000110011001
10111000000000101101
00100011000011000011
10111000101001110010
11010001111010010001
10100001101100001010
00101011101000011100
00001110000000000000
01111000111010110101
00000001011011111000
00010101010000110111
01011110110000000011
11111100100101010010
10001110001100010011
11111011100110011001
10101101111010001111
11010000010110011111
10111011011001101011
10101001001000010101
00101011100000000011
00101111101110111011
00100000101111011011
11110010001001111000
10111100111010011100
11100100000011011101
11110011111011010100
10011111100111001111
11011010001001001001
11010000000100000000
10111111111000111101
11111010011100000111
01010101110110100111
00001000010011001011
00111110110011101001
11010111111111010000
00111100101010000101
01011001011111010010
00100001111011000100
00011011110110010010
00110110000001101111
11110100111101001011
00000110110000111100
00110100010110101001
00011010100111000110
01101101000110011001
11101100001100100010
00000101111000101001
00010001010010011001
00010001111011110010
10101000110100011100
10001100001000010110
01100111001010000000
01110110110011010000
10010011100111001001
11100010011100100101
01110111000010010101
10100111111010001011
00001110011000000011
00100011101010010101
11111101010100010110
10111010000010011011
01111110010000011010
10101111101101011101
10111010000010010001
11110111010110100111
01011000000101001010
00000101100110111000
10001111111111100011
01011000000101100111
00101111010100010101
01100011010110111010
10111010000110111110
01010101010101011100
10111110101100000001
10101011010101001001
10111011011010000101
00011001010101100110
00000100011011101110
00111010000100110101
01000111011001010101
00010111001010001100
00000001101111001100
00111011110001101111
01001001110001011001
00110001110011100011
10011101110010001111
11101110111111000100
10111110101011001000
01110100110000011101
10010111110001001001
01100000011001010110
00001000011101011011
11110100101010000111
01110010110110010101
01101010000101010111
00001101100101111011
01110110001101000101
10010001100101000110
10110000110101001111
01110001110010110010
00000101100010100101
00001001111000010110
01011011111101100011
11101011100101110001
00110000101011000010
00011000011000011010
11001001000011000000
00010100110010101011
01101001111111111001
00100010001001010101
10001001101110101101
11000110101001101110
01110000101001001101
10101011000001011100
10111110010101101011
01001101111100010000
01111011001110001101
01100100101000000000
01110001001101011111
00110000111001000010
11000001001001111100
10110010010001001001
10001010000000101110
00110110010101010110
10110111100110011000
11101101000010011011
00000000111000111010
11011001111111101001
11110110101101011100
11100101111111100101
00100110011001000000
00100011101101101011
01101110000010101000
00000111000010110001
01111101111111001000
11111110101100110000
10110110000101011011
00111011111011110111
11110001010100111110
01101110000011010111
11001010001001000000
01101001110000011100
00100100110111101011
11001111100110110010
10011110111011101010
11110011101100001111
11000001011010110100
11010000011000101010
01010010000010100111
10110100100011000101
11101100111100010101
01000001010111011110
00100110101110101110
10000010111110110100
11000101101110100100
11100100001000001001
10001010111000011100
11110111100001100111
00011111011000010001
00111001010100101010
10000001011010000000
00011101010111010111
01100110101011001011
11001110010110111011
10001111111110010111
00000100110010011010
01110100010010111111
01000001100101111010
11011000100100001101
10111001001110101001
01111101111011000100
11001001100100101111
11011101111110001011
10000110100101111010
00101100000010011010
01010000010001001000
00100000001110100010
11011110000001110111
11100000011001101010
10100111111111000110
11011000011111001011
11010111011001100000
10010101100001010000
00110101000111011101
11111000001011011101
10100100011111000110
11010000101001011010
11101111111100010111
11001000101101010010
00001111100101010111
00010110010010001001
01101011011100001011
01001111100010111000
11001010111100011101
11001001110010011101
11010111111011011000
11010101101101110010
11011000010111101101
10011111110101000011
01100001110111001010
10000000110011000010
10100011101010100000
10111110110100101010
10100001111011001011
00101000000010110111
11100111001110001100
10110010010101001000
10100110001001010110
01101111001101011100
00011011001000111011
10000011001001101000
11011101010111100011
11001001001101110110
11000011101000110001
01101010001100100100
01101101100111100100
00001101000001100101
00000001101010010011
01011111100001010001
11000110010100110111
01000011000000100001
00111010000000011011
10110011111101001011
00010110101000101110
11110111111010101111
01001111111101011000
00010101001011101010
00100101011111111100
11110001111011010001
00001111110001000001
11100100101110110101
00100101000010011010
10000111111111001101
10100111001100100111
10010100110011100101
10001101110101010011
10001111111001100001
01000110110011111010
00111011010110000001
11011000011011010111
01100010000010011010
11011101101111111000
10011110100111011000
01000001111100001101
01010001111010000100
11010001101000000110
01111111011101100101
01000100101110001111
00001001101101010010
11001000100011001100
10111010100001110101
00011110101110111011
00110111001000011001
10111100111111111000
01010100100101110101
10100000001000000111
01000000000111111100
10100111000011000001
10010110000011110111
10101011000100001000
11001101100111100100
10001010010010001001
10101000100011110100
11010010111010100010
11010010111000110101
11000010110100100100
11001010011100100010
11100101110111100000
11010011111110110001
10100010010101100011
11011101000111000010
11101010111001010111
00000011011100010111
11111010011011010100
11100101111101101011
01100011001010110101
10101000000000010101
01000000000101010011
10001001110110010000
11001101001101000000
10000001101100000111
00011010100110101111
10101000101111010011
10000111001011001111
01111000111010010110
00111110101010111000
01101011110101001000
01100110101010110100
11000000011001111100
11000000110101010101
00110100100010011001
11001100000001001001
10001001110011011010
10100111100111011000
10000101101110011111
11101010010101000110
01010101111000011111
01110011000011101100
10111100110110110101
11100011000110101001
01101100000100101001
01011000000010010001
10010001001110000100
01001000011111010011
00111111110111111010
00000110001111110101
00111001100010010010
10100010111001111010
00000011111101111110
10010101100001010001
11110100101100001111
11000111001011111111
01101011110010011110
01010111100110100111
01011101010000010111
11110100010100100111
01011010110010101101
11011100100001110011
11011010101100110000
00110101110110001111
00010001110000000001
11100011100110001100
11000101000010010010
11111001011011011000
10110111101011111011
11110001010010010101
11110011110111010110
11001011010000010010
11110001001001101110
10100110011001011001
00100011110011001000
11000100011110001010
01101100010000010111
01101011011010110100
10000100100011000111
00100010110110010100
01110100110100100001
00000000111011110100
00110111011101011010
10111100101001101101
01011010100100011110
00000000101000001001
11001111111100111000
01000100001001000100
00101010111111110101
11110000111001000111
11100100110000111100
10011001010000111011
11110110001110111001
11101000110001000000
10110110011001011111
11101110000010101110
00111110100100101110
10011110111010101001
01011010101100101010
11100001110110101000
01011001111111111011
11000100100101101101
10000100110110000100
10010000100010001111
01101111111111111111
10010000111101011110
11100110001011010101
01000010100011010010
00000010100111101101
11010000001010001001
10001011100101100000
01000100111100001001
00100111111111010011
11110011010000000000
10001111110001111001
10110001010011101000
00101110000000111001
10110000000101000001
10110100111010001001
00000010111010111110
00001001111010110001
10011001101001111011
11001110100100000001
10111100000111000000
00000001111011100111
11110001010100010000
01010101001110111001
10001111110100100111
11110100010001110110
11100100111100101110
11110011001100110110
11011011011001110100
10011011101000101011
00100100011101010101
00101111101100111100
11000110100110110001
11011001111000101101
00111100001111011101
01101100111111001001
11011101001111001100
10100100000110101110
11011110110010101111
00101001010100001101
00001111110100011010
11111010101001110111
01111111100111001001
01100010100010011111
01111110101011101101
01001110010011111111
00001010111001001111
11010101010100101110
01110100111011110010
01010110000100100100
00011111100000100101
11100010110100101111
10011011000000110101
01100110010100101011
00000001110001000000
00111111110010110001
01101011010100111011
00000001101010100101
00001110011101111111
00010111001011101010
10001110111110011011
10011011011101111010
00000111110100100000
10100111001011010010
11011111111100001001
10110010111001111101
11110100010001111101
00101011111010011110
01111001101011011101
00110100001101110000
01101100011000011110
01100110101111011001
01100000100101000000
11111011001110000101
00110011101000110001
10011011100010110001
10110010110010110100
00111110110111001111
00010110001100111101
10000101110011100011
11010101101000011000
00100010011010100001
00111110101010011000
01110101001100001111
11011011111100100001
10010010110110001001
10110101011110111111
10110110001111111011
11000011110101110110
00101111100011011010
11110101011001001111
10101011111011001110
10001011100010101100
00010100110111000001
11010101011001011010
01101001010011111010
01010010001001000110
10111100101011011110
00110010011010100111
11010101000110100001
11100100000011111011
11101011001001110000
11100010010011110001
01010011111011101100
01100010110010011001
10101001110001001110
10000010110111110110
01101100000011011100
00100100001011100010
10111101110101101111
10100100111101011000
00001100000000111010
10000110100010011110
10011111101011010100
11000011011011101001
11111111111110101010
10101110100110011111
01110110000001110010
10100001101001000101
11111110010000111100
01111101100001110010
01010000111111101000
11010010101011110000
01111000011111010010
10111111001000100100
00001101000011110001
10010011011000010111
00001010010010001010
00101101001110001010
11100111110111101010
11101101111110011011
11000111100111100000
10101011000011101010
11100110000011110110
00101001011010010001
11010001101111110100
00010111000000011011
11111011001111000011
00010100011010010001
10101101001110001001
10111011010001000011
11111110000110110110
10001010110101101010
11111010110110010100
00000000111011100001
00100110000111010000
01100000100101011110
10101111110101001000
00000101010100000001
01111101001101000010
11001110000111101101
01010000101110110101
00111010110110001010
11000101110110000000
10011000000010111101
01111111010001010110
01001110110111101110
10110101101101111100
11010000110011101100
01001000011011111001
01011110010011001010
10101101011001010001
10001100001100101010
10010001000011101000
00100000101001001000
10110111011001010100
01111010110110000110
11001000110010000110
00101011111000100100
01011011001000000101
00100010011101100111
00010000000010011100
11010010101011010100
01100011010000011000
00011001010110111110
11110011111000111010
11001011011011110111
01011111000010010100
10111000111011000011
10100001111111011101
11110001110110100101
00100010000100101101
01010111010000001101
10011011001010110110
01111101100100101011
00100000010001010101
01011000001000010111
01000001100101000000
11000010011000111001
01011000010110001110
10001000010110111000
10000100001110011001
10010101110111001000
01010000110010010100
00111101111010110000
01101100001000000100
01111000010100101101
00110000100001011001
01011100110001100100
01111011110011101110
11101001111110000010
11000010111011100001
11101100101101000101
11101101011110011010
01011100111100101110
00101011010111001110
10011011010001100010
01101111000011110000
10011100101000000101
00001110110100101001
00000101111100000001
11100011000111101010
00001010110001011010
00100010010011101110
10010000111000010011
11000001010110011001
01100111110101111110
10011001111000001100
01001001001101101010
10110101110000110000
01010000110111110001
00110100011000101001
11111010011111001010
00111101110011011110
11001001110010101110
11010101100110011000
00010101011001000110
10111100000010011100
10000011101111000111
10100110001100110011
11110110110111111111
10100000010001010110
00111010101110010110
10001101001011101101
10100111001001011110
11110111110001000101
00001000010101111111
11110010111100010111
00000111000101001101
10111001100011010110
01110101010100011010
11100111011111100101
10010101110000011111
01101011010101001011
11001101011011001101
11011101011010010000
01101010111100010010
11010100110010001111
00001101111101011000
11110111100110110110
10100110000101101100
11100111100000001100
01111111101000011011
11100101111010100110
01001110110101110101
00011110010001100101
01011010001000010110
01001110111001110101
10110111011100000001
01010101100100000011
11010111111100110011
00110001011001111110
01111011010110010001
11111111010011101101
01100010010101001110
10111110001100010101
11100001000111111111
00011000100100011111
01101100011100011111
00110111110101100000
01110100110101001011
11010001100001110110
11010111000011101100
00100011100000111101
01100110010010101011
11110001100100001001
10011000011011101111
01100000001100001011
00010111010000000111
10111110100101110101
10001010110001000011
10100010001101101010
10100000100010111000
10000001011110100101
00011010101100110000
01000011000000101011
11011011000000110001
00110101001101110101
01100000111011010010
01010111001111011011
10111011000001010111
11101010001000100110
01000001010111011111
01110110100100101110
00010000101010000111
00111110101110000111
11101111111001101010
00101100000000111010
10001111000011101110
01100001101001000010
11000011010011110111
10110001100011001000
00000110100011001111
10100011010101010011
01110101000001001111
11001011111011011110
00001011011111101110
01100001011101010010
10001110000111011010
11111011000010101110
00111101111110111011
10000000001111111111
01111111111100001100
10100110100110101110
11000111111101000000
10101111010111000001
11110001100010000111
11110100101100011011
01110011010101010100
00011111111000000100
00111100010010111010
10111100000100011101
00000000010000011111
00100010110001010110
00101001001101110110
11111111001111001001
01101000110011101000
00000010001010100111
01010101110101110010
10110001110011000011
01111000000000000001
01000100001011010100
10011001100100010010
11010110001000110011
00101110000100011011
01011110001111000111
10101000100001000110
11001110111010111101
11001000000000110110
10010010011100111011
01101111111111100100
10101000100101000111
00000111010111001101
11000001000111001101
00110001100110011011
01000100110101000110
10011010000111011001
10110011100101001001
10001110110001011110
01100010101110000100
10111110001100000011
00011000010000010010
10011001110101100000
01000001100101010011
11111110101111100100
11111110101010011101
11011111110111100000
10110011011101111001
01110000001101101110
10100010001000011111
10101000111010001111
01110001011001101110
01010111100101111100
01001001101010011001
11000011111011111111
11010110100111100100
11001101011011101001
00010000101010101010
11111011011100100010
11110111011110111110
10110000101111111011
01000010100101110110
01111101100110010111
11111000001101010101
01000110110101011101
11111011100100100101
11000011000101101000
11000010111011011101
01110110010110001011
11111001011110101000
10010011100100111101
00110000010011100101
01110100100100101100
00110100100000110100
11100111011110011101
10000101011010011100
01001100101100101111
11001001110001110001
11101011011011011111
10110101010111111111
11100100010010000101
11101111111001101001
10000001011100111101
00111100011100000001
10000100011001001100
00001111101110001100
10011100110110001101
11111011011001000011
00101010110000110110
00001010101101010010
00011010111010001010
00101110011010010101
00101110001101111010
01001001111111011001
00001011000100101010
00100010010100101000
11011010100011110010
10011101010100100000
11000101101000110111
01110010001010101100
10111110111000101001
00001010001100010011
11100000111111101100
01011001110011001001
01011100100110000111
10110101000111100111
10011011001101111001
11100010001010100000
10110011100100100010
11111001011001110110
11010101100000111001
11101100011001111110
10010010101000110000
10110011101100101110
10101100010001001011
01010010100011001111
10111101111000010001
11011011100011110010
10111100001101001101
10010110001000111011
01110001000011110100
10100110010010010011
00101110001010010100
00100001101010111101
00110011110000100101
00101001000110010011
01100010000100100000
01010111111001111000
00001011011010100111
00000111100010101111
00100111100101000101
00101000011010001111
11100100011011110010
10000000110100011011
01101101111001101000
00111000100010101110
01000111110111000000
01000010110001011111
01100011101011100100
01100100001111101001
11100010101101010000
00001000100010000001
11101101011000100001
11000110000010100000
11110100100101111010
11110011000100000000
01000100100001010000
00001011100101001001
01101110011111101110
00100011111010001100
00110101110101011010
00100101101011111010
10010001100100100010
01100100011101001100
10010010011011111100
01011000110000010110
11101110100010100111
01111001010101000010
11101101000000101111
00010011110111110001
11110011001010001110
11111000100100101011
11001010101110000101
11001111001001100000
01111111101000100001
00110010011111011010
10000011010110100100
00100001110100101010
10111100111110110101
11001100011001100110
01011001110101011110
01111001111010111100
11010001100111101001
11011100011001101010
01111101010111100011
00001100001101001110
11010001110110100001
01111111100010010000
10000011110111100001
01011000011110001011
00100011011001010011
00110001010110100111
11100011101111100110
11111101011010001110
01110100100010111000
00110001111010111011
00010110011001100011
10110011000100110111
11100000101010000101
11111100011110000110
01110100001111111001
00100100101010011111
11100100110100001100
11010000110100011000
00101100111100110011
00110001000100001001
10001101101000111011
11110111010110000010
01010101010001000100
10000000110010001010
00001011101000011110
01101010101111000110
10000111101110111000
11011010001100100111
01011101100000000001
11111000011011100011
10000001101111000000
11001100111000010010
11010001000110110001
01111011010100111110
10010001110111110001
10101001011110100000
00100011111011101101
11110101110010011001
11001011100101111000
00010110110110101111
11100110011001001011
00010001010001001110
01101111011101100001
01101100101000001011
11100000101100001111
10000010100101000110
00000100101011110110
01000010110101110001
11111111110011011011
11000011001000110111
01010010011010010000
00111010101011111001
01000100111110100010
00000001110100011001
11110110011111000101
10101010001011000011
11010101011011000001
11111001111101011111
10101111000110101010
11011110001110111110
00000100011000011011
01001101001111100011
11101010001011110011
01101000100100101011
01000011000010001011
01111010000001000111
01101011001101101001
00111000110100100001
00111101000001110111
11101111110111110110
10100111011000111001
00110110011000000011
01110001000011010001
11100101000101001001
11110011101111101011
10100001001011111010
01000011011011010111
01110110101101110001
01000001011000001000
11110101000011101111
10111100010001111100
10101101111110001111
00101010110011110110
01001100010000100101
11110101001110110100
10110110000111110100
01100111101011110001
11111011100010000010
00001111110110001001
10100010000111010010
10100111010100111111
01010011011110000110
10111101011100110101
11100010000101101110
00110011100110001010
11110110010010101111
11001011000110111000
00101001001011001001
10111000011111001110
11010010111011001000
11110000101001110111
11000000111001011011
10010101101010001000
01001000100011111001
01010011011101101010
10000111110101010010
01011011011111001100
11001100001001101110
01101101101000011001
00010100101000011111
10011100101111010101
01100110011000000000
00010011000111100111
11100010000110111101
01011100100101110110
01010110110101110110
00101101101111110111
11011000010110111000
01011001001101101011
01000010101100000001
10100001001011100111
11001111100111100011
01100000011101001001
10001000101010100011
00001010100101110010
01001111001010010111
00001100101010011011
10101001111100110100
11001101100101110001
01011010000010010001
01111110100101111001
10100001111100000111
00101100101110000100
01101100001111111101
01100100111110111111
10000011000001101011
11111011011010001010
00001110001110100110
01001101111000010010
00100001100100011110
11110100100111010011
11001010010111010010
01011000101111100000
01011101001011011111
10011000011101001010
10001001101101111111
00101100000011101000
10100001100101000101
10000101111110100110
11100100000111100110
01001100001010001101
10000111101100100010
11100101111010101110
00110001110001101001
11001101110100111111
01100101010101110010
10000010111010011011
01001111101011100100
00000100011001001000
11010000001110100000
00000000111110010110
01001011101001110100
11111010011011110011
11000011111011101101
00001110011101101000
11110011001111101100
10101100111001000111
11001000010101001001
01011101101010010110
10100111100100001010
00100001100110000110
11101011101010111000
11110110010110000010
01011010101100000101
01000100001110111100
01110011111000011010
11111001001010000001
10100000100000001010
01000000100011110001
00000110001001001000
11111000111111111000
10100001011000111101
11001110000011010001
10111101011101001010
01101100100001000100
11000111100011001101
10100011010010010000
11110111010101110110
11011011111001110001
00101101101001011110
11001011001000001111
01010100000110101110
01010010001101010011
10101111100110011111
01001010110111011100
00110111111111100100
11111001011100110011
10011100011100011110
10100011011000011100
11011001001010101111
00111111110101110011
11011101101001001001
10100000010100101101
00111111111101011001
11000000000100010110
10001000111010101011
00100110010011011110
11011000111101001010
01000011100001000101
10010001100010010101
11111110010011000011
11001100001100010110
01110100001001000000
01010101101010110000
01111101100010011001
00010000010111100101
00100100100110011110
11011000110100001000
10010100111011101001
10101110000110010100
10011001000110001110
11100101001000011010
00000100010000111100
10101100011111110110
00000101001010001100
00010011111010101101
11000110010111111011
11111111110000111101
10011100010011110110
11001010000110111010
00000111101101100110
11010110000001101111
01110001100001111010
11010000000001111001
10100111111110100100
11011111101001110000
00101110000111101011
10000110010001110101
01010010000001010010
11001111110001000000
00011010101011010101
11011111101100000000
11011100110010100111
00100100000100011101
11000110100001101011
10010111010110101000
01100110001010100010
01011011100000101101
01100011000010110111
10000010010010110011
01011101110110101011
11110111110110001110
10111111011101101100
10100110111110100101
00100001001000110011
11101101100111111010
01000111000101011110
11000101011111011100
11011000001011000101
01011110010101100111
10110001100010011111
00100010000101101101
11011011000000110000
00100101111110000101
10101011101110111010
00010101001100001010
11100001110011001101
00100010011100011111
00101010101001011111
00110100011101100100
01001011011110000011
10110101010001010011
11110011000111111111
11000100110110000010
00001110111011010011
00001011111001101011
00101011010010100010
00101000001001011101
11001011101001100100
01000010001011100010
11100111010110100101
00001000010010001101
11100000100110101101
11111101001010000010
01000101101100001110
11100100101100000100
00100011101100110011
01100011110101011011
00011000011100100000
01011101110100011111
00001010000000100011
01110100110010001110
00101000111111110011
01001110100100111110
01011101101000001111
00011010011010001100
11010111010010101001
10001101000100101111
10001111000101011110
11110110110000000000
11011001101001010000
00111101101100011110
11111110011000000110
00010000111110110111
01111001010110111010
00100111011110100101
00110101011111001010
11100011111010011101
01011111001111001101
00010110011101011111
00110010010100010001
11110111100011101100
10111111100100111011
00001111000000001000
00000000111100011100
10010111011001000010
11011011011100011110
01000110011111000010
01101111010111000011
10110010110101110011
01110110011001110101
11001101111010101100
10000111011001101110
01011001001000010010
10001111100101100011
01111101111111100000
10010010000101000100
00100111010011011110
10100110110110111011
00001101100000101100
10100111100000100000
00110010111110011110
00001110001100111010
01101001010011000000
11010101101100001011
01001111011110100001
10101110100011011110
11000111101010001101
01000111011101110101
11110001011110111000
01001011011100111011
01111011000001011100
00000110011000111110
10000100111100110101
10010110101000011101
01011000001110010110
00100000110010011010
11001000000011101100
10100001001011100000
00010001101001000011
10110001010110011100
01011100111111101011
00110110110100011010
11001100000010110000
11110011110000001101
10101010011100010100
00111101101100010110
10000100010100010000
10000000101011001011
01111001100000000101
10110000010000101001
11110010010001110100
11001100111001010101
01010110001101010001
11111010110000111010
11011100010010100101
01000001111101110101
11001101000011011001
10100111001001011100
11101011101111101001
11011110101011100111
11100011000101111010
00101001011110110010
11111010011010010010
11111001011001111101
01010010111010000001
10111001111000110010
11011110111110011101
11110100111010101111
10001110011000000110
00011010110010011100
10001100000000111001
11011001001000001111
00111011001000100010
01111000110010001000
10100010000011111011
10010111001110000010
00110110110100111010
01111001000101010000
01010001100110011111
01011111111000000000
10100111101010000100
00011010100000110010
01011001001100000111
11110101101001000000
10101100101110001001
11100001110011101011
10011001111010010011
00001011100111011101
00011011010100010101
10101010010010001011
00010011001101111110
11001010000010010001
00011100110001110001
01100101110100001101
11010110000001001011
00100000100010100010
11001100110100101100
01110110001010111100
00001111100010001100
11001011110110110010
01100110000111110001
11001000100111011100
00110001111101010111
10110101100110101011
10111101101101111100
11101010011100111100
01101111101011100011
01111100001011000101
01110100111000110000
00011100111100110110
01000010010010110001
11100111100101101010
10101111110110001011
01001010011100001101
00110010111110101011
00110101111111111001
00011111010010000110
10110111011011100001
10010100011100110000
01100100100011101011
10000000011010110101
01101010011110001111
01110110010001000101
10001010101101010101
11110001110111110100
11101110000011001010
00000010100100000100
10100111101010111110
01000001100111110010
01011100000001011100
01111001110101011010
00001000100100001100
10110001100010111101
10100110011010101110
10111001011011001110
01111001110001000010
01100110011101001101
10111111110101101001
01111111100110100101
01011111100111100110
10001100101001001011
11010111001010010001
00001110011101111000
01100000010110100101
11011001010000001111
11111000000100001110
01110011110111100111
11000101101101001101
10111000100010110010
01000111000010001001
00110100101001100100
00110011011000111001
10001001010000101111
00000000111100100011
00011011100110101101
01010010011000100111
00011111010101011000
00000001000000100000
00001111011011101011
11110111110101000000
01010111000111101100
01110011011000010100
