20 2047
01010001110111100100
10010010011110010011
01010011101100010100
11111100011100000101
00111111001010100010
10111110010111011001
10101100010101100100
10000011110001001011
10110110101111110100
11100000100011110010
10000101001101010101
00000101011010111110
11111101011110100000
10101100011011110001
11011000011111001001
10110101010000111111
10011000101010101010
10100001100110000000
01011111011011101001
10001101001000111000
01000101111000011011
00101011011100100011
11011001100111010110
11110110110011010110
01011000000010000001
00111110000111110111
10010010101110111010
10101000010100110111
01011001110111100011
01110111011010111010
11111001011101100101
01110000001011001011
00100010100100000101
01000000111010000101
11100001000100101000
00110001000010100011
01000110001111010100
00010000111010101011
11000110001100110001
00000111100100100001
00101011111101100010
01101011110011011011
11001000000011000010
10011111100000100110
01101011111001000100
00111011111110101100
10100101101000011101
10011011011010011101
10111110011010101111
11101011111101011001
10101101000100000101
01111111000001011100
01000111100010111001
10111011110000011000
10011110011010101001
00011110001110010110
01001110011101100100
11011011010111010101
11001000110010100000
01111010001100101001
10111100101100111010
01111010011110000111
01001011100011011010
10011101001010101110
00100001010100000100
11111011000010100111
10110110000000010011
01010111110000111001
00011111111011010000
10100110010010011011
10100100010000110011
00001101101010110011
11111110000110010101
01101101101001000010
10100100101000010011
11011111110010010110
10001011101110011100
10010001010110010001
10101101101010100111
10100001001010001110
00111110011010110101
11100101000100111000
10111001100011101100
10011101010001011110
00101111111110001001
11000001010000011101
10101000101000011111
10100001010010101111
01001100101110001001
01001001110001011000
01110011110111001110
01100111001011100101
11100011111011001110
11100011100001010001
11101100000101001111
11111001101011001011
10100011110001101111
10011110110101100010
10000110010010111010
11100101011100000110
00100001011111110101
10110111111001001101
11010001111111000011
01111111011010000010
01010000110100110000
01011001001111000010
11110111010110111101
01011010101010100001
11100110101111011101
00011100111000011010
10011001100000010000
10100001101000011101
01001010001010001100
01011110110111000101
11101010011111000011
00110110100111000100
01101111111101111001
01000110111111000011
10000111110111100010
11000000100001011010
10010110111101010010
10100100101100011000
01010100011101110000
00100000110111010100
01001010011100100101
01000000111000010000
11100110110000111110
01110000101101111101
11100001110010101101
10001111110100100100
01101010010001101100
01101101001000001101
00111010100111010001
11011100010000111100
00011110100001000111
01010110111111100110
00110011111011101010
00111010110101001110
11111111111000101011
11110010001000001111
00011110101110101000
01011101011111001010
11001110111100001110
00100000011010110111
10100011000101111000
11011111101011110100
10111001000011101101
11011011111000011100
01010101101011011010
10011101100000110110
01111100110111110000
00000011100010101000
01100010001111100111
11111011010110000001
00100011110111111010
01101001000000001001
00000010111100000011
11100010111000011010
10100011000011011100
11011010110011011011
10100110000111010110
00111100001101010100
01010100111111011011
11100001010001000000
11010101000100101011
00100000010000011010
00010001100100100110
10111010000100001100
10000011001101110100
10110110010011111100
11100111110001010001
11100100101111101000
10011111101100110100
00101001101110101101
10101010100110010110
10010100010010111001
10101001000110011110
10000011110100110011
10101010101100111111
11000101011101001010
10010110000011000010
00100101100001110010
10100110101110010011
11001100001100101010
10001111110001001000
01101111000101110001
01011010111110000001
10111101111111001000
11010010011100010110
10001110110001001110
10111001110000000010
00101001101010110001
10000101010101010000
01010100011100100100
00010010101110100110
11101001011100000110
11111111100111110001
10011111100000001101
11010101001111000010
01011111110001101011
01110011000100110001
11000100011101010011
10100001010100100111
01000101111101100111
10110011010111100101
11010110010000001010
01111001001010011000
00011010000101010110
01100110101000100100
01111001111001001011
10011111010110100000
00101111011011110011
01101110111001101001
11100110110110111100
01001111011000110110
10000011011110111101
00111001111000111101
01011101111101001100
10111010000011101100
10111010001111011010
01100010101100011111
01100110010000010111
01110101010001001100
11010010001100110001
11011011101100101110
01011100010000111000
10011011010000110110
11100011001111101010
00110111110011011110
11000101100011110101
01000110011101111010
11111111000011110000
01110100111001100100
10100001011000111010
01100001010010101000
11000111001111110001
11111111000100101010
10110001001011111101
00110111111111000111
10111110110000000000
00110110110100110010
11011110011000110101
00011101010000101111
01101000000011110110
01101111101001000011
01111111010111011010
01101001100010010111
10100101010101110101
11011010011000001010
10111010000111100000
01100110010110111001
01001010101110010100
01000110011101010010
01110110100001001111
10100101010011011101
11000010100101101000
00011011000100111001
01100000001011111011
11110101011000001000
01010001010110101001
11101001010100001011
00100001110011010001
11100011111001000001
10110111011010101111
00011110010011100001
10100100110000001010
11001011110011110000
10000101011100010010
01011010110111100011
00100011000000001010
11000001101101001010
11111010101000000110
00110101011011001111
10101110101000011110
00110111001011000011
00001111001011100110
01101111000101011001
11001011000111101111
00001010010010111100
01100011010000011011
10111111110000100000
11000110010100000101
11111111011010010101
10010011001100100100
00100101100000100111
01110100010111001010
01101001011101011101
01010001000000101110
11101001000001111010
11111011100001101001
10101000010001101000
01000000110101001000
00000111101011011110
01001101000110100010
10000111110110110100
01011101101000101100
10100100010010110101
11011011111111010110
01111101000100011011
11100111111001101011
00010110000110001000
01001011010011111010
10010000000110111101
11101000101111100011
10100111100100100111
11010000101010010101
11101011111100011000
10101101100111110001
11110111001110110101
10111001101111110001
11110110011010001101
01011110111101110001
11001100011011011000
11101001010111111010
11010000101011111101
00011110001010011000
10011001010010101110
00111000001110010100
01111010110101111000
01100110001001100000
10100001110010000100
00000010101111000011
10000011101011011100
11010001001011100111
01111101011000101111
00101001011011011111
11010011111001001010
01001101010000000100
11000110101000000011
01101111100001010101
11010110010010000000
10011010000011101100
00101011100110111001
11000010101000001110
00100010110001100110
00111010110000010111
00011110000011010001
01100110001100000110
10010000110101010100
11001110100011001001
10110111101101000011
11101011010000110010
01101000111010100100
00011100000100010011
10110100001110011010
01000111101111111001
10100101101001011101
10010000100100010101
01001001000010111100
01111011000000001101
01010000101000111101
00101101001110110010
11000100010111011111
01011111000110110111
01010110100010010110
00000100000011001000
11010000110101010011
01111111100010001110
01000011110001101111
11100101110000001111
01110000101000011110
00011100010100101000
01110101111011001001
00111011111000100001
01111110000010011011
10000110110000111000
00000011100111010100
11010010101100010111
00000001110111010111
11001111111000010011
10111111110111001011
01010110011000100001
00001111010100000111
11010111101001011001
00010010110001100101
11000111100010001011
01001000001101110100
11001100111010000110
00011011001111101100
00000110101101110100
01100000011111110001
00111111111011110011
00110001000110100110
01011101001100000010
10010011111010011001
10001000100100000101
01110010011100010100
01111110001011101100
00010111001110000110
11110000100100111100
00011010000010010101
10000100100000001000
10001110101111000010
10100001001000010110
00000100100001001100
10011010010011101010
01111001110011010111
01001100001100010010
00111110100110100001
00100110100001011010
00110101111111111001
01001011001000011101
00101101101001111101
00001011010101010000
00001100010100001010
01010100101100001101
01000110100100110100
01110110001001000101
00111100110000010100
00100101001110000001
01101110001010111111
10000011011000100011
11001001000101111000
00111001100100011111
01000000010011101010
00001110010110001000
10011000111110011100
10110110001010011000
01001010100101000100
11111010010101101000
01001100101100101101
10111000110000110101
11100010011010111101
00101001010001110100
00101011110001011110
10011000101101010011
11101110101001001000
10000000100010011001
01100111111000000010
00100000011111011110
11100011010001110110
10111011100101001011
01101101110011101110
10010110011011111011
10001100001110111010
11010100001100011101
10110111011111000011
00001011011001111011
10011011100011001111
01111010100001100001
11110100010100110101
01001101000001110000
01111101011000101000
00100011111010011111
00000011100000010111
10100011010101101000
01011011010110011111
10111010100010101100
10010111110001110110
00111101111001001111
01110111001101001101
11010000001010000011
01100001111110011101
10101001001010001000
10100101010000011110
00101101100010011111
01000000100111110111
11010001001101011111
11011101000010110101
10101010101111010101
00000011101101100000
00100000011001000001
10011100111001001011
11000110101010000101
00110111001111110011
00010101111111010000
11000101100111100101
10100110101001000001
01010010011010010110
01001011000001000100
00101111010101010001
11101111001011011111
00001001110001101000
00111011100110010000
00000001010111111110
11111010100100000010
00011001101111101011
10001000110110000001
00101101011111110011
00100100010110000010
00100111111011100110
11110010000011111101
00111001110001010011
11001111101111001110
01000111001110010101
11010111100100010001
10100001000110000011
10001100011111111100
01000011011011001101
00011101010111011011
01001101010001001000
01000010100011001101
10011101001100010100
01000101001011000011
10111010110001100000
00010100010110000110
11010111110010101001
11001100110010010100
10101010001110110010
01010111110000000100
00011100001000110010
01000000110100101011
10100111111111001111
11100110010011110111
01110111101110001111
00010010000111111101
01110010010000110110
00000000110101010011
11101001100001111111
11100100011010110001
10000010101000011000
00100010100110001100
01011000011100011010
01000010001011100101
10000011100011110100
10110110101101101001
11110110001001001000
01110111000110001111
01001010100001101010
11101010100111001111
11101111101100010000
11101000110110000100
11111110110001101111
11000110010000000111
11100011110011010101
11000010000011110100
11011010000110000111
11110010001001010011
10000101101000101110
00010011000010100011
10100110000101111010
11001001010110000100
01101111001111000011
10110011000111110100
00010101101100011011
00110000000001000111
10111000000110011011
01111001011101000000
10101000101001110110
11110100101010111011
10100111010111001101
00010000111010001111
11100101001010101111
01111100110101110000
01010111011010001111
11111101001001011101
00111101111010100101
00100001011000100101
00001100111100001110
01001100101101101101
10001110100001011010
11011101001010111011
10101001001110001110
00000100000011000010
00001010111011011110
01000010110100100011
10110001101000111111
10010101100010000000
10100010011001100110
00101111000101011100
00100011110001001110
10100011000110101000
00101110001100010100
11010110000010000010
10101001000000100001
00001110001000101000
00101011101011010100
10110011110000011011
10010111000111010110
10011101000110111001
11100100100010010000
00011110100000110010
00001011000000011101
11010101100100101000
00111110000001101011
10100110011010100100
11000001111000001111
11011110011100101100
01011000110010011000
11010110111011100000
11110010010101110011
11000100000110111001
01111100010001000000
10101101101110111100
11100001100010000010
11001011011011110100
00010111101100110010
00000110100101010011
01010000110001010000
00001101100000011001
11010101101001111010
10110010101011111000
01110101001001011100
00101010001001110010
00110110101110000010
11111011111001101001
10010101110000000001
10010100110001100111
11010110101110011001
00011011101100011000
00111110111100110000
10001100111000010101
01001111000111001101
01100101011101110110
10011011000111000101
11011111110000111011
01111000000110011110
10010011000010100100
01100011000100111100
00001010110010000110
10110110001001010111
11010111011000101111
11011101011111011010
00000001101110101000
01011011010101111110
11111110010100101110
11010000111011110010
11110000111001010101
11101111011100001011
10001101000111001100
00001101010000100011
01011100111011111000
11101100010011101001
10001111101100011000
10000000001101100010
01000111011111100000
11101000100100111111
00000100111111000110
10100000010000001110
00011010100111011101
10000100000001100110
11011000101000100101
10100011010111001011
10100010111101111110
01011001000100001010
01011011111001001111
01110110100100111111
11010100111100100100
01110101101000010011
01100111110001001010
00010001101110111000
00000010100110110101
11111000011111000111
01100101001011101011
01101011000100111100
00000000101011110110
01100001001001011100
10010010011001001011
11100101000010111100
10010000100110010110
11011001011010011010
01010100001101111010
01001000110100110101
11110011101100111111
10110100010101000100
11011000110000111000
01101000111000001011
01111001110110001011
00010011010110011100
11100100110000100111
01000111000100101100
10101010001010111101
10110001110010111000
00001101011011101011
01001001110110011001
00111001011110110010
10011110011011111000
10011111010110010110
00110001001101111000
00101001100000101011
10101000000001101101
00001011100101011110
10100011100101000010
11001001011100100110
00011111110111100011
10000011010101000001
11000110011011101100
01100101010110101101
11001101001010001100
01000100011010001111
01101000000100101011
11001101101110100101
00000110110111110000
10010000110110001000
11001101010001000001
11011000000100111001
11101001001110000111
01001011011010110110
11101000001100101011
11001001111101001000
10001100100111110111
10001101010100001101
10001001000000111101
11110110101000010010
01011001100111001110
01011111100011101010
10001000110100101010
00000000110101110000
10110011110000110000
10111111111011001010
00001101000100001010
11010110111100001101
10100000110110000100
10100100100101001000
01010000110001100000
01000100011101000010
10111101100110000011
10010111111010111111
00111011011111001101
10110001111011010111
11100010111011011000
01010111100101011110
11101001110011101000
01101001110111011001
00101100101010010101
11111101111100011100
01000010001011010001
11101100010000010001
01011101000111001011
01000110111011000101
10110110111010011110
10011111100101001110
01110010111100110101
00001011100010101010
01101100111010011101
00000101100010101010
01100101110100010111
10101111100011100110
10101101001101101100
00000111011110001001
00111110100001001001
01011101010011011111
11011100100000110101
00101101110001110001
10011110011001010110
10001110011011010000
10111100010000110110
11110000101111100111
11000101110101001010
00000101001110011110
01101110100010000100
00110001001011111100
10011101111110011011
11001000110010011100
00110011011101001000
11101000001111100011
01111110001110100010
00001111011010010101
10000100010101100001
10010101100111011010
11100101111100101110
11011001010111100011
00100100001000101001
10111010100001101000
10011111011111101010
00111011011000101001
01100101101001100100
01110110010110011111
01010111010101000101
10011111110001101110
01110100001000001011
10110101010011101001
11011001110011101001
11100001001010000010
00101110111101011100
01110010000000110110
00010010100011110111
01010011001011110111
00011011010100001101
11000101110000110101
11000010111110110001
10010101100000010011
01110010100011001110
11000000001001111111
10010100101000101011
11001000000000011110
00111101011000101100
11111001001101110111
01011001001011001110
00111011000010001101
01010010011000111111
00010111010110011001
11001110001110100001
11010111001110100010
11010111100000100111
10111100100001110100
01100110110000000011
00011111011010110011
11001101011010011111
11011100111001000000
10111000001101001111
00001101010011000101
00100000100101010010
01001011000110110100
10010011111100110101
01110111011011000111
00000110010111110000
10000000101001111101
00100001110000010100
11101011010000100010
10010001000010101110
10101100001000010100
01010100011011111010
11101001100101101000
01001001011001001010
10110010100010100001
01011000101010101110
10001101001100111000
01001010011100111101
11000110111000100101
11100111001010001001
01000101011001010110
10110001100110001110
01110101111001000101
00001101100001100111
11110101000010010000
00101000001101100010
01011100110001011101
11000010100101001111
01111000010010111111
11110010100100001010
01000010110011101110
11011110010100011010
11011111100100010010
11100010001111010111
01111010101101101011
10011111111111111111
01111010110000101000
00100010111101001001
00100110000011101101
00010100000011000101
10111101000000100000
11011001110110011100
01100001010100011100
01011111110001111101
11111100000010011111
10010110100111010010
10000001011101111110
01101100001000011001
01011011001101000100
10110011110101100111
00101101010000101100
01101110101101111110
00011001011010110010
00000111111111010110
01000101110100100110
10110100110000110011
00001011101001011110
01000111101110011100
11011100101100000000
10010110010011100110
10101011011001010100
01000001001011100000
01001111110001011001
00011101011100000100
10001001000001101110
11010101010011011010
10110001111011010110
10000111010100111100
00011000011000100100
00111111011001110110
10110101111101111110
11100110011010001000
00000111011011000001
00001101101011100110
11000011011011000111
01011000111111100111
10001001000010101001
10101110011100100110
10010100011001000111
00010101101111000111
00011101001111010100
00101001101000111111
01110001100101001011
10111100010101101011
01010010010101000101
10110100011111111100
01110011100011000111
10110010011101011010
01011001100100011001
11101101101011001111
11010000101000011110
10100100100110111100
01010000001001010110
00100101101111010000
11000010110101110110
10001011001010011001
01001111111011101001
00011010111100101111
00000001001100100011
11000001001000111111
00011110100110110010
00011010101001101111
01101001000100010111
00011101000001001001
01111101110010111101
11001111111110111110
00000010000011010100
00000111101001011111
01110110101100000000
11001010001100100100
01110001100000011100
01000111001100111100
01010111101111010110
01101011111100101110
00110001110111010010
10100011111101100010
01110011010110111111
01111010000001010000
10110011000010000011
10110000100101010010
10000011100111110010
10011000111010010001
10001011010110111101
11100101111110100101
01110000000010001010
10110000111110001000
01010110101110110110
00101001111010001010
10010111010001010001
00000000111001000101
10010111001110010010
10111010001110110011
01011101110100001101
00001000011101010000
10111101000100110011
01101100010010100110
00101110100111011000
01101110001001101010
00001000111100011000
11101110110001010001
10100001010111010101
10101100000011010100
00010100100101111011
01101110101110001010
10111111111011011010
10111011010001010101
11001111001100001110
01000111010111110101
10100100110110111011
10011011111100000100
00111111101100110101
00000110101101111100
10010011111101000101
11110100001000111111
11111100100001111001
00011011110001111111
01110011110110010111
11000101101110010001
00111100010100100001
10110110011101010111
10000011101001110001
01110011000000101000
00100000110110010010
01011011111100000110
10110111011011111010
10100011011010000010
10110110110100011110
00010010010010010111
10000010010011111111
01011010011011000000
10110110110110001101
10100111000100100100
10100001001100000011
01100011001000010010
10111000110110111100
10010011001100101000
00000110101000011110
01101101011001011111
11010011111110101100
11101000011000001011
01110011011101001101
01110111100010111000
00110111110110101100
00000100111000100101
00110101100110000111
11011101110001000001
00001111100101101010
00110001000011110001
10110110011110111011
01100100111001000111
01000011101101010010
01110010011001110011
11010001000101110010
01010000100000000101
11011010101010010011
01000000100100001100
10110010111110010011
01000001111111101111
11110010011011001000
00001000001110011110
01011100100011101101
01011011011011111101
11111000100011110101
10010100101000111010
10011111110110111111
01001010111011101100
01110110101000001101
00000001101001000101
10010010111100111110
00100110011101011000
10101101101001001100
10111010110110011111
01111100001101000011
10100111001101111100
11111110101000100001
00000110000001000010
00101101101001000011
10001010100110001100
00101010111010100010
11001010100111101001
11001100001011101111
00010000110101001100
10111101111101011110
10000111100001000010
10010001111110100000
10101011010011000100
11110010110100100111
10011101000111110001
01101010010001100000
10000000100101110010
11001001000001110101
11011011110111110010
10101000001100110111
00000111101101011010
00011000001110001010
00110101101010110000
10001101001101111111
10000110000001000100
00000000010000100010
01011101111101001001
01010100101110101101
10100000001101111000
10100110111101011000
11011110111111001101
01110000001001110011
01000100000011100110
00100110000110011101
00010111100000010110
00011111011011001101
01001011010110000101
00111011100101011000
01011010001011001011
01010001111111110011
10101101111000011100
00011011011110011100
01110011110100001111
10110110111010111101
11000010101011111101
00111000000101000010
01001010001101101110
00100110000000110101
10010011001111010100
00001111111111011000
01001111111001001010
10000001011011101010
01111001000000111110
00010100001000111110
11000100100100000001
01001110011000001010
10111001010111011100
00000011000000010001
11000010000110110100
01111000001110010011
11010010100110101111
01111001111010000111
00101110001001010000
00100100110000001001
10000110011000011000
00111111001101101001
01101000111111000001
01110110000011010110
00011000111110111100
00011011001111011101
11110000100111101001
01001001110000111001
10001000011101100010
01111001101011110010
10110100000111111001
11000010110110111000
00010100110010010000
10000011000100000001
11110111110110011100
11101100111100111100
01011000110010001101
01001001001011010111
10111111101001101101
10001110011100011010
10010110110011000001
01001000010110111000
00000011100101100000
01010100010001000011
00010110000100101001
00011101100000110011
11011010000111000011
01011011101100100011
01010000110111101000
10101010011111110110
00010000001100010110
00111011101000111101
10111010001100000010
10001011010010001111
10011111001010000010
11100101010010111001
11001101001101001010
01010000101111110010
10000011001000011101
00001001110101010110
00001111011111011010
10110011010010111111
10011001101101100011
10010001011001100001
11001011110000010101
01000010010101000000
10000100011111001101
00001110000111000011
10110110110111100110
11010111011101000010
11001011100001100010
00010010101111100001
11100011000100001000
11001111011010100011
11101110010101111000
11000000100010101110
11101110011101110011
01100110000011100011
00010101011111011100
11011000001010010100
01111100010111111010
10001111111111110011
00000111010111111001
10111000110001111000
11001111111011100101
01100100011100111100
10111111000101110010
01000101111010111011
11110000011110101111
00011101011100111110
11110101010001110011
10000011000001111000
10111101100001100100
01011111110110101000
01110000011110111100
01100101011101110100
01011111111101000000
11111010111111100011
00001001000110010110
01010110111001011001
00001010110000010000
00100100101100011000
10101011111011010101
00111101011010000100
10001110010101011101
00011001001111101010
01001110111101011000
11001000111011011100
11110011110001000101
10011111110011101000
01010101111010000101
10011010011101101010
10011110000000101010
11001100101000110010
11001110110011010111
11101110110000000010
10101001001000100110
10111000010000010100
00100001100110111111
10010100011001010111
10011110000001110011
00000111100111111111
00111100110110001111
11100111110011110010
11100101101010111011
01110010100101000000
01100000000010110010
11111010100100001101
01110110100101101010
01111001000010111010
01000001100000010101
11000110110111000000
11010101100010011110
01010011110011010000
00100101000011001011
01110100101000100110
00001110100100101100
11101001110101100010
10101011010001111001
10110000011101001001
10101001011110011000
01111101100111101111
01000111011111011010
10000000110010111100
10000111111110110010
10000100100011000011
11010110111001010000
10100110101101110101
01000010100011111111
10110010110111011010
01100000011100010001
10011110000110110000
11011011101011010101
10001111101110011001
11110101110101110100
01110101001100110110
11011100000011001010
10011001010111011100
00000011100010010011
10000100000000000110
01100100110011101111
01110101110110011011
01101111100101100010
01110100101000001101
01100111100100101110
10111000100111100000
10100000101101010010
10010110101010111001
10101111000111010111
10011111100100010000
10010101100111001100
00100101001000001101
01001101010000111011
01100000111101110100
11011000000110110000
00100110011010101100
10000000110010000111
00001100100010011000
10011101000111111110
00111110010110000011
00101111111011110000
10010101100100011001
10111011011011101010
10011010010011011000
10101001011111111111
00110010111010000101
00001100101011110011
00110101101111010111
10010100010011100000
10001000101101101010
10001001110000000111
00110110010101111111
01001000111101001111
00001011000111111000
11101110111100000100
01001010010010011101
10001011001110110001
00110110111110110000
00010001100100111101
01011011001101011010
10010001101110011011
10100011111110110110
00111001011011100110
01011001010110100101
11111101011111100001
00001001110110100011
01001010101110001100
10011101001000011101
10111001010011011111
11010011011100000100
01110101100110111110
11011111000100000110
11001110011011101101
10011000110001101000
00110011111000001101
00010001001000100011
10011111111100111001
00111000110010001100
01011110001001001110
10101110011000000011
10110010110100010000
00101101111100010111
10111111100011101110
01011010111101100100
01100010000000100010
10001010011101101101
01101101111011010110
11100001011100100011
10011101000000110110
00010111011111010101
11011101101111110100
01111100100011111101
01110000110001001001
10100010100011001100
01000001110101011001
11111011101001100100
00010100011110110110
01101111011011110000
10001100010110101110
10101101110100110111
11000100110111100011
10001001111100001000
11110011110111110011
11000010100000001101
10011110000001101010
00100111011110001000
10100000000101011001
11010010100001010010
11010001111011011100
01111010100101001000
01110100000100000000
01011011110110001101
01100110001001011010
11111011110111000101
00011000010110110100
10100110011111100100
00100100010101001010
01110000111001001111
11010010011000001110
10111000010010101101
11011110010001101100
10111000101101010001
10011110110101110000
11100110101110110010
10100011001000100100
01011111011001001100
00000001101011010111
11011101010011011100
01001010011101010011
00001101101101110111
10100011011000001111
00111011001010000000
01000110111101101001
11110010110101000100
10000100100110111011
11001100111010001001
01101001110001101000
00101111011001000101
11000010011111111000
11000100111110100000
00011011101111110010
10001100011000000001
10001001001011010100
10100000001111011100
00111101110000101000
01110010111101101110
01010101000111110000
00111000010011111110
10111000111111000101
01110110100011111000
10111001110001110100
10000001101000000110
00101001001110000101
00000100101101011101
00000011011101000011
11001011110001010001
00010101111001101110
01000010101110101010
01101101110001101010
10110001111100001011
01001010001001011001
00111111000000110110
11000011101100000001
00111101010010000001
01111011111111111001
01001010001011001011
00010101010010110010
01110100011001100110
01100000111011100011
01010011101101001111
11100000000011111110
11101011000001011001
00100100010010000100
00001011110110110110
10010101101101010101
00100100110000111011
00101000111100001011
11111011111100000010
00011100110111010101
10001010111011001100
11001000101101110110
01001001001001011111
11100001111000011110
01001011001100101001
01001100010110010001
01001010101001011011
11111101110000001101
11101000101101101111
11000101111100011001
10101100110011011110
01010010001001111010
10101101111101110001
11110100101000010010
00100111001000101110
00101101110000011110
01000001001001011010
10011011111001011011
11010000110000001011
00001101111000000100
01101100001010101100
11001001001100001101
10100111000110010010
10101100001010101111
00001011111001011011
00010011000001110011
01011111011001111010
11101111001001010101
10000100010100001110
01001001101001001011
10100010001101001111
00111111111110001010
01100100010100000001
11100111001101101011
00111000111010001010
01111101111011111001
10101111101110001000
10010110001101001110
00100100011110110110
00010100111001100011
10100000001010110010
01101100000101001110
11001011001011001111
11010101000000001000
10110101101101010011
10100000000111010100
11001000100101010010
01000110100000010101
10001011010111001001
11101000101101010101
11111011010010000011
00110111110000001010
11001001110111000001
00110110100101101000
11100001100110100100
11111110111101110100
00100101000111001011
00000101101111111011
11101001000000010101
00110010000010001111
10100010100001011001
11000100010100010000
11111110011000100100
11101100110110110100
10101110100111101101
01001111111100100011
11111110111111010010
11010001011011000000
01110011011010100100
10010001011000100100
01001000101001010011
10010100101001111011
10010001110011100001
01011110000110111010
10001001101001000000
01101010001001010100
10010111101110101010
00110110010001111011
11010100100001011101
10100101010101100101
01110100100001100111
11001001101100001000
00010001101110101010
11011101111101100001
01001101000001110100
00101010100111111110
01001000010011011101
01010011010000000100
01110001110110010111
00010110100000100101
11000010101101010111
00101010100001001010
10110110111101110010
11111000000101101011
11000100111000011101
01101010101101110011
11110001111110001110
01000001111110010100
11101100100010000110
01011000000111100100
10000010110110111100
00100001100111111011
01010101010110001111
10111100010010100110
11100000010111001001
01010110011001010111
10011111000010101010
01110000001110111101
10110100100101001110
00011000100010010111
11111010110100001010
01101111110111100011
10111010000010000101
10000101001011000100
11011000111110111001
10110011110001110101
01111111100100011011
10111000111110101010
10101110110110011001
00000110101010111010
00100000111000010000
01100001100111000010
00011110011111110111
00011001111011010011
10101100001110100110
11011111001111000100
11111000101111000111
10100011101011100111
00001000111101100010
11000101100001010111
00011110111011001000
10100011011111010011
01110111101010100100
01000101010101011001
10110100100111011100
10000110101101110000
00100001000110011011
00000100001001101111
01110110001000110101
11000001000110100011
11110000111011000010
01101110101111011001
00100010000100011011
10110111011010110111
01001101010100001010
11110010010000001100
10011111011010101110
11010100011011100010
01000111000110110011
01000010000110000101
00000000011110111000
11101010010000011111
00000011001110101000
01000000001000001100
01000000010110111110
01000101101010110100
00001000100000101100
00110011001101111010
00100000111111001110
11010111110100111101
10001101111110011001
10001100110111111011
01010110010011011000
10010100010010100000
10110100011000000111
11101000011000011101
00100001010010010101
01110111101110100101
11110001110110110110
10010011001111010000
00011111000101010100
11000100011010100000
01110010101111000000
10001001011000011110
10101010001110100000
01100110100100101011
10000001011101001000
01010110010000010010
11011001011111110100
11011000001100001100
01111000100001011010
00110001010001101111
01011010011100001010
00101001111110101001
00000010101100100110
10110111110101111000
10111100101110101011
01111110101110000101
10010011110111100011
11100110110000010010
10110100001001111111
10110101000101111101
11001011011111011010
10001000000001001010
10101100010101000000
10111010110110011011
11100011001001010010
01000100000110001101
11101100001101111010
11101000101100001001
10110101000000101000
01000010100001101111
00011100100111000001
11000100010010101111
01011110101000001101
10100110100000011000
00101101110110101100
11101101000010010010
11001000111100010100
10100101011000001100
10011000111101011110
01110111110001110000
00010101101100011010
10101111111000111100
00010000111101001011
10100100111100000000
00011110110000001101
01111111010010111100
11010101001100100110
10000010001010101010
10001110100111110110
11010011000110011101
11000000010000100010
00010101101110100000
10101110010010001101
01111010001001101010
00101101010010010000
01111100010011000001
00011011101010100111
11110101010010000111
01000000001011010100
01001111001101100101
01010010011111100010
11000011110111000101
11010100010110000001
10001001101010011000
00111010001000011111
11010000100110111000
00110100100101100110
10101110101001010110
01101110010101111011
11100000011111110011
01101110011000010111
10101101100100010100
00101010000100001001
10110001111100111111
01001100000101111111
10011011000111001100
11000111001001011001
00111101001111111001
00001100011000101100
00011111100000100011
10111001110011101000
00101010000100110111
01100000111100010111
11001100001000011000
11011011110011011101
10111111100011110100
00011110110011111001
00110001100001101001
11101101110010111001
01111000111000101101
10001101101111111011
10011110001101111000
10000100100110100100
11000001100100001110
11001110010101010101
10111111111111000100
01101101100101000010
00001000100000111000
10011000011010000000
00010100111010110100
00101001111001010110
00101010101011100100
10010110010001101111
10110111011000110101
10010010111101001101
11011010010100001011
11100000011111001111
00000001011110011101
01110111010110010010
01110101111110000100
10110011110100000011
01110100101110011011
00010111100010000000
11010000011000011110
11010001111000110100
10101101111110010110
01010011011100110010
00110111101001001011
00100001001111111100
00111001010001011110
00010110110011000010
11101101011010011101
01101100001001100110
11001001010001101000
00100111011011100001
00000111000110101101
11110000110000001100
10111110010001001110
01011110010111111000
10011000101111111101
10100001000100110100
01010110100001011101
01001100111010010100
00010111101000111001
11011100101010100001
01000010001010001111
00111101100000111011
11111001100110000110
01010111101110100010
00010010000010001111
01000111000111001110
01011001110101000101
01110101111001011011
11100010011100000100
11100010001101011001
11111111111101000100
00011100111011000110
10110100111000110111
01011101010010110010
00101001110110000100
11101011100000101100
11110001000100101001
00000111001111101001
10101001111010110110
10110101110110101101
00011101011000110100
11000100110101110110
10001100111000111000
10001100100010011010
11100011111011011110
00000001100010000111
10100110101110011011
11010011000111101001
11101000000000010010
11011011111111000100
11110000011100101010
00101011001000011100
00111011101011110000
01000000111101100001
00010110011110011101
00100001001001101101
11011001101011000000
10010110001111101111
01010011111001110110
01110010000110011000
00001100111011101000
11011101110001001101
10010110001101010100
10000001011011100110
00101101001101111100
00001101100110101000
11011110010000110101
10110011101010001001
10100111100000110001
01101110010101111101
01111111110001100011
11111010100001010111
00110011110101010000
10011101011011111010
11101011001010010000
00000011100001100001
01011010010001011001
00011101111001110000
00111111010100000001
01010101001010010111
10110000000000101111
11000101010011001010
10000110110100011110
01001000110010001101
01101010010010111111
01010111000111010001
01010010010010110011
11010000111111001110
11100100101010110100
11011010010110101100
01010000110111101011
01010010101011110101
10010101101101001100
10111110001111001001
11001000011110010001
10110010110111100010
01111110101010010000
10110100001000111100
11111111010101011111
01111001110100110101
11011110101011100011
01001101001100111001
00001010110001111000
01101111101110011011
11110101101100101110
10010001100010011000
00110011011000010001
01110100101011101000
00101011111111101111
01011110110001100101
01100010110000110111
11111010111011001000
00101100010011100101
10011000100010101000
11111000000000100000
00101000101011111011
00111110100010100111
10000110010001100001
00101111100101111010
01101100000010000110
01110000101110100111
01101110101101010001
01011011111010100110
10011010100011101100
11001000011001000111
10000011000111001100
10001100000011110011
10110110000011111100
01110110011001011111
11110101111011110111
10011101001000000111
00001001111010100100
10101110001101101110
11010000100100010100
11001100111101101001
10111011010000110011
10111000011100000011
10001111001110110001
10010011011000110011
10001101101000111101
01101100010101111001
01110110000001101111
11010000000000100101
10000111111111111001
10110000001011100001
11010100110110011001
00000011000001111010
10001011001111110010
00100000001111100001
10101001111100101010
00000001100100101101
11001001011001010010
11000011010100011111
10110101010111111100
11101111101010110000
01110111101010011101
11100010110110000011
00110011100011111110
01111011110101111011
00000011000010101001
10101100100100010101
10100110100000011001
11000010100011101000
00110001001010101101
10111010011011100111
01100111001111101101
01000110001000101011
00111100101010010101
00100010010111111101
10101100101100000111
01000000000110011001
11101010010010001100
01101110110101000111
00101011011001100111
11101000010010001001
11110111000111000010
00010011001101011100
10111101100010000111
00111100110011001001
01001101100010110100
00010111100001111100
11110101101000010010
00000001001000101111
11001100111111110000
11000001001100000111
10000100101100100110
10001010001111100101
11011101101101000101
00110111110100110000
11110110010010100111
00010100100000101111
00100100001111000010
00110011100000001111
01010011001100101011
01000111111001101001
11010100110111001101
00110110011101010110
01001101101111110100
01000011100000100110
11100111101001100011
11110111001001111010
01111100101100101111
10001101001010111100
00011010010000010110
01010100100110100110
11010100001011010101
00100011100001010111
10001010100000110001
11100111011000010000
00001011010110001110
00111110101111111101
10011100111111101011
00110011000100000011
11111101101101110001
11000000001011110011
01010110101111111111
10100011100011101001
00011000100001010111
11011001101011101010
10010011100101111010
10110010011110111001
11100010100101111111
00000000110011100111
01110101110110101100
01110001111110011011
11101111011101111101
11111011010001101100
10101001001100111110
01010011000101110111
00111000010100001111
01101110001111100111
11011111010110101111
11111000011010110011
00001010111000000110
11101001111000100111
11000110011000101010
00101101000011110010
11011101101010111011
00001010001010011011
11011110111110011100
01101100001111011010
11100100011101000110
01111111111100010001
00111111010010101110
00111000101000101010
10000001000001100001
01101111000000010110
01110110111011111010
01010001110011011011
11011110100101110011
11111011010001011100
01011010001100000011
10110111100101101011
10111010000111011101
10110110000110000111
11111111110011001001
10110110110010000001
01100010110100110100
11110001001111000000
01011010011010100111
01011101111001001100
10000011000101011101
00100011110110110001
01000001011110010000
11110100101100110111
11001001101101100111
11011011000111110011
10111001111100101101
00011011000000111000
01100001111101101110
00011010000010000100
11111011100001100101
00110111100001011100
11110110111100111001
10000010011001010100
01010000101001010000
00111000011001100000
00110101001100111110
01111111000101101011
00100101010011111000
10100010010000010001
11010000011011011011
00010011100000111000
00110010001101111110
10010001110011001100
10011100101101001110
11100100110101111100
01000001000100101101
01111111100110101000
11101100100000011111
11011001101010000001
00001101101101111101
01011111001010110110
00111001111110101101
10101010101011101001
11111111001100100101
00100001101001001110
11100111100000010011
10101101111001001010
00011001100001011100
00010101110001111011
00101110010101101011
11001110100100100000
10101001100100010111
00111110100110001100
00111110110011011100
00111101100101110100
00111011000001000010
10101010011001100000
00110100101011011010
10001110100101110011
01110100001101010110
00110011100100110010
10001011010111000111
10110000000101011110
11011000011110000100
10100101110101110110
01000100111001100101
11101010000001001001
11101001101011100000
01110011010000011111
11111011000010111101
11010011010110101011
11010101001011001111
00110100101100110111
11010011111111000001
01011100000100101001
00000000111110111000
01110100010010011100
01011011101010011011
11010001111111010010
01001000010111101011
01011111000110110100
11011001010010000010
11011001110010010110
00101101000010101010
10111010100101010111
01010101010101000110
01100111001100110110
01110011100010010100
01010010111001100101
00101011100111001101
00001100010010010111
10100111110010000111
00000000110001011011
01011101010101001011
10000110010100100011
01001111010000111001
01011011001011111001
11100001000110001011
00001011101000111101
10111010101011110101
11011011000011001001
00001001001001000011
01101110111000101111
00100110110101000011
01100001111010101000
11000100000000011011
01101011110110010011
10111000010101110001
10100010110100001011
10100100000000010101
10001101101110010100
11000000000001111110
11100010001110100111
00110001000001111011
01101010000010110100
11011100101111010111
10101100000101000000
01100001000110000111
10001010101011111101
10000101001101111010
11010001010001010111
10101100001110101000
11111010010000000010
11011111101000111110
00011000111001000111
00000010110111010110
10011110101110110101
10000111101011100001
01010100100001100101
01011011111010010101
10100110001110000011
10101100110010011011
10101110100000110001
01011000110100000101
01000011010011110111
00011111000101011100
10111010100110010010
01100111001101100010
00010110111000010110
10011001001100111011
00011010000110110100
