20 2047
01010110111010001000
00001011000100011001
01100000110110000100
10001001111100110100
10010010101011011100
00010110011101100000
11101011000111011101
11010001111001010010
00010011110001101111
00001111100000000000
10011001101000110100
00011010100011000110
01111101100010011011
11111101010000011001
00100111110010010101
00101100011111110110
01010011011011101100
11101010011111010110
11010101001100110010
00001001111111011010
01100100000001001001
01010110001101100110
01010000010100010111
10111011000010101100
10101001110110011010
11101111110011101110
00101111001101001011
00000110010110111111
01001111111010000000
01111001011100011011
00001110001010010110
11111111101110001101
00110101111011111010
01011110000010111010
01011111011011001010
01001110010110100000
11001111001011100111
00011001100011000000
00101110000111111011
00100111010001100101
01011000011100000000
11001110110010001010
10001111010100101110
00100101101110100001
10011001010110100110
10010101000011111000
10110101010000101100
01101011100001111110
01000000100100110100
00101110100111111101
11111000011100111001
01110011110010110101
11000100011000001000
00010100110010110000
00100011110011011111
00001000100011110001
01011010110000001000
00101001111110100010
01111010011110100100
00100001011011011000
10000000111001100111
01100100100000100010
01010110100001100110
11100100000110110001
10111001100110001010
10010001001001010110
01100101101101100111
00100001100100111110
10001110100011011101
11111001110100110100
01101001011111001100
10011000001100001110
11100000010101001000
01100110001000011111
11011110000101000001
01001101010100110100
10000110001011101000
01000111100001110110
11010001110111101001
10100110111110000011
11110010101011010100
00111110001100001101
00001010001100101000
10111010010011101011
10110110011100100010
10000011100010001111
10000010011110101101
11000100101100011100
10001100010101111111
10010010011110101001
10101000010010101100
01101111111010000001
01010111111011010111
00110110101101101101
11110111001011111011
11110110001010100000
00111000011010110101
10111001111111101110
11111000100100010010
01000110110001101010
10000100001101010000
00000010001011100010
11001010000000110100
01000000010011100111
10010111110111111010
10001111001101001000
10000100110000010001
10110010111010100010
00100100011001101111
11011110110000100011
00000110101001010111
11001001110100110110
00011101000100011101
10011110100000011101
11101110100101111001
01101110001111110111
10100010111001011010
01010001011110000001
10010011101111110110
01010111001101110001
01110101011111000011
01010110110110000100
01000001111100010011
10101000111000010000
11010111101000001000
00000011010010111001
10011100101010101111
10000110101100001010
10101110000011011000
10000001011011101110
11001101100010000000
10010101001111101110
00110000000111101101
01110111110011100001
11111101001111101111
10010011011100100010
00100111110100100000
10000011100111000110
01110111010011010101
00101101101101010000
11110000001011000000
10011111011101010100
10101110111111111001
10100010101011100101
00001010110011111101
00100011101100000101
01110011101001011001
01010000100111010101
00101000011010010100
11111100100101111111
01111011010010001001
01010100100100010010
11010010111110010011
01011111001111101101
00010001100101001110
00100000011011000101
01100011111110101111
10110011100001000110
00101110101100010000
10100000001011001000
10100101101000111010
10010010110001111001
10100010101011010100
00110000110001110001
10110001110011001011
11011110110011001010
00001000100001001011
00111110100111000001
00101100100111100111
00101110101110001111
10010101001010100110
10000011111110001110
00001010100011010100
11110100001000110011
11011110010000000001
00010110010001001110
00111001001010011110
11010011101000100100
00011010010000110011
10100101101011001111
01010100101011010001
01110110001101111000
00100001001101010100
00110101010011111101
00001101000111011100
10001010111011011100
11101110110101110000
11010101001111001011
00001111011100110110
11010000010001110110
00001101000011111010
00000001111100001010
00100111100000100010
01011111101011011010
01110110010000000001
10111000111110000111
01010000110101011010
10001000110001000010
10111110100011100100
10100000000011101010
00011100111000101010
00100101000100010110
01111001010001010100
10011110010010000100
10111110110010111011
10001001100000010110
11001010000001010011
10111110000110100001
00001101011000001010
11111000111010010000
00100110100000010010
01001000010000111010
00000011111100001111
01111010010010000110
10110010111011111001
11111111100001111100
00111101100100001001
10010111001100011011
01001111010111010001
11111110110010110110
01010011100010101101
00001000100111100000
11011100001010110011
00001111011010100000
01010001110101010010
00001000110100001110
10001001100000011101
11100000101101100101
10100001011001010011
00100001010110010101
01100000001000101100
10000010101010011101
00110100101100101011
01101000000100110100
00010110111110011001
11101101111111000000
00100000110101111100
10001010111101111101
00011001000010011101
11011101111100101100
00011110000101110010
01001000100001000111
01001011001111110011
01111110010101110110
11001001010010000100
11010010010101111111
01100010100000111110
10000000111101001100
11000100000101100100
10001011010010110101
00111010000001110110
01000100111100000110
00100001101111110010
11000000111000000101
10011000100000001011
00011000101010001101
01001000111001101001
10001000010011111101
11111100001100010000
00110100000000111001
11000101101100011110
10110111101000000011
10111000110001111000
01010010100000001100
00101001001001000010
00000110100001111100
00010111001111011100
11111000101111111010
01100110010101010110
10000011100001111110
01110101001110111001
00110111101000101010
11010111110000100000
00010101000111100001
01000100101010010011
10101001110110010011
10010000101011011000
01111010110011110101
01100001110101011100
10000111000111000010
00000100010110001101
11010011011000111111
00100111101111001011
01110011101001100100
10111011100010110011
11001101101010101011
01101011000010011110
11011111110001001001
11011000110010000000
11111001110110101100
10011110000010011000
01111101011010000000
10001111010111100001
00000101101000101111
00110011001010001100
10000010100111101011
00010000110011010010
10011001101000011001
01101000000101010111
11010111001111001100
01001011101000110011
00100111100011010000
10010101110010000111
00110000000110100111
00100110000100100101
11111001011110010001
11111001101001001001
00110101100000010111
11101100010001010100
11010100011010110001
00010010001111000001
00100111010110111010
10100001000000110010
00111000011100101011
00011100111000011011
00011110111110001100
01111001110100011111
10101111111110100010
01001100100101111000
00101001111111001011
01010110011001011101
01001000110010001010
10111100110010111101
11001001000000111110
10100011100111010000
01000101001111110111
11001100101100010011
10011000111100010011
01111111101000011010
10101010111100110100
00001110110110110001
11111110001001101001
01000100001000110011
10101100001010011011
10011011001001001010
11001000110000001100
10111110111111110001
01001101000101010101
11111010100101000001
11100001001100010001
00111111011010000011
11111000101110100101
00000001010110000011
00110110010010111110
00011001100111111111
10000011010000101001
00111100101100011011
01110111110000100110
00100110001100100011
01010001101010000101
10010011011110010111
00010000101100100010
10001001010001001111
01000011111000101110
10000011110100001100
01110000010000001100
10110001001011101010
11010110101010101011
00000001011010100101
01111011001111101100
11100100010101000111
11100100100100111100
11011011101110101011
01001111101011110011
00010101111010100000
01000000000010011011
01001000111010111011
11011000100000111001
00011010100001111100
11100010011110000101
11100011000001110111
10000011111010111001
01000111110001011010
10101001000101101111
10010000110011001011
01101000110100100100
01011010001001100111
11111111111111110011
00011100001000000101
01100011101010011100
00011001001000101101
00001110011001001001
00110000011011110110
00100001101110000010
10010111101111101001
10011010110000111111
01011111100010110110
00101000100000001101
11110000110111011100
11011000010001001110
00000010111000101101
11111111010101100101
10110000000110000100
10111010011111111010
01001010011110010101
11100010001111001101
01001011101010111111
11111100000000011010
01100010011110110101
11110010111010100100
11111100000110000001
11110110010110010100
10111010101010110111
11111011000000000111
10011011001011111011
00111111000010001000
11011010000001100110
00100111111011110110
00011011010000110000
10000011000100111100
00101100001011111000
10001111010111111001
11100111101111100010
01011011111011100011
01110000111011010101
00101000110010000100
01010111000100001110
11001010100000011101
01101110001101000011
10111010101101111010
11110101101011110110
00110011011100010111
11101100111010101011
00101111011001010001
00111011100001101110
00001100101100110000
00001111110001100110
10110011100111011110
11110001111111111111
01101000101011100001
11010100011101100111
00011010001110111111
01010001100111111010
01010100001011010001
11010000101110100001
01001100010000001110
10100100100011011010
10110000100110111110
00011110001110110001
10000010001010100111
10001100110111000101
10001010110100010010
00111010111011001110
10101001101100000101
01010000111010100100
01000011011001110001
00001000110100001010
11000111101001001101
10011010010011110110
11001011101100011111
10100101111010011111
11011001101110111001
01101110010100101101
11010101110010010100
10001011001000011100
10011110110110111101
10101010011100100010
00001001101110111011
00100111001011100001
01000000000011101011
10000111001010000001
11011111100010010111
10001101011110100011
10100010001101110010
10110101011000101110
01101110101111100011
11010011001110011111
00011000011011000101
01100100010111010100
01110001111111011110
11010111101010010001
11100111011111011010
01000101001001000101
00100001100001011111
01101010000100000101
11010111011101111111
00010111111001101011
10000111100000101101
11000100010101011000
00110001101110010001
11100000110011100110
10100000101001111011
01110110010100100110
01010111100101100011
10010110110101100011
00101010010110011010
11110010110100111110
11110000100100000111
01101111101011110100
01101110101111100101
00100001110110101110
01001001110011110110
10100100111111101000
11011101101111110010
10000111101011110001
00100001010000101101
11100111001101110001
00010011001100110110
11100010110100111011
01010011010101111010
00111101000111111010
10001000011011101001
11111001011110100001
00111000010001111010
10010100010001010000
11101111111111100011
01110111011011100010
11000011101101000101
01111011000101000100
01000010000001101001
10111100111100010100
00011011001110001011
01101000100010110111
01111100101110110100
11100001000011101011
00100010010010001100
10011000111011110001
01011111010110111000
11011000010110100110
11001010011101001101
00101100010111001101
00101001001010010000
10110111001000011101
11101100100110010011
01110101011011010001
01111110100000111110
10010010101000101001
01000101000010111100
01101101100010010011
01101010101100110001
11101100010110010100
11010101100000010100
11100010111110111100
01010111111100010001
01100000000110011111
01111010100111101000
00101101100110000100
11011011011101000111
01101110000100101110
11001101010010001001
01001111001110101110
11101101001001110111
00101011111010010111
00010000101100110011
01001101100011100101
01001001101101001000
11110011001011000001
11010000001010011000
10110001000010101110
00111000101100111100
01011001010110111001
10111111111011100010
10101101111000001000
00101101110000000101
00100111100100100111
01100111001001101111
01110001100011100101
11100101010010011000
01010001110010111111
00010000010100100101
01011000100010001110
11100001100011000000
10001010010100100001
00111010010111111011
11111100011010111010
10001000000000101100
11010011011101100100
01100010011100010001
00101111101100010010
00011000011001011110
01010010001001100110
00111110100111111100
10110110000101101011
01111010100000011000
11011100001100101101
11100011000011011000
01001000111011101011
10001110111101000100
11011110010001100000
11100011101011001010
11000010000000110110
00000011101101110101
01011011011000111111
11110010101111101010
11001001010000010011
01000001111100111100
10101101010010110100
11111011001100101011
11011010000111010110
11101011110100101010
11001101111001110111
11011101111100010110
11111111010000001111
01001110101110110110
01001000100001011100
01001110010001101101
10100101110100000000
00100100100000010101
10100000001111000110
00010111110001110000
00110001111001011011
01110001110000010101
11100000001001000111
11011001111011110101
11001010110110100010
00000111011111111111
10110010010101000011
00110100011000010011
10101111010111111101
00100010000100100111
00101111110100001100
11101011111000001011
00000000000101000101
11001100110000011000
01011110011110110110
10001101101001011111
10101001101100101101
01000010000100110111
01010010001011010000
00010000000010011101
00101010011110101100
01000101011010011100
00101011101100100000
11100111010011000010
10101000001001000010
11110100100000100010
01000100011000011011
00110100011111001100
01011001010111101011
10100101011100011001
01100111101000100011
00011000111111110000
10111110001111111111
01100011101010001110
10100101101110100100
01111110011111110000
01001010010001111001
01011011100100000100
01001110011000111101
10100111101001110010
11011011001111100011
00011000100010110100
11111011111110010001
00100000010101000010
10101001110010001000
00100111110000000001
01101100111110110000
10100111011110010001
11100011101010010110
10011101011000000111
10001010000110101100
10001100001101110011
10101100000001001110
10111100110111010000
11110100101111110011
11000000110001111111
10011000100110001010
11011111011011001110
01011000001111110111
01100101100001001101
01110110111111100111
00111010011000000111
10111001101001111011
01111100101010101001
01101001011100110010
01010101111100110010
11010111100110110111
10011101000000010010
10011000110100100111
10001100100100001110
11111010100001110110
00111011001000101110
11110010101000011010
01100111100110101111
00110010001101111010
01101100000111110100
10000010000101000110
00100101111100000111
10010011011101001001
11011110000101100010
11110100010111101000
10000111100100011111
00110011000111100011
00110111000111111100
01110110111010011101
00100011101100001100
11100100101000000110
11001110011111111000
01101011100011011101
01001001110011110011
10011111010101111110
00001110111010001011
11001100011111000000
10110011001101010110
11011100001111011011
11110000001101011110
01000101100011111100
00101100000010000011
11011011000011000000
00000110010000100101
01110010011000100100
11000011111001000011
11100000110111010011
00101000010010001111
01001000101000000001
01000110111010111000
11000010010110110110
00101111110100101111
01011001100101001010
10001101101101100110
11001000010110010010
10111100111110110101
00110001100011111101
11000110001011101000
11100001010010011101
00111000100010011100
00110110001111110111
10011100000101000000
00101001001001001011
10001000110000110110
11100000011110000011
10111000110101010010
00111101110101110101
11011001100011001011
10101000001001101100
01100111000010111110
10111001100011101000
10000101101111010000
01010001111111110010
00100111010001000111
10110111101111100000
11101100110101011001
11010110011111011000
00000101100001011100
11111010101011110010
11000000100110111010
00101010001011001010
10110001100101110110
00000111100110110110
00111010110011111000
00111010010001000111
01111000110011101000
11010011010111100010
01101101001001011100
01001010011011011000
01100100010100110001
00101001101010010000
10110010001100000110
10011101010000111000
11100110101101010101
11000010110000001111
01101110101011000101
01111101011111010101
00001001011001000100
11011011011011011110
01010011011011111011
11011001111101111000
11001000011011111000
00000000010101001101
10010101000101100010
00111101111011111011
00000001000100100000
10011101100011001010
01001010100100011101
00101101101101000001
00101110100111101101
11001101110010000100
11111010011100100011
10000000011000101101
01001000100101001001
01110000000101100110
00000110011110010110
10001001001110011010
00101001101100111011
00001000111011010001
00010100001101010000
10001101100100000110
00011100101011011011
00000000010010110101
01101101001010001110
00111110101010011111
11110101100111101000
10000000110000000110
11101111110110011000
01010011010011110011
10001111110010011010
00110000011111100000
00011100100010011000
00000011001011011010
10110110100001110000
10110011000011111000
01001000001111110000
11100101000000111100
00000100100001000110
00010000100011101101
00100011010111111010
01000011011010110110
00001010111100101111
00111111011110100000
11111010110100001101
01111100101000000100
01010001111101011001
01010011000100111111
10000000111100010010
01011010110111101101
11101011010110011001
00010001111110110110
01100110101000111101
10000110101101011011
01000001101100000001
01011101101011111000
01010010010000110010
01010000011110010110
11001001010111101100
11101110011100101011
10110001100101111111
10100101001011010001
01101101101101100111
11000000101100011010
10100101011111100100
01010100001101000010
01010100111001000100
00011011100110101011
10000010100000101011
11101000000100111000
00000001011010110110
10001000101000110101
00000000011111001010
11010010110110110010
10101011010100001111
10111011010010011010
00000011101111010011
01010011001110000111
00001011010100011111
11111011100010001101
10001001101010110110
11100100010011100011
01001010100011000100
11101101111110001110
00000011011111010101
11011011001110100100
11100010101100110011
10101101010110111010
11100001011011111110
00000001010001011101
00010101001001110101
11100011010011101110
00000000010011101010
11110111110101010101
00001011100000011000
10001111111011110000
11001011111101011001
01101000010000010101
10100000011001111111
00001001000110100000
11111001100011111011
01011001111100011101
01110110000000100000
11110001010011101011
01110011101010100011
11110001101100000001
11000110111111100110
00011100000000011010
00001110111100001011
00101000100000010111
11100000001011101100
11110110111111010100
10110101000100111010
10110110111001111001
01101010101100100111
10100000101000001100
10111100111000011010
11011100101000000011
10111111010001110110
11001100111100010111
00000011101001010111
00000101001101011001
00000000101101000000
11101101011011010110
01000101000100010111
10111101010110101110
10000101011000101010
00000010011000101110
11010110010100101100
01111100001111010011
01111011001101111111
10010011110111101011
01010100010001011110
11001011100100001011
01010110100000000110
00001000101001000000
00010110111001011111
11101110011101101100
10100110101010100111
01010110100001000110
10110010100001010111
00100011111011001011
10100101001011010011
00111001111110011100
00111111101100111111
00101001011001110111
01001101001100100101
00101100011101011001
01011010110011010101
10001111000011000110
10101101110010101001
01010111000011111001
00111000110011110000
11011110101001110001
00011111010011110010
10100111100110001001
00000011110001111101
11000111100001100011
00000000001000000110
01100101000010001101
01100011000010111010
10011110110101111000
00101110011110101001
10011111001010111111
01011100101100111011
00010110000001000011
10001001111111010011
10110011011100011000
00011010111001100111
11000001011100000011
01101001000001000110
10001001001010011111
00001010110001010001
11000111010011000011
01101011100010101101
01110000011111110011
10111011100001100000
01011000110000110000
01011111101000110101
11101001000110101001
11100001101000110100
01010111101011111010
01011010011111100001
01011110100101010001
00010010100110011100
11111010001100011100
01111000110001111010
00000100111111110111
10001011100111101011
11000011100011010101
01010100100001101001
11001101100100000100
01011000111100011100
10010111110110011110
10000101111011010001
01010011100100001011
11101111110110111110
10000100111011001100
01001101000011110000
00011010000000110011
01011011000100000011
00100011101000100111
01101101011010101110
01010011001110010011
00111101111100000101
01001010000101101000
10011101111100111001
10111101011100110001
10011011010111110010
01100001101010000011
01111110100010011001
11011111000011111011
10001110100110000101
11100010000011000111
01111011100110001110
00000101001011011100
10011010001110001111
10101100010010010100
00100011111000001001
01100101011110001001
11011111110110101101
01000000111100111011
00001101000110000011
01000001110100100100
10101100100010000101
11110101011100010101
11011010110100100110
01010110110101010001
10011001101001111011
00101000111000011100
11000100100100111001
00010000111011011100
11101100110010011111
01001011101101000101
10110001010000101111
00010001000101011010
11000100000011001101
01110010111111110100
01110000110100001011
00100101000101001100
11100111101100100100
10010111011010000110
10001010100010101001
10010110000110100001
01010100100101110110
11000101100001011101
11101110111110011111
11101110101001000101
10001111101101100110
11001011101100001110
10100100000111100010
11000100100001110001
11111000111100011101
01111111001100101101
00010000000000011100
11100010011000110000
01010011110001001010
11110101101011000100
10000001101010011001
00010110111111000101
00011010111011101100
00110100010011001100
01000101010001010100
10011001000101000010
00010001100000110101
11000100101110101111
10110101010010011111
10001001001101001101
00011011001110000010
00000101011110001111
01110100101100100000
10000111010111101101
10010001010101011000
10011001001111100111
11110111011110111101
00101111000100100111
10100110110000100111
01101100001011001110
01111000011100101100
00101101010001001010
01100111011010001010
10000100000001011101
00001101101101111001
01111101110011010101
01011100010111010101
00000111111111101000
00011011000100110010
10101010001101011010
01110011010000000000
11001101111110010010
01111100001000010001
01110101101111110001
01100001110010100010
00001101100011000110
11011011111010101111
10011100011000000000
11110101100111011100
00101111111111010100
11101110100000010000
10100011010000001110
10001010011010111100
01100010111011011010
00101010010001001000
01011111101000010100
00000111100100110010
10101001100100010000
00101110110000100010
10101000011111111001
10111101011101111111
00101111001000111100
10101000000110000101
00101111011100010011
00001010100010000001
11010100011111101010
00111001100110100001
10110010011011001110
00101011111011000101
10101111100011111010
01011011110110011001
00110100101101001100
10011010000111101001
11001000010100001011
01111101010010000100
11001000110111000110
10111010010011111101
10111000000011101000
11101010011001110101
00111101110100110100
10010010110110111101
01000111010001101111
01000000100010001010
11011101100110000011
11101000110101101010
01111110101110101100
00001011000101110110
00110100110001110110
00010110100011111101
00111110000011110100
10101111110101010110
00010001100001000001
00111011010100011010
10000111100100000100
01111001000100101100
01110110000010001100
10010001101011100101
00001011111011010001
11010101011111111111
00110000101100010101
00111001101100010110
11101100011000111011
01011011000110101001
11110111101100111001
10010001100001101010
10111010110101101110
00010010011100000100
10010000011101011011
11100000110111011111
10000100111101110100
01111001011010011100
01001010110010000100
11110010100000011010
11011000010101111011
10011110001001100110
11000100011000011110
10100010110000100111
11001001010010101110
01010101000001011111
00101100101000001101
10110110110111110001
00100111011110001000
11000011001011100000
00101010101110011011
10111110101010001100
10110011111100000010
10000110100001101010
10100100011001111001
11011111000000101011
10011101111010100001
01011100010001000010
11010001111100100010
11110011000110000000
11010111101110110000
11110001000100000111
10001000001100001011
00000110110010100111
11010111011011101000
01010000000000011001
00101111101110100110
11010110110110000000
01011111010100110101
01000001001100101000
01010000100111100010
01100010101101011000
10110100010100010001
11111011011001011101
11111111111000000101
11011101011011111111
00010101010110010111
11111000101111010001
01111001011000011100
01110000011111111111
01100101010010010100
11011101101110001100
10101000011110011010
01101101001001001100
10110001100010000111
11100001110001100010
01000111110001011101
01110011000101010001
01000111100110110111
11111001011100101001
00110110000000011000
01001100101001000111
11000110110111000011
00010111100100010000
00110001101101001101
11100000100010111011
01111111110011001111
01111000100001010100
01011100110010111011
10000011111111001010
00011001110111001101
00010010001100110011
01111011011100100001
10101000011111011110
10001001111100001010
11101010111001110000
10100110110111010111
11000101001011010100
01001100101111110000
11011010000000010100
00101100000100011011
00101100110010000001
00110000100101011100
11010111001110000001
10010000011111001110
11100010000111010100
10101001001101011100
10011111111101001011
01000111100011100101
10011111110100001110
01011101010001010110
00101000101100111001
01111001100100011110
00000010011100110110
01001101010001111001
01010100110111010001
10000110110011001011
01101000000100000000
00111101010100100011
10001010100011000000
01100001001101011101
10010100001101010010
00101001111101000000
11101011110101001100
10000110010101101000
00111001111011111110
10001101110010111001
11001001010101000110
11000110000001111011
11110011000110001110
11110000101010111110
00001110010011010101
11100110000000101011
11100001001100001110
11111101111001111100
10001010110100011101
10010010100001001010
01101001101011000000
10111000010000101100
10001110000001001110
00100101000011110100
01111011100000011100
10111010010110000111
10001110101010001011
01010010010000010110
01001011111110101110
11010100100100101111
11011000011010000101
10011111100110010000
01101010000101000011
00011110010111111101
10001011001011011100
01111001000101001101
11111001001111110110
01010111000010101001
00011100011111000001
01010000001000101110
11010010111010010011
11110111110011011101
10110101011110001001
10010110110011010110
10101100001011010000
00100101110111101011
10111001011101100100
00101001111101111110
01000111100111100001
00001100000111010100
00100000000010000100
11111000011001111011
10010111000011011110
00100000110011001001
00100110110100101011
00110001111100011010
10001000010001001000
00100000000001100101
01111101100011101000
10111010111000101111
10010110101000001001
00110001011001100001
10011011111010000100
01101100101111000111
01111101010101001010
11010101000100100111
10001011111011110110
11000011000000101100
11000111101100010001
11000010011001111110
10010001111010011010
10001101110101011010
11000110100101000100
11010010110100000000
00000100011000110001
01111110100100101000
11000111010011000001
11011100100110101101
01001110000101100010
10100000110100010101
01011000110000110010
10000110001101010011
11000101101001011101
01101000000000111101
00100000101101111101
01000010111001111010
11101000001010111100
11110001111110110101
11010000011011001100
01000001111001001000
10000011101101001001
00110110001101101000
10011111100111010001
00011101010100101001
11010010111001110001
00101011001110001010
11110010101010010100
01111001111110110011
01001100100111101000
10110001001010101101
01011111101100111010
10011011100011110001
10010110110111010100
00011101111101110011
11010111010111111011
01001101010000111001
11010000110011011110
01111111001110011111
10000100100010001010
10110000011111000000
00110011011101101101
01110111001110110100
10000010000110010011
01011001001100010011
11010101101000010110
11100001100001011110
00111101100001110010
10000000100011000011
10000100010010101001
10000111111100101111
10011010100000010001
11110111011010001000
11110010011001110100
11110101001100000100
01111010110010110100
10111001111111110110
01110110000101100111
00101100001111010001
10011101110011000000
11010110111010100110
11011000101000000111
10110001001011111010
10110110100100101110
11101001000010010111
00001011010111100111
00111100000011110010
10000101101010010000
10110111010011010001
11100001111010001001
01010010010000100011
01100010000011000011
10101100001011111110
10001010010010101101
00100100010101011111
11001100010011011110
01111001010101011001
01010100111101101010
01001110000111100111
10100000100110101111
00111001010111110001
01110001100000011100
00010001000000100001
01001011000111100001
01000001001101110000
00111110001001111100
11100000010110001100
11111111010001010000
01001010101010011001
00111011110111101011
00110100110000011100
01111110110001100001
01010101010110101101
11011010000111100101
11100100011000011000
00001110000110000001
11110010111011011111
01000001100010000101
00011011000001011111
00000101100101001100
10000000110011111101
11110000000001000001
10110100110100110111
00100011011100100010
11000010110011010011
00000100110100100110
10111010010001100000
10101111101010101000
11110111010110010100
00101010100010101001
11001010010101100001
01001001111001011011
00000111100001110000
01010100101010000101
01000100010000010110
11111011001001001000
01100101101011111010
01000011110111110000
00111010011101100011
11000000111001110001
11011100110110010001
00110111100110001100
10000010010000000011
10101000010100111111
01011001010011101111
00011001010010010111
00100100110011101011
00110111011010000001
00011100001000011100
00000111100110001001
10101110100111000010
01101111011010111000
10000011110100011011
00000100000101101100
01011111011011011111
01001001101000000001
00100010010111010110
01011111100100000101
11010000110000100010
11110010111001011001
01001010001001000110
10000100110010000111
01101101100110110010
10100111100101001101
10110011101001001011
01011101010001000010
10110011110111001110
11111001011111100001
01100010100101011000
11101001101100101000
10100111110111000011
00111001010000101001
10001000110110101001
10110111000110001100
00011100110100110001
00100111100010011010
00100011110000000011
11000111101001111101
11101011111110110001
00100001110001110011
01110111101011110101
10110100111001100111
01101110011100010111
01111111110010110110
10001101101110110001
10001010001101000111
11011101110001001101
11010010010111011110
01001010111110111111
00111011011001010011
11100111000001111001
01001001100110110011
01111110100001101011
01101011010110110111
11010010101001110101
01100111100101111101
10010111000000001000
00110100010111000100
10000100001110011101
10000100111011000110
10100011000111001011
01011100101110000111
00010011011010011100
01001101101101010011
10001111010011011000
11011111111011000110
11111100100001000000
01000100101110001010
11001111100010001001
01101100101010010101
10000101100110101110
10001100110101001011
00110111001111110111
11100111010110111111
00001111011000100010
01101101000101000111
10000001101001011101
01100100111100101010
11011000001100011111
11010001101100011000
11001000011100000111
11100011010011000001
01001101100000111111
00101110110101100011
11000000001110111000
01001111001111001110
11110000110011100111
00110001110000110100
00111001011000011001
01111101101111101110
11000101001000110001
00110111001110001001
11010100010101011100
10011011000101011011
10110011011001011010
01110000011000010000
00010001101100000110
01000110100010101101
00100110000011000000
11110101010101111110
10101110111101101111
00111100111101110100
00110010011100000000
00101100000110010011
00000111011100000010
01100011111100000010
10000101001011101011
11101010100001100110
11100101011100001010
11100110110011001101
10111011001001101101
10110010100001011001
11111110100101101010
11001000011001011101
01111011011001011100
11100001110101101100
10011011000001011110
10001011101100010001
11000011101100011100
00101001010101101100
01101101010110110010
00101001101110110010
10111000011110011110
10111011101001010100
01110111001000101000
01100111100000000111
01101011010100010100
11001101111110101111
00101011001000010101
10110000100111111001
00000011111000001111
00111010110100110111
10101101010010101000
11001001001011000001
11111100011010010101
11000101111100011010
11010011111010001010
10110001011111011011
00000100101111000001
10010110010110101111
10000110001000011000
10110101011011111011
00000100011001001000
00010010001010100001
10100000100110100111
01010100000100110000
00010000000110000011
11011100001001110000
10000101110100100100
10000101111000000111
10000111111110111011
01011000111011101010
11000000110111010100
10001010010100101010
11010000001001100100
10101101101101010111
11011100010110000001
10010101110000100101
10101011011111011010
11000111101011101101
01111101110110011011
01110011010000110001
10011011111011010010
11101011011111001011
11100001001111001101
01101110110011011001
10100110111110101110
00001101100001010100
00100001010100110110
01110100101001000111
00100101101110111100
00000110100110100011
01101001100111100000
11100111011000101111
00110110010001100000
00100010111110111011
10011010100011110011
00000001101101110000
00001011001110001000
11110000001011001001
01011000111001110001
10000110010000110010
00010010100011110111
11111100001100111110
11111000010011011010
00100001101111010100
01001010111110111101
01101101101111110010
00101000011111101110
01001010110000000010
01111011001110011001
01011101101100100010
01000000111101101101
00101110000101100111
00000101001001001000
00101000010111001110
10101110001100010111
01101100011001010111
00100101111100100111
00101001110001100101
10101111010001101010
00111110011000001111
11111110100001100010
10000110000001010110
00110110101010110110
11001011001000010101
01101011101010011101
10110001111011110110
11100011100111111000
10001101100011111110
01000001111000100110
10110000000110011100
01100010000100011011
00111000110101001101
01010001011010000110
11110111000010110111
00110100000110010110
11011100011111000101
00110000000111100011
00011001011000101111
01011110011000111011
11110111011101011001
11101010010100100001
00101110001101100010
10000000110111100010
00000101110111101100
00110010100010001110
01000110110111000111
00010101011001110100
10100010000110100011
01101011110100111001
10011000001110111001
10101000100011010110
00101011110100111111
10110001011100100111
00001011011100101111
01110110010110001100
01011001100110011111
00000111100101111001
11001001001010110110
01011001110101000101
10010010000001101101
11100011100001101011
01011111010001101000
10000101101101011111
11100000110111000010
00001110010010010101
01101001011001100111
00111101011101000000
10110000101010000100
01011010011100100001
01000111110111111010
10101110001110111000
11100010101110101100
11100001010111011101
11111110000011011101
11000100101011100111
11100010110101100001
00101001010001110110
01001010100100101010
01110111001101000000
10001100001111100101
01110100111010110010
00101010001101111100
00111111001101111110
01011010110101001000
11011101010100001000
10001111011010101001
01100001110101010100
11101100011000101101
00010100111100001011
00001100010000001110
10010001011110111111
11000111100010110010
10001011111111001111
11100110101101010001
11100110010100101101
10111111001000000001
00001111001100100010
10011010010000000011
10110011010011000001
01010101111101000100
01110010101010011000
11010010001111110100
11111011000101011100
10011001011110011100
11000011001000100000
01000100111011100110
01001110001111011111
10110001010101001011
10001011010110111101
11010011010101110111
01001010110100111101
10111100011010110010
10111110101011000000
00000100010001100100
11001011100110100110
11100000001100101111
01111110111001111011
00011100011110001100
00000100000101000110
01110100011001111110
10100000100011110111
01111111111111100010
01010110111101011011
10111011111011011110
10111010010100000101
11001110100101010100
01010111111010111000
01111111010001011011
10011111001000001111
00111110011100011110
01110100101111111011
10100110010101100011
10100001110101011101
00100110011000000101
01001101000111001011
00100101001111110010
01100010100110110001
10101100100110111100
11111011100001001111
11010010011000110100
01100111110110110101
10010111001110110010
00001111100101110110
10011010011010111100
11111011111100011110
11101101011010011111
11110110001011100011
10010011100001010111
11100000011010011111
11010111111101111000
01001010011001111001
00111010111010110011
00111111101101100101
11110111100000010110
01110010011100000100
01001100001101001000
10010101011101100101
01000011111101101111
11000011000100101011
00010011111001001011
01011010011101101001
00011000011011110110
11111100111101100010
10111111100000100101
10110010000001001001
11010001110101101011
00101000101000101010
11010111001011101001
10101101100110111000
00111010010100010101
00101110010110011001
10011011010110100111
01100110000011100111
11100101100000111100
01100111001111101110
11110111000110100000
11110101010101010111
00100010010100100100
11110000010101011010
10010101100011000001
11111011010101011010
11110001000011000111
11101000110101110001
11001111111110011010
00011100110101111000
11000100010011100110
01110101011101110001
11010101111110011010
01010001100101010101
10011100001111101011
01111001000001001111
00100001110011001111
10000000011001010110
00101110111101011111
01100100001011000011
10001011111011010001
10100100100100100000
01101011001000001000
11010101100011111110
11010101000110011001
11110011110000001111
01101110111011101110
01011001101001111011
10111000000010001011
10001001110100111000
01000101011001001001
11010111100011101011
01001101111101111001
10001010101011111010
01010101110111111100
01110100010110110011
01001100010000000010
11100110001100111000
11011010000001101000
01110101110101010110
11110111100000111101
10010101001110110101
10000010100101011011
10110010011000100000
00100110111010010100
10100111110011011101
00000001100101101000
01100111001011010110
01101000001111100001
10100000001111100101
10101111011001011111
01011101010010001000
00000101110011001011
01001000111110111110
10001001010000010010
10001001001011000011
00111001000111010000
00001001001011110010
10110110100010000000
11100001000100111101
00001011010111110000
01101001100000111110
10100100011100111001
01011000010001010011
01101000101010111010
10010100100100011110
11110100010011000010
00101100001111110110
00101111001100000011
00011111001111111111
10110000111001000110
11010100001101101111
10101000010011011011
01111100100101100110
01010010010100111100
00000010011001101111
00100001101110011111
10111010100001100011
01111000010111010101
10000001000111100100
11110000010110010110
01010010001010000110
11011000010100100100
01000010110010110010
11101001111101101110
00010100010111110100
10110111111011101101
00100100110001000000
10101000001111000000
00101000000100010001
01101111010101001011
10001101000011100010
00011101001100111110
00100010010001111110
00110010100101100110
01011001100110010011
00001100110010101010
00000101001000111000
00110011011000000111
01010111111011000001
01111010111011010101
11110011011110011011
00111001100101000010
00011110011001100000
10000111000111100111
01100110111101011100
00111110111101101111
00101111110011111101
10010100010001101001
11011010101000011100
01011110010000000100
10100100001000100010
11000011010111001101
10010111101001100011
01010110101000000000
10001100101001111000
00001101000110001110
11110110101000101110
01010110101010110111
00000101010101101010
00000010010000100111
10101000101001100101
10011110110011101100
01101100110110111010
01111011010010000001
00010101101101001010
11100000000000010011
01101101011111000010
11000001110110010000
01001111100110001010
10100110111111100110
00101110010110010100
00111010000110010000
11111000010010111111
01010101100011000001
11100000110110011001
10100000010100010011
10001110101101000110
01010000010000110101
00001001110110001110
11110000000110010000
10101010101011100001
00111101101011101110
00111011111010000011
01010100101111100010
00010011101000101101
00110100100101101010
11000100111000101000
01111111011011100011
01011100000101110010
11000100010000101100
11001011011000010110
10100111100000011100
10111101101100100010
11101101001011001110
00010010000000110001
11100011101101011010
10110011110101101010
01100111101110011000
00011000110110101011
11110111101101011110
11010001010101001101
10100001001101110010
11100000100101111111
00010010000011001000
00010111101100111101
10010001101011000111
01010000011101000110
11010000000101101110
00110100001110101000
01101101100110011110
00100000001000010001
00000110101101001101
10111001001111000100
01000111001111000111
10011101111111111010
10100101001110111100
01100011000100100010
10100010101100101010
10010111101101000100
01010110000001101100
00101011001111100000
01100111101011111000
00111000011111000000
10011111110001000011
11110101011111011001
00010100110100011001
00010101001111000011
00011110001000110110
11011111001110011101
01001000001001110101
00010000110110110101
11111100111011000000
01000001010101101101
11100110111001101000
11101011111001101011
01001011011111010001
10100100111000111011
10100010000101110011
10100111001010111000
10001111101011011001
10000001101010101110
11010101000000101010
00000011111010100101
00010001101011101011
11101101000001010101
00011110111101000011
01001011110011011010
10001010010111111010
11100000001101011101
00010001100110100001
00111010101111111001
10001011100001100100
00100010100000110000
11101110010011011000
10010000100001000101
01001011100010110100
00010111100010110101
10000101011000000000
10011011110111000010
00000110000011010011
01010100011010001001
01010010010100100101
00000001101011011110
10001000001011101110
01001101010110101110
11111100001101110110
00110011110111100100
01111001000010001110
11011010111001110000
00010001100010110110
11011111000011000000
11010101110011011100
00010001111001010111
11001101000110111011
00110110000100111111
01100101000010111100
10001011000001001000
01001011011011000001
00011111001010101010
01000001000011101101
01101101000011001010
00000100001011011101
10101111101110111000
11011011110110101011
10011011010111000110
01111110101100111111
00101110001010000011
10111111010111101000
01000011011101011010
00111110110110000111
00000010011100011001
00011110010001011100
01000100111101011010
11100101111100100101
00100111001101110011
11111101000011011010
01111000011001001010
01001110010001101100
11111110011110101001
10000001011011000011
00101001000000010111
11111100000000010010
01110101011001001001
11111110001011111001
10011001010000011110
00001101101000001101
00011111110110001100
11111101100100010001
10000101000010011001
10000011111100101100
11111001001110001111
01011111111111111000
01101001100111100111
10001101100111101111
10100101100001101010
01001000011011100010
01001100111001000011
00001110110100000001
00110110110100000111
10100111001101000110
01101010100101100011
10101101010111100001
10011100001011101111
01101110001001010100
01001000011110000001
10000000111111111110
00001110000011011101
01000100001001100011
11100010111100111111
00110100000101110000
11111111010011111001
10111011111000100100
01000101101110101111
00101100000010001100
00110101101010111101
10101101111000101101
01000001000001100110
