20 2047
11010010111011001110
11101110010011011001
01101001110111000100
11100110000110100111
11001110101111011011
11110011001001101001
11111011100011110011
10010001011011000010
01000001011100010000
01000110100011000000
10100100110001010001
00011100001111101111
10111100100111010011
00101111010011011101
11000000000011011000
11110001110110011010
01101000100000001100
11001101011110001100
00000111100011010001
00000010110111111100
10101001011001111010
00011111110110000101
11010010101100010111
00100111000100010000
10011011100010100000
01001010100001000101
10000101010111110010
11111101001110000100
00011011100111010110
11100110010000000100
11000100010100100010
10000100111011111010
00000001100111110001
01010001001010101110
10110100011100001011
01010001011000100010
00010100110110010011
00110011001000001011
11011111101100001011
11010001110110001111
01001010000010011010
00101101111010011010
00000111001100100101
10111100010010100100
00111001100101110111
11011111000000101001
00000000001001100011
11011101100100001100
11000101100010001111
01101010000110000101
10111001100001111010
01000111100101101010
01001010101100011110
11100011010101000010
00010111111111011000
11011000001000111110
00000110101101111111
01001111010101001001
00001110001001010010
00110110101110101101
10110100101011110100
11011101110100100100
10010100000010110000
00111111110100101110
00101011110111000101
11011100001101100001
00100000010101000000
10011101111001010011
11001010101000001011
01100101110111111000
10110011100100100100
01001011100101000100
10110101011010000010
11101000111101111001
10001000001000111011
10000000111101001000
01110100100111000000
01010100111010101010
11110010011101100011
10111100111111001101
11011000010010100010
01111101010111011101
01100110001111111111
11101001101111000001
01000101000111101101
11010100100110000111
11001100000110111110
01100000111100001011
11110010100100000111
10001000010110011000
00111010010001000101
00100110111101000011
00001111001001001000
01110010010001110101
11011101000111001101
11000111000110110000
00100000111100001111
10111100110100000111
10100000001010000101
01000010001111101001
11011011110010101000
00100110000010000011
10111011110101111010
11101101010110101010
00110100101101110010
10011001000010100101
11000000010001100101
11111101001100111010
11101101111011001010
11110011100100100111
11111001110011101010
00101111000100111111
00100010111111011110
00101100111110101101
01000110111111000011
01001101001100010010
10011110001000111010
11001011011010000100
11111000110101100111
00111100110011001011
11110101000000011100
01011101000100111100
00101001100110000001
01100000011110000100
01101111110101100101
01010100111100010001
11001110011000110011
00110110110111011001
01100010110100111111
00010110011010110110
01011011111010000101
00111100001111111010
10000011011111110100
00010110011101111100
10110111001110010001
10110010111010110100
01010011100001101000
00110010001001011100
00000011001101100110
11111101110001110010
01000111101100100010
10100011111111001010
11010110110001101000
11110000101100111101
10011110110011010111
00010011011001101101
00011110101100111011
01111110110100110111
00001001011011100010
10110101110000100010
10100000110101111000
10100011010111111010
10110111001001011110
01011111011110000111
10010001110101001110
11100010100001011101
00111000010010011011
10011001001100000000
10010000100101100001
00010111111101100100
10100011001001110100
10011010100011001101
00000100111100011100
00101010111110011110
01100001110111011101
01001110101010110010
10001011000001010000
00000111101101000101
11010100111100000100
10111001110101001000
11101111001001001110
00001001111001110100
01101101110000001011
01111000111111101011
00110010011011110110
00011010111010001110
00101110010100111001
00010001110011101111
10000000000110011000
10010110001001010011
10101000011100000100
11100101010110110100
00000001110110100010
11101100111110100001
11001111111101010110
00000111001101000101
11001100111010010101
01100110011110000010
00100000100101100010
01100000100000011010
00110000101011001101
00100000111000110000
01011100010110001001
00010100100100000000
10011010010000100100
10010000111000100010
11001101101100111010
01010110110011011001
11000010001010010000
00001010100010111000
11111111110000001101
00011000110100001010
11100100100011110110
00101100001111110100
11010111000101111011
01111100000010100010
00100101111010110010
01111001001101001001
10011100000100000010
01000111111001101101
11000101110011110100
01010001110100010101
10110101100000010110
01100100110010110101
00101001111101110100
11110000010001101110
10000110011111111100
10100000101000100011
10000111101100001010
01111001100101110000
01111101011000010011
01001111110000101000
11011001011010011011
01001111001010100101
10100010110000011010
11100101100101010111
11101100001011011101
11001001000001101001
10000101100011101101
11010001000101100101
11110000110110010001
10100010011101011110
00111000011100001100
00011110100101000000
00110010100011101100
01110010001110110000
11110010101100010000
11011001001000000110
10101100000111110011
00011110100010011011
00110100111010000000
10111000111100101101
11100010001011110100
00110010001101110111
01110011010010001100
01010000011110111101
11111010111000101001
01111101101000011001
11001110010101010110
10001101000101101100
00100001100111111110
00000111100111100001
10011010001011111000
11011111001001110010
01010101001001011010
10000000010010000100
01110100010011011101
01001100010101010001
01001000010110010010
00000011001000100001
01010011001110111100
10110101000111110000
00001001000100101101
01001111000010001111
01011001010000110111
01101001101000010010
10111001001010000100
11100110100010001010
00100111001001011001
01111110101001000001
11010101000111001100
01001100010000010010
01110011111101110000
01010011011100100011
10011001101110110011
01101001101010010001
01001001011110011111
00100101010111000100
10000110001000010101
11110010100101001010
10000110010110111111
10001000010000111000
11001100100100111000
10100010100100000101
11001110010110011000
10111110011100111001
01010010010110001010
01110111011001001000
11010111011100101001
10001010111100100000
11011110110001010011
10101101101101000111
00110111111001101100
10011111011001100110
00101110010011101101
11101000101001001111
00011011011100111110
10001110011111010100
11101011000011101101
10110011011000111100
00111111001000101011
10100000100110111010
00001101000000110010
01000101101011101000
10000111010111101110
10110000000001111110
10001101111010000100
11010010001101110100
10110110011001111111
10110001001110101010
00001101011001011100
00100011111011010111
10100101001011111011
01000011000000101001
01100010110000011000
00000100001100100001
00001001100010100101
10110111001101101001
00100101010100101101
10011100110001010111
00000110001010011011
10010100011011111010
00100100000010000000
01111000111001010001
01000001000110010100
01010001000001110001
01100001101011111001
10111011101000111001
01010011111111011010
11100011110001001101
00100101000000011001
10010000101100011011
11000011100001001000
10000001101110001111
11110010001010010110
01000011000000110001
01010101101111001100
01111000100011100110
10000101110101011111
10111110010011010111
00111111001100110111
10010010001001001111
10100101100111111011
11011100101010010111
10001000111011100010
00100111011001100010
01001100011010111000
11001000101110111111
10010011000101101100
00111000011001010111
10101100111100000111
00011001001010010011
00000001101011111111
10010000011010000100
01001100110010101100
00100011010101111111
00000100111001101011
01000000101111110011
11100010000111101000
00001101100101000111
00101000100111100110
01111010000001011000
11000110000000111100
11000001010010010001
01100100001101010001
00100111000100100010
11010110000110111000
00011110010100100100
00010000111001010000
01111010010111110000
00100100101010001010
10000011001000010000
11011111010000010111
11001000101011110011
11010101111101011101
00000110111010101010
11001001010110101010
00001011110110010111
00010000010100101110
00110111000111011110
00011011100110010111
10010000011111010101
01000100110101010110
11111100100110110000
11110000101011111100
10001000110001110001
11001100111000001001
00101010000010101000
00001000111001101000
00100011101000000001
11111101111100011100
01010111011010010011
01101000111111100001
11000101011011001111
01001001100111110000
00100100101000001001
01000000110001001100
10010011110011100000
00111000001110001011
01011111000000000001
10001001000100110000
00100111011110011011
00111011000100011110
01001011101101010111
01011010000001000111
10001111000110010001
11001000110010000100
01011000011101011001
01000010110101001111
10000011011101000110
01110110101000100101
00101111010100010101
10011111110101000111
01110101110000100110
00000101110111011110
10100100101001000001
00010001010101101100
10110001010110010101
11010100101011111000
11001100111000000001
01101010100010001010
01010010110100000100
01010001100111010111
00100111111101011010
10000001010111101101
01110011001111101100
01011110000011011010
10100010010011001110
01001001111101001011
11010111000010001110
10110100101100000111
10010001110000001010
00001011100000010011
00000100000001110101
00010010101111110010
10001011101011101000
00110101010000000001
01110000011000101111
00111001110011101111
00001100111100011001
10001011001101110111
00001010101000100101
01111011010101011010
10000101000001110010
11100100111001111110
11000100010111110011
00001010010000111111
01110010111111110001
01001111011110101110
11111110111111110001
11111110110110111001
01100111110011011000
11000101111110110111
10101011000101011010
11111100001001000110
11000011010110010111
00000111010001001010
11000101101100011011
11001110011111101101
01001100110111011100
00110011010010011010
00010100101001011000
10001010010001100110
00101110100100100101
11111100111100101010
01111011110011111111
10100010000011011001
01110101100110011100
11110101101111100010
00001111101111100101
10011001011110000000
01111111110011010001
11101001100001011010
00111110100110111011
11011011110100111110
01101010110100101000
01100110001001010000
01000101100101110000
01111101110110010110
01011010111001011110
01000011111101011101
00110010010100110010
01101100100100010000
10110010001110011101
01010011000101011111
11010111000100111100
10000001011010000110
00011100110001100100
01100111110101011101
10000000000010111001
10111000000001001111
11010100110111000000
00100001111000001110
10110001011110101100
00100101010011011111
10010100010001010111
10101110011110110001
10100011001010000101
11110010011110011001
01001010001110000010
01101100000001101100
10110111100101001001
01011100011101001110
11010110100010111111
11101110100000011101
11010110011110110101
11111010111011000001
10101101101101111010
00101111011011111111
01110100000000110111
11101010111001101110
01110011010001110101
10001001001001100001
10001011100101001110
01110101010011110011
01101000100000111111
01110010011110011010
10110001001101100110
01010111000111001000
01001101011011000000
00000110001000001111
00110011111100011000
11100000011100001100
10010110010001001011
10000010001110011010
11000000000001101000
11100011011000111001
10000000010111010100
11011011000111101101
01001100111100100010
01110011111001110100
00101110101111000101
01101111110011010001
00100000010110101000
10011000111011010001
01011111110110111000
10000110100111110000
01000110000100011010
01100010100001001111
11001101110011001101
00011110101110000100
11010000100111111100
11010110010010111011
10110000110110100111
11100011100010110011
00111000010100000100
11110111000101101001
11001000100010111101
00001110000110000000
01010001001101011111
01000001101011111011
00101101011111000110
10010010101010100110
01100111001000000011
11101110001101100100
10101111110011010100
00010001011010001011
00100110001100010101
00011111111101001000
00010100100110011000
11110100011010100011
10000001111111111011
00100100110010100100
00000000001111000101
00001010011111011101
10111011111000110010
01100101111010001001
00101110000100100001
10111100110000101010
10101011111101111011
11011010110110000101
01000010111110000101
01100000110000001100
01011101010101010000
11001111111110000010
01000010101110000110
01000100100100110011
11111101011101101111
00100100101000111111
11001100101011100100
00001111100001110010
01101011000110010111
01001100001110011011
10110000100010110000
00100000010100111110
00011111011110010110
11011110010001100110
00110111111100010011
10110100101100001110
00111000111111011000
11011000101100010010
01011010110111000011
01001000011000000001
00111110011101001001
11110000101110110001
01000101100101011101
11111110011010011100
01100111100001100011
00110010000010101100
11101100111100111111
11001100000111101111
11100110101011101100
00000011001111011011
01101111010011010100
01111010010110100001
11001001101110111100
11111001101111100100
01100001111110100101
11010110001110000101
10111110100010101001
11110001000001100110
11000001010000100110
00100100101000000100
11100111011100010111
00111111000111000101
01101100001110100111
11011101000101111011
10010100100101011100
10111000110010001001
00001100101101000011
11110100001000101110
10100001110000001101
01010000001110111010
00000011011100001101
01010011011010101100
01101011111101110001
01111010010100001011
11110111111000010111
11101111111010001001
11010010110010101111
10011101010001001111
11000101010100011101
00110011101011101000
01100110000010111111
11111101000110101100
11110010101010011011
01111010010110000011
11010101101000001000
11110111110110000011
01111110100101011000
01000101001110001100
01001001110001100100
11001011111001001010
10010010110111110011
01011001011101110001
00110110010110000011
01001011110000100100
01010110010111100101
10101010111011100000
11111101010111010110
00001101001010110011
00010011101010001110
01101111101101101000
11111101010001001010
01101001101001111110
11111010111011010001
10111011100111000001
00110000001110110001
01100000110101011110
10100110100110000100
01000100000100000000
00011010010101111001
01101101100110100001
10111001001000110010
10110100101010100111
11110000111001111000
00010101001111000101
10010100110101010011
10011011010011000100
10010010001110000001
10101100001000011011
11111100010101011001
10011111110000011110
01010000011000000010
10011001110010111010
11010100011101000010
10100000001011001110
01101100101101011011
01101010111010101001
11000011110110111110
11100101100101110101
10101100111001101110
01000101111111010011
11010001011000111111
01101110001111001100
01101101001110110111
11001110101101100011
00001001010011001110
10111101101110111101
11011111000111000110
00111001010011111001
01011101111101011000
10001111001100011001
10001100000111010001
00011111101111000010
00100011111001011010
01100001110100011110
11110111110001011010
01100101110010100010
00000001110110110000
01010010000010101010
11000001100011000011
00100100011100101010
10100001001000111011
10000001101010001101
01101001110000000011
11100100000000011001
00110101110100011001
10101101100111111001
00011101110011010001
10101010010111110101
10101110111010000111
01010101001011111110
00110101000111010011
00100110110000000111
00011101011011101111
11010000110110000100
11101100010111111111
00111111110110100011
00000011010110010111
00111001001101010111
00101010100000101111
11010001001010010000
01111001011000111100
11110101011011101011
11010011010110101011
00010111010101010000
10110010101000000110
00010101001000100110
11100001011111001010
01011101010000110011
10010111100000111101
10101100001010001011
00000100001000110101
11110000110101101111
01001010001011110100
11000011000100110011
11001001101101011011
01011110001111100010
10000101010100101110
00111010011000111100
11010101110101111010
10010101011011001011
10010001011001011110
00001011010010111011
10101000001101110001
10001101111001010100
10100001101101000000
01001110101011000011
10100111110011010011
00011000111000011001
00100011100110010011
00011110101011011100
11111001110111010011
01000000110111101010
00001011100001000100
01010010101111011110
11010001001001111110
01000010010010101110
01001011111101100000
11001010110101001010
11101101101110011010
10001010001110100000
00001110100000111000
01101011111011111110
10111101101110100110
00100101011100110001
11011111110101111011
10001011101010011101
01010000011110111111
10011111110111000010
00100110101010100101
01010101001110011110
11101010111100011010
01010111110011011000
11110100000101110101
10101101000101000010
10111100111001011111
01000100000111100000
10010100001011000101
00101011111010110111
00100001010011001000
10010011100111101011
01011010000010110010
10110011100001100101
11001110000110100101
01100000010000110001
01000111110111101101
00100110100110001001
11000100111011011010
00000110111001110111
00101001101101111100
11010111100100011101
11111010110110000110
01101111111010101011
10100010111111111001
00101101010001110100
01110100110000011101
00111000001000001010
10011111100111010010
11000111001110010100
10001001001111011000
10010001000110101111
10100100100101010001
10000010100010011110
00100001010111101010
10000101000010111001
11101111011101001011
00101001101000101101
10111101011011011111
10000100011111010111
10001101111110101101
01100000010101111111
10011010010010000000
01100001111000101101
01111001100010001011
10001001111011111001
00110010110000101011
11101100111111011011
10111011000001100111
00110000101000100011
11011010001110101011
11111111001100011100
11001011101100101010
10001010001000110001
11001011001010000101
11001110101111001011
01111101001111110010
11010100011000001001
00100100000100001010
11001001010000111000
11100011010110011101
11010101110101100111
10101001101001100100
00010000001000001101
10111110111110001001
11100101010110110001
11011101011111000001
11110011101110001010
10111110010110101001
11110010010011111000
01110011110000100010
01101001011010011100
01001111011101100001
10000010000101101101
10010000100110011000
10101101110110100010
00001011100010110111
01011110010001100101
00100011011001000111
11011110010011100101
11110101110101000101
00110001110011111010
01100111001110100111
01001100110010100011
00101011001001111110
00110010100000000001
10111000001111001011
11000111010111011011
00011100000111011001
11111001000101100010
11111101100010110111
00001000001110010001
10011111000001101010
11110001101001010000
10010011101000110010
11110111100111100010
10100010100101010110
11101101011011100011
00000000111110111001
10110000100111100101
00111110001111111110
11111010110100101101
11110010001001011101
11001111000010010010
10001011110111011011
11010000000010100011
11010110100100001001
11010100000010110100
01000101001011111000
11001011010110010010
01011111001110110011
00010000000100010111
11101111010110010100
01000001100001110000
01011111001100100011
11100100101111011001
00010001100001001001
11100101010101001111
10101001110110000101
00000000011011001011
10101000010101000111
10010110010101010011
11100111101011010000
00100011000011001101
10010111010011001001
10011100011101110011
11001110110110000100
00011101111001110000
01111101101101000011
01101011011100100010
10110011100100101010
01011011001011000110
00110110100101110100
11110111110000001101
10111101010110100001
01111100011000100101
11001101001010001011
11010010011101111101
11001110000000100111
11100000011111010110
00011001001100100011
01110111011010111000
11101111011100110000
01100101101001100100
10010101101011011000
11000110010111010100
01110001011111111000
01110000110010010100
00001111000000111101
01101111101001100111
01101011011110001011
10111111001010101001
00011101011110010101
00011111111000110001
11000000000001100101
10110001010111110100
11111011101000111110
11110100100000001000
11101101011011110101
11000100100111000000
00111100000001100111
10100101000010011000
11001111011111011001
00100110101111111100
00100001000111100100
01101011111011000001
00010010110111001100
00011001100111010001
00010110110101011101
00101111100011011101
00100100101101111010
00000111110100011000
00110111000100011100
00100010010110011010
00100001000100100011
00011000011010001011
01000000010100011010
01001000010000100010
11111011000001101000
00101010111000101011
01000111110101111001
10101101100001111101
01111010101001110010
00100100110100110100
01101001100011010001
00110111001001010011
11010100101010010111
11000110010110001010
00001100001100100010
00110110000111010011
11101111100111011010
10010111111000111100
01010111101111001110
01011111110000001111
01101110100111010100
11100101001100101110
00000101110100011010
10101000010101000011
11000011100010111011
10000001111111000110
10101110010101110000
10101011011100110001
10011001101011111010
00010110101111011011
00111010001011011011
01000110101111000101
10100011011111011010
11101101100110101001
01110001100101111010
10000010111111001011
00001010111001011101
00100011101011001111
11011101101110111010
10110001001110011011
11011000111110110010
10010110011111111000
01111111101011010110
11100111110101000011
11000001001010010010
11001011100101011110
11010101111110110110
10110110001101101101
00101111000100111100
00100011000001001001
01110000001101011000
01110000110011000000
01011000100101110101
11111011011110010100
10001111011101011000
01001010100101001111
01101110001011101011
01100010110010000100
00011110101000000010
00001110001001100001
11100100011001000101
10101110101001000100
10110000110110101100
10001000100101000010
00110111010110000001
10111111000100101001
00101010010000011100
11001110101010111011
11000000001011000010
10110101010000101110
00101011011110011111
10111000111001110100
01010111010011011011
11111100011110010001
00101110000110100000
01001000000000001110
01100111000101001010
00110001100011111000
00110000111010111100
00110110010000110010
10001110001111100011
00001110000101001001
00001001110110011010
11011000100010001111
10110001100000001001
10011101011001011110
01111011011101110001
00100110111010001010
11011101000001000010
10111101000100110110
01010101100010011100
00011100101101110111
10110111111000010101
10001010001011111010
10010100110011111001
01000010101110100001
10010111011000110011
10111001001000101100
01011011011000000000
10100000010100110110
10000111111000111001
00110001011111000111
00011010100000010101
11101110000110011000
11101110111100000101
01001111100010001111
00101101111101011001
11110010110011111110
10101010101111010100
01110011100110010111
10101000111100110110
10010000011000001100
10100001100100001010
01101010111111011011
01011110100010111011
00100011101011100100
00011011100111101101
10011100110101001100
10010000110101100001
00011001101010001000
11010000000010001011
01001011111000011110
00000100000110000010
00000101001000001000
01111111100111110000
11100001110111101100
01101110000001101000
11101101000001000111
00100001010100001001
01111100111101010011
11001001111100100010
00000100011011101101
11001100101101100101
00011011101010010110
00111000100100101001
01100111001111101010
01011011010101011001
11000010010011111111
11101001101110001111
01110101110001100010
10100010111000000001
11110110010101011011
01101111011110010100
11101101100000101101
00101110001001000111
01010110011100110000
11111001111100111100
11000111110101000101
10000100101110001011
00010001111101111100
00110110110011001111
00101000000110000100
11011000001000100100
01011001001000110110
11111010001101000100
10100001010110100010
00111010001110001111
10110000100111001101
00101010011101010111
11001000000011011010
00100001110011011110
01111101111001111011
10010010111111000100
11001011001010111010
00111100010110100011
00110010111000101011
00010011110100010001
00110000110000010001
10110011100000101001
01101101010101111101
10011010101100100111
11100010010100100000
11101000110110100101
00101011010010110100
10011001101001100001
00011001111111001011
00000101101100100000
01011101000101101100
10000000111001011010
10100001111011010010
10010111110010000000
10111001111111100101
10001010011110111101
10100100000000101011
00101101100011101011
01111011101111001100
00000100011100011010
00000100100101011011
01110111001001100010
01100001001000001000
10010110001101101010
10110000011111100001
10110010111110000110
11111001011100111010
01010011011001101001
01110101010110011001
01100100100111010111
11001001011011100010
00100100010111010110
10101011110100001001
01100111101110001101
11101001011010110111
01011000001001100010
10010100000011111101
10000011010000000101
11010001100010111110
01111111000001000110
00100100000101001010
10101111011111100101
11011110101011100111
10001000000001100011
11000111001001010010
01000011111000110000
00100110000010011001
01101011011110100001
11100100001011111110
01110011001001100010
01010000110110000010
11011000101111011001
00010111011100000001
01011111011010110101
10011101011101010101
11010001000001001011
10001111100110110100
00110111101001111011
01100011100000100111
10101101001001101000
10000101001011110001
11111000010010101000
10011000101011110111
01001110001000111001
11000011001001100101
01011001000110101101
11011100001011011111
10100100111110111000
11011111001110011100
01110110011010110001
10001010001010011101
10110000010101110100
01011010111011001000
00111010000011000011
11011110011001011101
00001101111111110011
10001011111001100110
10110110010010110111
10100111010101101111
11010111110101010010
10111101111100000011
00100010110101011000
00000110000010001110
10111000110100100011
10010010000100001001
00011011001001010101
01000010110010111111
10111010000010011101
00110011101010010110
01111001011110100011
11000011101011001001
00101101101001100100
01001000101001001111
01001011000100001010
11011000011011010010
11011110100101011001
11011101010100000000
00010010110001101011
10011011110100111111
10101011110101011000
10101011111111101100
10110100101111110011
10011011011111100100
10011010110000010001
10101010110001110100
00111101001100001101
00011001101001010101
01111010111011001110
01011000110101001000
01101000101100001101
01011001110111110001
11001110000101100011
01010011001110011010
01110111110001100101
10000011000011111101
00000010001110111001
01001111000011001101
11110010001000100000
11110000100110010010
11110110010100111111
00010111001110110011
11000111000100000110
01001011001011010011
00110110001111101100
01011011000001010010
10101100101010001000
00001101010100101111
01010010000000010100
10110111100000101010
10101100101101110110
11010010001100101001
10110100011011001010
00111110110100000001
10111000111110100000
00101101100001001111
10100000010010001110
01010100111000110001
11001011010011011001
10010110101010111010
01011011011000011000
00000100101010111000
00100011111001001010
10100110111010100111
10110101111110101011
10110110001011011111
10101101101010011101
01111110101000100100
10001010100000101001
00101111111111000101
10110000101110010111
10001011110100010100
11011001001001000100
01110001011110111010
10001011011100000001
00111000101001111000
11100110000011011101
01000101000000111011
00110100001111101011
00010111000011001001
01111001010000101111
01110110100111101111
11001110111010001101
01110000100001110000
00110001100110001000
10100110100000001101
11100110000101110000
00001101100101001010
11111111000111011010
01000011010111010011
11000111110100001011
11011110110001100000
11001010110010111011
10001100000011010101
00010010111000010011
01111010011100001011
11010110001111100001
00100101101111001001
11010111110011101111
00010111111001110100
01111101101010111101
11111000101111100010
11110001011111001100
00110110001011000001
10001010111011010110
01011101101101010010
10101101010010010110
11111001110101010111
10111001001011000110
11001111010000000110
10010110100111111101
00110101110011101101
01111110010000110000
10111001010100001000
10101111001110110000
10110000101101100000
00100110010100111110
11111110011100010001
01111000011101110110
00011000111100011111
01111100001010010100
00101001101101011111
01000010110001110100
01101011100010001001
01110000000001000100
11001001101011111110
10001010010100101001
11000000001110110000
10111010011111001011
11000000011001000100
00000010110111100001
11100110110001101010
11111100001001011100
10100110111110001010
00001111001110111110
01011000011110001011
11110111011110111000
10010100111111101110
10010011100101001001
01101100111010000011
01101100011010010110
00000101111110000010
01110000100101101110
01011001010000001011
00110000101100010011
00110001110100110100
00011100010010100000
00100111011110001111
01011001111111011011
00110100110010000100
00100101100001000011
00100010010010101000
10100011001010010000
11100101010010010101
00001110111010001110
11111111100110000011
10011011000000101000
00000001111000101011
01001101100011100000
10101011011001110111
01110101101001011101
01100110001010001100
01100001111011011010
01110001010001100000
00100110101000000000
11111101100011110100
01111101101011101011
01001101100010011100
10101100001000011110
11001001111000000110
11000010001110110100
01010100100101111101
11010110100001111011
11001111000001010101
01100111110001010101
01110100110111010100
11001101101010000101
10011101100110101001
01111001110000000100
00011001000001010001
10000011111100100011
11001110011111000110
10011001000001111001
10000001110111000100
11001000010010110001
00011001000001011110
10101111111110100000
00101010110110111000
11100011000010111000
10111011101010011011
11001000001110110011
00100110100000010010
00100010011011111010
00100110110001100010
00010001000001110011
01110011010000011111
10010111101101100000
01100101001111011011
01110111000010011100
10010100111001010001
11010110000101100111
01011001001110101111
00111010011110010001
00011111011100100110
00001101110010111100
10111010000100010100
10010010000010010001
00011010100110110010
10101100100101100010
00010010101110110001
11111101011010010001
01000011101110000011
01110001000001100011
01111010010111110011
10111010101001001101
00010111000110001110
00010010001001100011
01010010011010100010
00000000000101000100
00111010110010010011
01001001111101110010
11000101011111000011
11010110001000001001
00001100111000101011
01101010110011010101
01010000110011110000
01011010010101001110
10111111111100011011
01001100100100011111
00000001101001000001
10001101111111011111
01010010011110110000
10101100101010100010
00100011001111000000
10101001001111010010
11001000100010100000
01110111011011100101
00010111011110111111
11111100101001101010
01010000011001100111
10011001000101110011
01010001111101110111
00000111000101100001
11111110101110000110
00110010101100111001
11010011110111000010
10010110100010000111
10111010000110110110
10111100001111010010
10111110011101001111
11101001001100000100
01000101000110010011
11010110011011010111
10111111010000001001
01110101010001010101
01111001101000100101
11110000011010010001
01101001111000110010
01110001110110010110
00010000111101101101
11101111001001100011
01101010000000011101
10001111001010000010
00010011111000110011
00010111011101110111
00110011101010000100
11101101101100010001
10001111010110111011
11110011110001000110
00011010011000001110
11010011101000110101
00110111011011110000
01101100001101000110
11001000111001101101
10100010000001110111
00110111111000011010
10101100101100000110
01001000100111110101
10010001111101000101
01001010001010110011
01010111111101110100
00101011110001011110
11100111110011010000
11001111100111110010
10011001111010100011
00111010010000001101
10101100101110101111
10000011101000010101
10010100011110010010
11011111010010000001
10100000101001011111
11011110010101110111
11100010000110100110
00100000010001011011
10101000001101110110
01111100100001000000
10101110101000010101
00101111100110100001
00001101000011001000
01001100111001100111
01100101010110010101
10010100011000010101
00011001110110010010
01011000100111010011
11110000000111111100
01101010110001111001
01110011110101101001
11000000001110111100
00100101101010101100
11001110011011011010
10010100101010011100
11011101111000010111
00111100011101001010
01000000001111000111
00110101101100001000
01101010101101001011
11010010110001101010
00001101110100100111
10111011011000111011
01001011100011111000
01000011110101111010
00110010000000010100
00100000101100000000
11100111101100001011
11000000110001111101
11110010101100011010
00110011000001000011
01010101111010011010
01111011010100000001
00010001101001111011
11011011011001011100
11001010011101000000
10010111010011001011
10011001000101010111
11101111111011000011
01011111111111000011
01011000010100111001
10010010101000001010
11001001111100110000
10001110110100111001
00111010000001111110
11000000101000011110
00011000110111110101
00001101000000111011
01000010111101000101
00001110000000100101
01101010100011101000
10000010010101110110
11011100101100110101
01010101101001100100
10010101000001101100
01000101111001011010
10011000101001001010
01010100011011011100
01010010111100110010
11001010001000100100
01111001100001100111
10100010011011100101
00000000011010100011
10110100001101001110
01100100000011010100
10010010001001110111
10001100100010011011
10100111010001011110
01001110001001001011
11100101000100010100
01111001101110110110
11110010011111111011
10101101011011111111
10010011101011000101
10111111101110010011
10001111000110100011
00010011000111011100
11011110000001100111
11000011001010101010
01101010010011110010
10011000001101011100
10100010000111011011
00011010110100110110
01100010010111100001
10001000010100000001
11010111100111111000
00000100001111111101
11111101111101001100
00000011000011101101
00001110101101011001
10101100001100111110
10100110100111011111
01101011110111010001
00000001010001111010
10111010000000110011
00011001101110010010
11001111010110110011
00000011001000010110
11100111110100000010
00011111111000000101
01111010001001010100
11100110111001010100
00001101110001001100
10010000100111101000
01100111001010100000
01010111001100100010
10101101101011001010
10001000011000011010
10110110010111100000
10100100001111000000
01010001101011100101
00001101100011010011
10101101001011010010
00101111001000111111
01100010111000111101
01010001001100000001
00001111110101011111
10100111001110101101
11001111101011010100
01011110010000010010
11100010101001110111
11111111001000100111
11000000000101111011
01010010001111000100
01111010100100110010
10111100110000100010
10000111001010001110
00100111100100101101
01101010101000000101
11010001101011011100
10011011110001100110
01101111101110010111
00101011100000101001
00000111010111110101
00011000110011000011
01111011101101111101
01010011100000010110
11000110100011011100
01110011110010001100
01001000100011001101
11011110000001011011
01010001001010110111
10100001011000110101
00101011111101001100
11000010011000011111
00110011011110010101
10111111011000100111
00010000010110110010
00000011010100101111
10000010001100011010
10101111010101101111
11111110110000000011
11001101000000011110
01100100001101010011
01101110101100000001
01101101100001010101
10011101101101101010
11110100101000110101
01101011010111010011
10011100100000001101
11111001110001010110
11110111110101010100
01000010100011000011
11101011101001110000
00111011011000000100
11010011100111100101
01001011010011100010
00001010011100100111
10110101100000101111
00110110101011101101
11010101011001001101
01000111000011000100
00000011111110010110
01111010000011101010
10000111000100100001
00110110001010000100
10101111101111101001
00101010011000011010
00100000001010000100
01000110101010111010
01010110101100000111
00001001111000101000
01011111100100111110
01101000111110000111
01101001001001101001
01101011000101000000
11001001101011111000
01011111000001001111
10000010101011100110
01111100011111110100
01010010100010101001
00111010111111011001
00110001011000101100
10000111101111100100
10010100001010011111
01011101111000111000
11001010010000100011
00110110011110010000
01110000110011111100
01001011001000101010
10101100001111011010
00101110111111000111
10011110111010111011
00011000011101100111
01001000000011010110
10000010011000101000
01011001010001111010
11001100101000011101
01110101111111100100
11100001111000111100
00110100011010010000
00100101100000010000
00000101010100110000
10101000100011000001
11101001110111101000
01010101000101010001
00000101000111010100
01100011001100101100
00100111011100011001
01011101000000000010
01111111101100110100
00100101011101000100
00101000101101000101
00111100110110000011
11011001111011100111
00011110011111001100
10110011010100010110
10000101101001111001
00101101001010000000
01001010111101101001
11010010000100100101
10110100100100001101
00000001000110110010
10000000111100011100
10010101110001000111
10011110100101010010
10011110000111100010
00000011101110001101
10000010001110011110
10110110000001011101
10110010011010001111
01111111111101001101
11001111011100001101
01101111100001111100
00101111000111110111
10111100100010101110
00011101001110011110
11000101000101111010
01111111110110010100
00111001110101011111
11111001000011011111
10000001011110100001
10100101101001100010
11100110101000000010
10100001001111101100
11111111011010011110
10101111011010010101
01001111100001101011
11001011001011010000
01111100000011010001
11100011001110101010
11000010010011011001
00110111100111000010
00111001001001101110
00011101111000000010
01111001101101110000
11101011111001111101
00010001001010011101
01011010000100111111
11010101101001011101
00100010101101010111
01101011110010001101
01000111110010011110
00001011000101101001
01111101011111010000
00001100010011101100
11000010011011101000
11010000000011110001
10010100010100011000
10010111110111010010
10000111011011111100
10011000101100001100
11111110011011110110
11001001011100101010
11010111011011011000
10111001011101100001
01101001010100100100
10011110101110101010
01111100010000110000
01000010001010010010
01110111001111011011
10000110011100010001
11111000101010010100
10001101110101110110
00010000000011001000
00011110100101001111
01111000000100100101
11000101000011110100
11100111100010010110
10111101010001100101
00001000100100110011
10101011000111010100
11010110110001001000
10010001100000111101
00011010010111001010
01111110000110000011
10101111001100100110
01001011101001101010
11111001101001010011
10010100100110010000
11101101111100100101
11101010111000110011
10101011010010000110
00001111111101101011
01111000011100011001
10101011000001001001
01111000111101110000
01011100111111101100
11010111000000011111
10111011111010000010
01011010011101001001
01000110001010011001
01010100000111111111
11100010100000100010
01101110000100110101
10011101111101101010
01010000110011111001
10101010111011011110
10110101111001000101
00001101110110111010
01000111110010000110
00010010010001101100
10101010010000010110
01111110110001111001
00111111011110010010
01110001100001001000
01010100111101101010
00101001000000000100
11000100010010101101
01000110110011101010
10010101111001011001
01110111010010110100
10110101111001011101
11011101101100111100
00110110101100010110
00101100000100100101
11101100100110011110
10001000000101000110
10011000110011100001
01110000000101011000
11111001101001100001
10111110111001111101
11110101111001001001
00011101101101011101
10010001100100011100
00111001110000100000
10110010001000101001
10011101011100110101
10111111110100011111
11001100011110010110
10011100111000110111
10000100100101011001
00110010101110101101
01010011011001001010
01010011111110111010
01000111110101101111
00111001101000111010
11000100011001011101
01000010100111000100
00100100101000000000
11111111011110101010
10000101010111110001
01001101001000011100
01100000001110001110
00110100010110100111
01000110100110010100
00010011001000001100
10100001001000100110
11100010010011001101
01101000010011011010
11100101100001101010
00011001010001000010
01101101000001011101
10001111001001011110
01111101001000011010
01010101001111111000
11100110000000110010
11000110110101101001
01110011100101101011
01010010101001000101
10110100100000110000
00111110111001111101
10000111111011011000
11110001101010111001
11011111110101101111
00011010100111111101
00110100000010111011
11101010101011000111
00011000001011011010
10100001000100110010
01100000111001001011
00011101100011010101
00111101110100011100
11101011101001100000
11101101110000001010
11000100011011000101
01101001001100111011
10010110110111000101
01001101010101010100
11011101100010001110
00101011101010010110
10100110110001011000
11010100110000100001
00111001000100110000
01101110001110111010
11010011010100001001
10000001110011110111
01011101001000111101
00110000111000001100
10001110011100101110
01101011100010011111
00100110101011001011
01000100000000111101
00111010100100100101
01111110001110111110
11110110110110000110
00010001000001101101
00110010100111000110
00000101001011000010
11010110100111101100
01101011011011000101
01011000001111110010
11101100001001011001
00111101000101001001
01111101110100011100
00101001000010000111
10111110010110010001
00000011101001000011
11110001110000010000
11111000101000010001
00100111110100011010
00010100010000001100
10110010110011011001
00001110111010000000
11100011010011111011
11110101101000001110
11001111000010111011
00010100011000011101
10111100001110001010
00101001000001010000
10000110010101100011
11001100011110011101
00011010000100001110
00000100001001011010
11110101000101110000
00111011000000001111
00110001111010111001
11000001011000101011
01010100000111100010
11001100001001000110
10100010111000011001
01100100001111110100
00101111101001101101
00001000010011100011
00001110111101111011
11001110011011001101
11101100001111001110
00110011110011110000
10000011001110100110
01010100000000101101
10010000010101101111
11000101000101100000
01110110100011001101
01101000111011001111
01101010100101001011
11001011110100001000
00110011100011111111
00100101000111011001
00101011101010001101
11110000111011111101
10000010100000100010
10101101111000010100
11001001110101000000
01000100110001111001
10101100000111001101
11011111101011100100
01100100000001011101
00111111100100001010
10000110010100101111
01100101111110100100
10100011010001110001
11101001011111010101
10111100010110111011
10000001110001011110
10011111101101101110
11111111001101101100
01100100110001001001
10010110000011100110
00101010101110101000
01110100100001011000
10010110110111100001
11010000000101000100
10001000110010111111
11101000110111101001
10000111110100111100
10000100110011111010
00100110011000011010
10111110111001110011
11101000000111100010
01110000111000110000
11001000000011000010
10011101010001001100
11000001100001010111
10111100000110111110
01101100111011111011
11100100011111100111
01011110110101110000
01001010000111010000
01000001100101000111
11100011100001111010
11101010110010010110
10010110001010110011
00000010101011000110
11000001001100100011
10000111101010010001
11111110001011100010
11001011111101100000
00011111101010101010
10101101011010000001
00001011101011101110
01001110000001001111
10111001011101010111
11101100000111111010
00101011100111010111
01000101110101111001
10101001011110010001
11100100101000101111
01011101100000000101
10010101010001100100
11100100110000101110
10011000101101101001
01000001110011000110
00000011001010110101
10010001111100010011
01111010000111100000
10111111111110000111
11110010001101001001
00110001000110000100
01011011100101101000
10000111010000011010
01100101110011101110
10101001111000100001
11000100100110010000
11100010011001010010
00100110011010101010
01000011011000111111
11011101011000011111
01000110001100011001
11110101110100111101
00001010000010011011
