20 2047
11110101000011110001
00011100100000100011
00100111010011000101
11001001100001000011
00010101111000110110
11111001010000010101
10001010110000100110
10011101110000001110
11001011000010110011
01100101111111101001
11000000101011001001
11011110011001101100
10000101001011100011
10101010000110111010
01011111100111010011
01111001101101110010
01110001101110110101
10111001000111101000
01010000101100011100
00100001001001110110
10010010000000011001
10101000101100101100
01101000011101101000
11111000111001001000
01010100010111111101
10101101011001011011
01010110000111010010
00100001000111001101
01001000001000001110
01010011001000011111
11111110011001111110
10011101100011100001
00100010001000000100
01111011010100001101
10100011100101100111
10111111111011101011
10000011101100111110
00011000011110001101
00101010001101011101
10101010000110000110
00000000011110111110
10010010011011010010
00101100100001110000
10001110110011010111
00000101001101010101
11110001011111000011
10010010011000000011
11110011100000110101
11001000111110001101
10110001011100111101
10110000001101011000
11010011010000110110
00000101011011001111
11010111010110001001
00011010101000101010
01100111110111001110
00011100111100011010
11111011011100011001
00100001110001100111
01111110110100001101
00011100110000101010
11011101001111111010
01100000000011100011
11111000110000000011
11011111010010011011
11011001100110111101
00111101000000101000
00100000001111110101
11011100110011110100
01001000111001110111
10011011000111001000
01001010111101011100
10010011000111010111
00010011010001110011
10101011100101100011
00010110010001011110
11110110010100110010
00001100010100111101
00010111011101111001
11100001000000001111
10010001001001101110
10000100010011101010
11111100011001110100
11101100011110111010
01111111101000011100
00110010011000011110
01000110000100100011
10110101100000000011
11001010111111101100
00011101101000001101
11001110001000101101
01011000000010000011
11111110100011000000
00110110010101111101
11101110000010011001
01010001110110011000
01101110101111110000
11100010110011111001
11101000011100011101
11101011101010101011
01000101101111100011
01011101010111011000
10111001001110100101
10010010101011111010
00111111010000001010
00011100111111100010
01101111011011000101
11101110100010011000
00010010100110100101
00000111111101010101
10111010100101110101
01011001001101100010
11000100110100111000
00010110101100000011
10101100011100100100
11101011110010101000
01100011001000111110
00011010101110011100
10101111111010010010
11111000011000001010
00111010000000110001
11111011010011101111
01001001111010010100
10010000011100100000
10010001001001001010
10010110010011010101
01100010001001101001
00110000011010101000
11000101110000011011
01111100111010000111
10011001111010000011
00011100001001010011
00111010010110101101
11101111101110010110
11110010110110110010
10101101001000010101
10000111100010100000
01100001001011001000
00101010111100110111
10101101100111011100
01100011110101110010
00000111100011100001
10101110110010001100
00011111011101110110
10000100000001011010
01000001110111011110
00110101110011001101
01100111100010101011
10011101100101101001
11010111100010011110
00111111101001110101
10101101000000010111
10010010111001101110
01001101001110111011
11001000010011000111
01001000101111101011
01000111111010101111
11101110111110011101
10111101111110011010
00001100011100110010
01000001001011010000
01000011011011001010
00101100110000001000
00010100110111110000
00110100101101100100
10011000110110110001
11111001101010000001
11010110011001000101
11101110011010101111
01000001010111000010
01110100101110111010
00011101001100011101
01101010010000100101
11011110111110101100
01010110111101000000
01001101110111100110
00001000110000011011
10100000000000110000
01011001100010110101
01011011101010000001
01111001111010001101
01100001010011000001
00001110100101110111
10110101100110101101
10010001100010111111
10000001001100110010
11000001110111000110
00011100001011101011
11000010111101010111
01100100100111101100
01001101011100010100
11010110100100111101
00111110010010011001
10010010111100101000
10001011010100101011
11101010110010001110
11001011011101010011
11111110001100011100
00101111111100011110
10111001100110110000
11011100110011101101
10101110010011000100
00011111000010001111
00100000110011100101
00110100011001010010
00001001001000101101
11101001110101001110
01010100110101110001
00010011100110110000
11000011110001011011
10101000000110100111
10110101111101101010
00010000111011110110
11000111001100100011
00100100110101000111
01010111011110001111
11110111110110111001
01010100111011101011
00110011000011001001
10111011001111000001
11000011000101010100
11011001110001010111
00011110111001000000
10111010011010010101
11000001001000001101
01101110101110111001
10110010001101010110
10110011000111101110
00001001100001000011
00111000110110101010
00010001111100101101
01001001000011110010
10111000111111000110
01000101000000010001
01110111011000010110
11100110110001000100
10011110000110000110
01010100110110010111
10111101101011101000
01100010000100110011
01100011010100001111
10100011111010101001
01110111010000001110
01100011010000001010
01010000110001001101
10111101010010101101
01110101111000010100
00000100111111101010
10001011011100000111
11100000000101010111
11101001101100001100
10101111011110001110
10110101101001101010
00110000001000010111
00110010001001100001
00101101010010010011
00101101001100100111
10100101010010010111
11000011010100011100
11111001010100000000
11101100010101101011
10000000101010010000
01000010010110001001
00000001110101001110
00000010111011110110
10001010000100111111
01111011111110100110
00110111110100010000
00111100011110110110
10110100001000000111
11010011010001110110
11010001100110101110
00110000001110101101
11011010000101100001
01001010100101000011
10000001011110111011
11010111101011100100
01011110011011010001
00110011110111011000
00001001110011100011
01010110000001011110
11101111111001110110
01111010101001001100
01110010111011101000
01011110010011001000
11111001111011100011
00110101101110101010
11100110001000000111
01100111100011000011
01110011001101010111
00101000111001010010
00101000100001011001
10010110000011111010
00000011111111100101
00111100111100101101
01100001011001010000
10001100000000100100
01101111101001101101
10100000001101000000
01110011001010101001
01010011010001101001
01100110101100110011
01100010000101111100
10111101010111011100
00111011110011011101
00111001111001101101
00000111111111110011
01001111010101100001
00011111110100111010
01011001111000100000
01100110100100111111
01001011100111101101
11101010010100001010
11101110101110101001
01101110110101011010
01000010000010110100
11100110100100111101
10111001110111000101
00010101001100100101
11000101000000100101
10010111000000010101
11011000100011010010
10011111010111110111
11100110000011011111
00010110110110100001
11101111010001011000
10011110100001110001
10011010100000001011
10101011100011101110
01101001111010101010
00001000011111101011
01100111100101100010
01110001100011111101
01101111000000001001
10011001001110111001
01100000011100111101
00011100111000110001
01100101110111001100
11100001001001010101
00001110111100011111
11011100010010111110
11010010011110111111
10000011100111100111
10001000110101000011
00110001111111000111
01101100000100110010
00100100001010111000
00001011011011110010
10110101101101000010
01011100111110101001
11010110111000110110
11000101101000100110
10101010000110000000
10010110111001011101
01100100100100010000
11111001010011101100
10101100011100000110
01110010101110000001
01101100111100011100
11111101100101010001
11010100111101000010
11000000101111011100
10111011011010011101
10010100101011000001
10101010111001101111
11000100000110101000
00101011001110011110
10101100110001101001
00001001100101100101
10001000111110100001
11111001101110011111
01001100010000110010
01110011000001001011
00100111101000101111
11110011000001001000
00011011111101011100
10101110010101100100
11010010100111101011
01011001011111010001
01011111101111010100
01010110010011101000
01010000101110010111
10000100101101000000
10001111001000110011
00010101111011001011
10101001110000101110
01100110101010101101
00011101101110001100
01010100110010010111
00011001101010111000
11010110101101000001
01111010011011010100
10010110110011101110
01110010000001010100
00111100000000100001
00110000011011010011
11010000111101010100
01001000001101000110
11011011111110100011
11111100111100111110
00001110111110110111
10010001000011101101
00010111111011100001
11000110011100010110
11011010000100010100
10011100011000001111
00110001100100001000
00001010000000110011
10010011111000010001
00111010000110110000
10000011010001011001
11111010101010111100
00001011001111101101
01011111001110101100
01100010100000000001
00000110101011000010
11111000101011000101
00101101010001110001
11001100001111110110
00010000101100011110
11110110000001110000
11000100111110100000
00111111100110010111
01000000001100010111
10001111101101010001
10011111100101110111
11000001100010010100
11001000010100100101
01010100100001011010
10111110100000010000
10001110110010111101
11111100111100010111
11111111000110011111
10000001110101001010
10110101111001100110
11110000001001010001
00010110000110111011
00111001100010010011
10101001010111001110
10000010100011010100
01010000101111010110
11000101010001111111
11100110110111000101
01010010110110101110
11111100001001100101
11111011001001110011
01110011110110000101
10100111001110001111
00111001000010000101
11010011000100010000
00111110000101111110
10101110111101111011
01010100010101001000
01111011111011111110
00101101001001100101
01100001100010010000
10011011111111011111
11100110111000110101
10011001010010000001
00100111111101101101
00100000110001101100
11011111100100001011
01110011011011001101
10101110001011100001
01010100101100111010
11101101000000111010
10100010010110100100
10111110000001011110
01011000010000001000
11110101110011001110
11000101111100010001
01110100100100111010
00000001011000100110
01110011101101001011
00110001100100100000
10001110011100101111
10011111010001010011
01111101110100100010
01100100000011010111
01111000101111111111
00000011101100111111
01111010000000110100
00111100101100010010
00011001000001010000
00101010011000010111
01001111010101111011
11001010000111011001
01010101101001001101
01000111110011001001
00101001100000001101
00000110110010101011
01101111111001011001
11101000100010011101
01011010110011001110
01000100101000000111
10111110100011101100
10101001110010111100
10110010101000001001
00011101001000001100
00001001011111100111
00000100111010011101
00000000011010011001
00110010010101101111
01001111001100001111
00000101001101100101
11111001000000010100
11000010000110000111
11110010010001100100
10010111100111111010
00100000110110011011
10111100001110011110
00000011010010110001
11010110101110101010
11010100000010111010
01111111110110100100
10001000110000011011
00100101001010111011
11001111010101110000
11101010011101101000
00010110110010110111
01010111100110110111
01000111110000101101
10010000111001101010
11100000111111101010
11011110110110001111
10110111110010111110
10100011111000010100
01100010110010100011
00111010000111001111
11011011101111110111
10100000100000111001
10100101110011101101
11110000001110010100
11010101101010010000
00001100000011010111
11100010011011111011
01110010110110011100
01011001011111110100
01000001011110000110
00000111111001101100
00101110001110110111
11011100001011100001
10100010101100111000
11000111100001100110
11001011001110111110
11110110001010010110
00101101001110111101
00011011001000100011
10000111011110000001
10000111001111010010
11001110110000100010
00010010010010010111
11100001111011011111
00011000110110001100
01111011010100111110
00000101011110111001
01111101011011000000
01011010111100110100
00110101100001000011
11100010011101001010
11010010100010101100
00100100100011011010
11111001100101101011
11010010001000111000
00111010001110100110
01110000111100111101
01110100111110100100
10010001000011010110
10111110011111100111
01000100110111011111
01000001000011100111
01001000111111011000
00011011011000011011
11000111010010000110
10100001011110101111
00100000101101001100
01110010000111001010
11110001000100110110
11110011001000010110
01011101010110010011
10010100100010100011
00100110110100000001
01000001000010011011
00111000110100111101
10001110101111010010
01100000110101011110
01100000110000001001
01000101100110110100
00110011010010010000
01111110110000010010
10001100001111101001
11100110010010100011
11010111110111001000
00110101101010000110
11110011011110010010
01100001000001000010
10111011000001100010
11010110010001100110
10101111011110100110
01001111001100101100
10000110110110011000
01100101111111110011
01100001000011001101
01110110100110010100
01101111001011000001
11010000111110111111
11001011101011010001
11001101101110011110
01000100011000100011
10101101100000110000
11100100000100100101
00110010000010000101
01101001011110100011
01000000111000000011
00000100111011001010
10100000100111011100
00101000101001111010
11011100101111010100
11000111100111101100
11101000110110011001
00010011001111000100
10001001110100111101
01100010000111010001
01110001001100001111
10101001010101100110
11100000000101001101
11100101011010000100
10111001111000011101
11110100001101110110
10011011100000000010
10110000010010000000
00100011011110000110
10100011110100011001
11100000000011100110
11110011011101100110
01011110111100001000
01110010101101001010
00000000010101011110
00011001101000010110
00100110101110010001
01100010111000000000
00010000001111111011
10110110110111011001
00011011100100110010
10010011111100000000
10011010101011000000
11000001010101011100
00110011010101111101
01101111001001111111
11111011110001110101
11000100111111000100
11110010001000110011
00101001100000000111
01110000011101000001
01011001011001100001
01011100001110111101
10110011011010110111
10011001001001000011
10101011111110001100
11100011000111000110
00000100001101010110
11001101001010110111
11111011000110100010
10110001001001101101
10111111111111101111
00001100011011011010
00000100101100000001
01011101111111000101
00001000100000001110
11011001110010111001
10100100000010000011
00110111000110100100
01110111100011011010
11001001111100111110
10101000110001101001
00001010000101000000
00101001001011110001
01100000010101110101
10100010101110100100
00100010110100110110
10010010000110001101
11001100001000110101
10111001000111111110
10011110110101001001
11101111110110011110
01001001100010100100
01010000011100110010
01010110111110100100
01100011110001001110
10001011111101111101
00100001110101001010
11000100000110100010
10011001100010111010
01000101000110100101
00011101011010101000
10111000111101000101
10001111001001010000
00010010001001110100
11001110011010110100
00111001000010101010
10101010111101001100
01010101110101000100
00001100111100000111
00011100111011110011
00101001110011100100
00110111001000000101
01111111101100101110
10001100011011100101
11001000111111001010
10011110000001001100
10000100011000110011
01010110100100011001
00101011101100000101
11111011010100000001
11001000111000011110
10000010101100001011
00011000110011101000
01000100110101100010
10100111101010000110
11110000001111000110
01000010111011011110
10100110111011010000
10011101011101101001
01011111010010011100
11111011100011101101
00010011000011110101
01000000001001000011
10100111001101011000
00010011100101110100
11110100001010110111
01111011101010101111
01011101010101110001
01001001000000111011
11110110111111111000
10001011111000110101
11001111111111110111
10101100110011000101
01001000010111100000
11010101100111110011
01011010100110001100
10101111101111000111
11100001101111011001
11111110110010001010
10101000100010010011
11100111111110111101
11100110001101101010
11111100110100101010
01001011010010111100
11100101000010010100
11011000011000010011
11001011110001110001
00101110001110110010
01111110110110001001
01010010100110001010
11010111101110001101
11101000010001101010
00101000010100100001
00001101001110100101
00001010001011101101
01111100011011000001
11110011010010111101
11011001000001010011
11100110001111110000
01010100100011100101
01100101100010011101
10111101011101001100
01000010110111011001
00001101101000111111
10001010011110110111
00110001101101011011
11100100001100011111
10101110011000010010
11101011110101100000
00011111001010100000
01110101000100100101
11000000111000100111
10110001110010011000
00101111100000011001
00100010100001111010
10110011000010111111
11101101111010001000
11010110101101110110
10011000010001110011
11001001000001000101
11000011000101110000
11101010010100111110
00100011111001111110
00100000011001001001
00111110111100100101
10110100110101011110
10100010100010101000
01011001000010000011
11010011011010101010
01111100011110000001
00010111100101110101
00011010010011100100
10011000001011001010
01001100110010100100
10101110011011011100
11000110000101010010
00001111100000110110
11001010011110010011
11000010111010000011
00011101101011010100
00010101011100001100
10110100101101111010
11101101110101000111
10100011010101110001
01001101001110110100
11010010000100101010
11011111100011111100
10100100001100110000
00110011110111011111
01100011010111100000
10010000000100010001
10110001100011110000
01011111011010010110
01110000001101111100
01111100110010000110
10010010101000111100
01110011111100011001
11001011111110001100
10101001111111101010
11010110011100100111
00001101110001100001
00110000010101010011
10100101111001001001
10010000010100110100
01101000111011010111
11110000011111100010
01101010010111101101
11101010001001111100
10110111010110101110
11000011111101000010
11001100010110111001
11010110100111110110
11111001101110000011
11101111011111110110
00011111110000110111
00101110111010110000
10010101110000101010
11010000011000111000
00111000101100011101
11011010110101100100
00001110110101001111
00100001010110001111
01111010001011111100
10100001101101011010
10110101100111110001
00010011101001100110
01101010000110110101
10011001001010010110
00100110000001111001
01101101101101111000
00001001100101000010
00011001001111001010
00100100100000001110
00111111100100010101
10000011001010011100
01110011000011010011
01001000100011010100
01101010011000111011
00100101001001010101
10001001000101110110
01101010111010010011
11000010101010100011
01001000111100000111
01001101110000010001
10111100111100001111
00101010000011101111
10111001110000010011
11101111110101111100
10100101000100011110
00100011011001001110
10110111100101111110
11110110101000100101
10110111100001010111
01010111100111111101
11100110011100000001
10010010111011100111
00100111110011111110
11110001010011001001
01010000110001101001
10010100110100011001
01010010001100100011
01101001010010111101
00011100101001001001
10010101001001100111
10011100101101101011
10111100110001110111
10010111110111000101
01001110101010000100
11110101101101111010
00100110101110000100
11100011000110110110
11010101010001101011
11010000101111100110
00010100010001011000
01100111001001111001
01101010111110100111
10111000011011110100
01001010111110111010
01110111000010100101
00011101110111100001
10010100111010001001
01101101001011001010
11110100101100001101
00000100010011100001
01111110001101011111
11011101000011001010
01110111010011111110
11100111100111101101
01010010110101010010
11011101101000100010
11010001100110100000
11011100001100110110
01111100110111010010
00000111010111010011
11000010000101100101
11011000100001100001
11100001000111100111
11011000011101010111
00001110110011011110
10000101110011010011
01001101101000100000
11100100110101100100
11011000010000001001
11101100110101100010
11100100110110011100
11000110010000011101
11001100100111011110
10110101001011100110
00100010100101000001
00100011010000111001
10111111101110101110
01101000000110110000
00100000011111101110
01001000110100000000
01110000100100000011
00000010110101110011
10000110010011001000
11100100110000110011
01001111111010111110
11010100011010001000
00101000011001110111
10101110100000111110
01100001000011001100
01011011101110101010
11000100010000011001
11101101100110101110
01101111111110000110
00010111101001111000
00001110101100111011
01010110111110001100
01101010001111110110
11000000111010111111
11100100001001100101
01110000110100011010
11000011011010010011
11101111010100010111
01111001010110011001
01000000111101001110
00001011100011100011
11000000001011101000
11111100000111100100
01010001011010001011
01001101001010100000
00111000111010000000
11110010001000010101
00010011110000101001
10111000001100111111
11111000100110001010
10100100110000000101
00011011101101011100
00110000000000000001
11001100011100001000
00000001110110110100
11011100011001000111
00010001001011100101
10111100010101111001
11111111100100011110
11100010110000001111
00000101011011100010
01010001001000100111
00111001000111000011
10100001111110010101
10011110111011010100
10111100010011110100
00001100001000011010
10101100001100000000
00111001011001111100
01101111110011110110
10110101001100110101
00000110011000011010
11110111000010110111
10110011110110100110
00000101101010110110
10110001001000101000
00000011111010100011
10010101111001111011
00111011101001010101
11111101100011001111
00010100101011001111
10111101000111110111
01110100010011010001
11101010000011101101
11101101110100000010
10011010010000100111
10101110111010010001
00001001100001101001
10010110000100110100
01000011100111001101
11110110001100100010
01011110101111000011
00011110010000101100
01101010011000111110
10111010000001100001
11110110101011100110
10110100110100101000
00011001011011111010
01010111011011100110
11001000110011101100
10101011010101010100
00001100101011010100
01011111011110110100
01110011110000010001
10111101000111010110
01100110010101111001
01000100010101010101
10100000001011001110
01000010100010010000
10011101001111111010
00001001000001110011
10000111000011100010
01100000011000010110
00110110111001100110
01110011101001100001
11000010001001111000
01001100101011110000
11010000110101110101
00100000111111000010
00000101111001111111
01010010000100000011
01100111010100001011
01000001010110001100
00100010101000110000
11111010000011110011
11110010001001101100
11101011011111011101
00111110000101110101
11011001111001101111
01110011100011000110
01010100111101010011
01010110111000010111
00001010001001001001
01110100000010111000
11111000001001000101
10010010011100001100
10111100001101001010
01010001010001011101
00011100011000010101
11100100011001010001
11110100101010011100
10000111111110010000
11011101001000000111
10100001011111111111
00011011000000001101
00110000001010011001
11011001111111010011
10000011000010110010
10110000111000000011
11100101010011010110
11010100010010010100
11011100101101011010
10110001010011011111
00011010000100010101
00000010010000000011
00101011101000010001
10100101100000101111
00010100100100110101
10101011001011101001
00010110001110011010
01011100001101100101
01000010110101100000
01101100010111101000
11111101010101100011
11101010100110100001
11010000011101001110
01101111110000011110
01111100111101011110
10110010010101110111
00011010100000110011
10011110001111100110
01100100001001010001
01010000110101100001
10001011001000010101
00011110101001011000
01100111110110100101
00001011000001011011
11011001100011101100
01010001110101010111
11101011110000100100
00111000001000100101
01100010010010000010
10111001100010101101
11010110101101101001
00100101100001110001
01110000010000010101
01101111100101111111
11001100110001110011
11111101011010111010
01011001001111100100
01000111011001011010
11011110101101010000
00010010011010111101
00011011001010110100
11111010111110111100
01010101001111001001
00010010100001011101
01011100110101000001
01100100011000001101
10011011110111100110
10101111001011101110
11100000111001011101
00111100111000000000
10111011011100100100
01100111001000111110
00100110110011000001
11101001111001100011
00011101001000000000
01010111101011110101
00110100101000000110
10001010001110011001
00111110110111101000
00111101011000001110
00010000100010001110
10001001111101111000
11011101100001000000
10110100101011011111
00000111000000001001
11011100101010110111
01010110101001110010
00101111010000101000
01001100011100111100
11111000101001011100
10000011011000010001
11010100110100110111
00111011001000110010
00100001100010010011
10111010101111000010
11111110100101010011
01011101111110101010
01011001000001111101
01001001010011100110
01010110110011110011
00110100100011101000
01010111110111010010
10101011111111010101
00000000111010000100
01101100101101110011
11101101011100001111
10011101101100111001
11110100110101110100
11010011101010110001
00111001010011101101
11101101010000000000
11101111100111111011
11111001001001111110
11110011011101010100
10011000001010110100
11101111100110111110
00101000011011010111
01011010001111000000
00111110111001110101
00000111100000001111
10110000110110100100
00011000111100001101
00010101011011100110
01100001011010000101
00010101110011000101
01011111111011110010
01001110001001000010
01100110010101000100
11000010100100100110
11110100001011000111
00101101101001101010
11010101000001011110
10111101010110100001
01101011101011101000
00011101111101011001
10011101001010100110
01100001001001100010
00010011001110100011
10010100100011101010
10101100111010001000
00000111010101011001
11010111101011001100
11001110010100100011
00011110101111101001
11011101101111000101
11011000011110100000
01010110001011000100
10010001000000001111
11110111001100100000
10100100110011100110
10010001110111010000
10101000001011100100
00110101001110110111
10011010010100000011
11111010011010101110
00110010110010111011
01001011110101100110
00110010100000001110
11011111100001001100
11000101100110001100
01111010110001011110
01110111111110100001
11110010010101111000
01001111001000000010
00100101011000101011
01000000000100100011
00100101010010101101
11111111100111011011
10000011000100011110
01110101111100000111
11000000100010110111
11101110000111000001
11111110101011110111
00100000101010010110
01101110111011010101
11101010100111110100
11101000001001101111
00011111000000100011
10100110110111011101
10000100110000110000
11110001101001011001
00011000111010110110
10101011101110111111
00011000110110010000
00100110101000111010
01000001101101011000
10110011111101001100
11000000110101101011
11110100100110001101
01011011001111111101
01101110111100011100
00000101101001111001
01111100011011011110
10001000010010010000
00100000000100101100
00001100001010111110
00111000101110110100
00100000111011010010
00000110001100101011
01011101100110100111
10000000000100110110
10111011001000010111
01000001001111010010
11010000110110100110
11011010011001001011
00001110101010100111
11110100111010011010
01100010111110110000
01011110001001010001
01011100011000011011
10101011011111000000
01011010101100011010
10100111100111001000
01111101010100011011
00111111010010101001
00100011101000111011
11010011101110111100
00011111001011110101
01100000000011100111
01111000001101111111
01100111110000110111
01010101011000010000
00000011000010100100
10100111010101111001
11111010101110100000
00110110101101001101
10010111001100011110
00001000010010111101
00101111001000010100
01100000001111100011
11011010110111101110
11100000101011110111
10001001000001011010
00100110000111100100
01100011111100110100
00000011100010100000
01101011000101101111
00001100011010000000
01100111100111110100
11011111001011100011
00110100011101111001
11101100010111111001
11010011100001011111
11101110110101010100
10000000011110001000
11101001110001110110
11010111111000010101
01100110110100101000
00100011000111011011
11010111000000100010
00001000000110000011
00100001100011101001
11000000011010010110
10001011000100001110
01110100100111110110
10011010011000011000
01100110100101110001
00001100101101010111
00111000100111000001
10010100110100110010
11110110010111011001
10010110101100111110
11000100110000010111
00010101011110111100
01100000101011001111
00100001111101100011
11100010011111011011
00110100111001111011
11110001011001011110
00011100011100110111
10001011001101111111
11100010010110001100
01100100001010111101
01110100101111010111
00110001010001111010
01111001010001110001
11011011001111100110
11001100101110100100
10000111110011111000
00010011110101110001
01011000110111001001
00011111111111011010
00110011101110000001
01011001101101111001
01011010110101001111
11011110100011010001
11011000010000111110
10011001000010101010
10101001011010011110
11101010010100110111
00000000000001011010
01100010101111111110
11111011110101110101
00110110010011011011
10101011100011111011
10010101001001010111
10000110101111010011
11010011111110100100
00110100110110011000
11110011010011011101
00011110011101111000
11010100111001111000
00110111010010110110
10100010010110011100
10110100100100011010
11111010111110001010
11011100001010000111
10001110110010111000
11101110001100000111
01111001110101010011
11001101100010001101
01000000000101010111
01000111001100111101
10110011101000010011
11001100011101101010
00100110111011010100
10011100100001111011
00100110010011101000
01001010011111000011
00001100110001101110
11110100011111011110
01101010111010100010
00011001111100110100
11100110100110000010
10110001001011110001
01000100001101010001
00011100110011001101
10001110011101011001
01001011111100011000
01010000001110000010
01011000010100100101
10101011010111001000
10101010000111001010
11011101001100010011
11111010000001000001
01010011001001111010
00101101001001101001
01011110011111001110
10001101011011011010
00111110001101111010
10100001010010110010
00011100010001100100
00111100101110000011
01011010110011000100
00001100101000100110
10111001100101011111
11000000000000111101
01100000010010001010
01110011001111101100
11111010010000000010
01110001111111001011
11110100111001100011
11101110110010101010
10111011010111011111
11100110100011101010
00000010000010011001
00101001001110000110
01111001011110111100
01100000001010011100
01101010111010000000
11010000001011101110
00000010011101001100
10011010110110000111
10100010111101011110
10101111001011111001
11110111110101011101
10111010000110010000
00101100001010110100
00101001101101010000
11010001010100010111
11000001000100101010
10010110100110001101
00101110001100100000
10111110111011100110
11011110111100101100
11100100100111101110
10001100111100011100
11110111100101011001
01101100001010000000
00010011111000011111
01111011100100010110
10100101110011100100
10010011101001101010
11100010110000000110
11110100011000001110
01000010000001110000
11110000100011010101
10010110000000100110
00100101000101001010
01010110111000001100
10011101110000011010
01111010011100001000
00111100010111000010
11000011111101001010
01110101000010000100
00000011001011000101
00111011111001101010
00110100011101110111
00100001011010001111
11100100110101000011
11011101100000110011
01011011100000101100
10011100100101101010
01110010101010110010
00100010101100101001
11101111001011001101
11111101000101110010
00000101011100011000
11011111001100001010
00010000001100110001
11111101010101001010
10110111100010011101
01100001110001101110
01011111101000001010
11010110001000001101
00000111101011110111
00000011011010110100
01000101101100000111
11011111001111101011
10110110110111111111
01011011111100110101
00110101001000111111
00100001010100101000
10000111101110101001
00001101010010110001
00110111011100111111
00000011111101001101
10010101010000100111
11001011001101011010
00011000010101111101
00011110101010110110
10111111100001010011
10101010111000101100
10101101100110011000
00011000100000010000
00111010111111001001
00110010101010100001
11001011011110111010
10011000110001000000
11001111100110110110
11011001010000110110
10001100001111001100
01010010101110011010
00000000011100001100
10100110000000011101
01010011101000100110
10110101011011111011
11110100100010001000
10000010011101111010
01000101001011101101
00010111110111001110
01001111101101011111
10000110111010010110
11011101111000110011
11100111100111000001
11010000101001000011
01001111110101011111
01011100101111011101
01010010110010010110
10111100111111001011
01001101001100101100
10101111011011001101
00101100001100110000
10100010100000011000
11111010000100110000
11110100000001111101
01011111100101001110
00110110001101000111
01011101001110111001
00010110000110100000
10100110011010000011
01001110001111100010
01101101011011110001
10001101111100011100
10101101111111000100
11011001111010010111
10011000001111010010
11000101101010001101
10010111010100000011
00111010111111000100
10010110011000011111
00000000011010111111
10011011001001110100
11100101110001111001
01100001100110001011
11111001001000101100
10010101001100000001
11011111011100101011
01000111100111110000
00100101110111110101
10010100011110001100
11001110100000111111
10101111101000001010
10011001011111010011
01101101101110101101
01111000100100111110
11110011110110011001
01001111111101010001
11101010011110101100
01011011100010101010
11110000111100100100
11101111011011101110
00010100100101001101
01000000101100100000
10110001111101011010
00101101100110110111
00111101100110110001
00000100101010100110
10101001100000100001
10111000111110000101
00101000010101101101
01011001110101000000
10011011011111110111
01000111010101010110
00101111110000011101
01111000100000010110
10010011101100100000
11001110100001001011
00010000110001101101
01000111101110101001
10111010110111110011
10001101000100110010
01001100101100110000
00100000000010010001
01011001010100000000
11010100101101100101
10010110110010010110
10101011111100011110
01011001100100111110
11111000111011010000
01010100011001001000
01011001011010011001
10111010110110001111
01010101110101111110
11111000000011001010
10000011100011010001
11001100100010101000
01011111100000110010
11111100110001100010
01111100101000010110
01101010100001001101
01110101111110010111
10010000100101001000
11110110111110111011
01011101100000110101
11110111001011011011
11000010001111100100
00100000101111100110
10001000100100101111
11111101000101011110
11010011000100011101
11110100100001101111
11101111001010001110
01111001111110111100
10000110011100011001
11100010110101001000
00100000100000101011
01011111010111111100
01000111100000101111
01100111101111111101
01001101011000100111
01111000101000101111
01010000100001001010
00010000101110101010
10011001111101100111
01001000100010000110
11011101100110110101
01011111100101100101
01101110110100001011
11101111101011100110
01111100001101100100
11000000001111111111
10011110011100010011
10100010000011110001
01101111101101010110
10000101000000011110
00111011101110000010
01001000101101110111
10110100100010100110
10111011001010100111
11010100000010011010
01110110101011011010
00001110110010001011
10000010110110100000
11010100000100110010
11111000111011011110
11110111111100111110
01011011000111111101
01010111001111100001
11111101000111000101
00101010111110111110
10011010100100111110
00011110100011010101
00000100000111110100
10001111011101110110
10000001011010010011
01111101001000011000
00100011100010111011
01110111011111010011
10000011011010000111
00111010111101000000
01101110011011101100
00010010101100101100
11000101000110001111
10111000000001101011
01100000000000000000
00011011101110101011
01101101100110001101
01100000100001110000
01000110110011111101
00001101010010100101
00011100101101111100
10110000000010000011
11100111111001000000
10010101101010111110
10001101100100000111
10001001011101001101
11111110111010101100
10101000111001101100
11100101111001000100
00011111110101001010
11111101111110101010
01011101101001000011
01101001000111001001
01011001100111001110
00010100100011010110
10000010011110010011
01011100101010011000
11110110010010110101
10110101110011010101
10011101101010110011
00011110111000000000
00100101100011001011
01111001111111011111
11001001011101100011
00000110010101110101
11101110101101000010
00001101101110101001
10101000100000011110
11001010100100001000
11001011101001101101
00010111010100000001
01111111100111001101
10111010110001001110
11111111001111011111
00111011000001111100
01001011100000000110
10101000011011110000
10100100100101011010
00010101011010101000
10010110100100010101
11110011010010110101
01011100001110111110
10001101100011001011
11001001101001010111
11011110000001010011
01101101111000100000
01001111011111011111
11110010011110101010
11111100001111101110
00110010001101011110
01100011111111111101
11010111101100100100
01110111101010011010
01001000011101110110
00100000001011100001
10110110011101100001
10100101010001011011
00111011000001000111
10100111111011110001
11100100010011001110
10111100110100001101
01101100001010100111
11110111001111010111
11111100111001011010
01011011001000100100
10111110010111100110
00111001111000100111
11100100001110100001
00101100111001110001
11100010101001110100
10001101100001100001
10111100100110111100
11011000100111000011
10110100100011110100
00000111110000100011
00001111011101111010
00110001011101000000
11010001001000011010
01100110111110011001
11001100000101111000
10110001011001100001
10110111000111010100
10101001000000101000
10000001010010000010
11101100001001110111
10010000001011000110
00110100001011111100
00110000011101110100
11110000011011001111
11000000111101111111
11000011001100111101
01111000001100110111
10010100010010010010
10000001110100111110
11011110101100100010
10011000001110000000
11110101001100111100
11001011001000101101
00101100001011010010
10110100100100100000
11001111111000110100
11110001101001101100
01100010011001011111
01111011101000100111
10011110000011110100
10010111000010100000
10010001100101110001
10100010001000111110
11011111011000101101
01100000111111001111
01111110010101001001
00101101111110001011
01110110010100111010
00010011100000111010
01010001110110100010
01011011000101011100
11110000100000000110
10010111100001011000
00001111010011000001
10110100100001100101
11110111110001110100
11100000111111100110
00100010011100000100
10110010011111100101
10100111011011010011
10110011100111111110
11011110010010100011
01111000110000011101
00011101111001011100
01010101100001101101
11101011111111111100
10100100110110101010
00011101001101101100
10000101000000101000
01100001101001100010
01010001101100000101
10011100011001101110
01011000001010111101
10110011000010010101
00000101111000010001
01010001010101100101
10100001001000111011
01001001111000110011
10000001001001101100
11001011000101101000
11010101001110111011
11011001101010010100
01001010110000001111
01011001111100001110
00001100101010101111
11101000000101010110
11100111001110000011
01011011000000011010
10101100010100101101
00010100011000001001
11111111110111110001
00110101001001010011
00010111101100010001
11110000110001000101
10010011111110000001
01101011101100010100
01000110010000000010
11111011101111100011
11111000111101101110
10100010110111100111
11001100100000011110
00101111100100001000
00000011101010101000
11011001110011100101
00101111111100000110
01100000101010101110
10110101010001100101
00111110011010011111
01010010001011100000
11110110000111001011
01011101111001001001
11111010010001011010
01001000001010100110
10110001000100101101
01101001010101011010
10100010111000010001
11101110010100111101
11011000100111011011
10000111110000001111
10000101010001111001
10000111111000111010
10001000111111100001
01010100101100110101
01011000010010010010
11100011110010001001
11011101101011101111
10101100010100111010
01101011000011101110
01110011101111111101
01001001100000111011
11111001111010101000
11010001101001011100
10010111001011111011
00100001001011110100
11001100111011010110
01011000111100011010
00101110100011010010
00100010100010101011
01110111010110110000
01010111100100000001
10011011110000010101
01111111100011001111
10011011011111001110
10001100011001110010
01010010000001100111
01001000100011111011
11100000001010001100
11111111001100000000
10100110011111110100
11011101110010101010
11100100110010100111
10010010100111110010
11011011110110111111
10001111101000010000
11000111100001011011
01001100111001011111
00010000111000001101
00110000110111001000
10111011001000010010
10011000110001010011
11011000000000110001
01010101110110001100
11011100110100100111
00000010001000010111
01100111110001100000
10100110111110110001
01110011000100000100
00001111001010000011
01011101011000110000
10001000011010011001
01000101000100011000
00011010111100001110
11100010000111010111
10001000110101101100
00001111011001001011
00100101010011101111
11110110111100110000
01101111001000000100
11110101110000111000
00101001001000101000
10000010000111100111
00011111010101011001
11111100100011011110
11110110011111010011
11101111101011010110
11110100100000010011
01110101001100101001
00000000000011100010
01111000100101110001
10001001100111001110
01001011001001101110
11000010011010111100
10101010010001011110
01001010101010110111
10000010100111111011
10100110100011111100
00011110101000010000
10011111000110000111
00000101010111001110
01101011000010000111
11101011010000111001
10001001001010000111
11111001010011100001
00001111001110011101
10101011110010011001
00100011110000001110
00101001100111001000
01111011010011110010
01000010110110000001
11000100000101000101
00011000101000001110
10100110100011110101
10100000001110011101
10000111001010111010
10011001101011010011
01010010101110101110
01010000010101001111
01111001001010101000
11011010001110010010
00100000001101010100
11011001110101001101
11101111011101011011
01000110010011100011
11011110000111011110
01110011111010101000
00001110110001010010
01011000001010010001
00000001000010100011
00011000000101000100
01100111101100000010
10011101000111111100
00110011000010000001
01110010111101001000
11110001010010001000
01110001011101110111
10001001101110001001
11110101011001111000
00110000000000000101
10110011011100111110
10010110100111100101
10011101110101110011
11000100001010011010
01111011111001000011
11010010010010001101
00001100100000100010
00000110111010011010
00100010111011111001
01110101101100101111
01111010101001100001
01000010011111110110
10001001100100000111
10101001110001011110
00110001011101101010
11101101110011110110
01001111000100001110
11000011111110000010
10110100001110000101
11010000011110001010
10011000010001101011
01100001111001111000
10001111110011011101
10000101111000100000
00111100110011111001
11010101101010000010
01111110011011100100
11111111011011100100
00101000001011010100
01111101101011010010
01001000000000010010
01011111001010110111
00010111001101110101
01000101010010100110
01111011000000010000
11101101101111010110
10111001110011000101
00001001010111110100
10100101000100001001
00111110001010110100
01110110011101010100
10110101010111100100
10000011101011000111
10001101011101011110
10111110010001100000
00110000001000111010
00100101000010101000
01001110101001010111
01010011011001101001
00000011100111001100
10101011111001001101
01011001111100111001
00001010001010101110
01011011000110111101
11010111011011000011
00001110001100000111
00011110111110101000
00000111111000000100
11001011100101011101
11111100100000101010
00111001011010111011
00011001100010000100
01100111100111000011
10011110001001000101
01100000001110110000
11011111101101010011
11011100010101000010
00011010111000000100
10010110010100110100
00110110010000111100
01100001001101010000
01100110111011000001
11011101001100011111
10110000000111101111
11011110000000011110
10011011001011101100
01101010110111111000
01000111110001001101
