20 2047
11000110101111011111
00010110100101011011
10010110101101001100
01111111000010001001
00001011101001111111
10110011101000101010
00101111001110011101
10101101110000100111
01011011001111100001
00111100111110010001
10011101010110110000
10110010100110100111
10011000111110011101
00101111000000001100
10010000011010001110
10100111011111000101
11100010011000001110
10001000110101000101
00110011000010101100
11110000011111011100
10001111000001100110
11100011011100000010
00110101000101000100
01001011110100100001
10101011101010100101
00010101000001011011
10000001111101100001
01010101100011100110
10001110111010111101
11110101010000000101
10001100110010111100
11011001000010001011
00001000111000010110
11011010001010111111
01010101010010100001
00110110011101110001
01101111111011010110
01110101111001011100
00111101011111010011
01110100111000010011
00001001001010000110
11000101111010010110
01001000111101011001
10111010011011110110
11111101101110111110
00001100111001101110
01100011101001111000
11000110001100001010
11111111001010110100
01101001000001000111
11011001010010000001
01110110000000100101
11111011101110000101
10001001101110011010
00000000101100010111
01111100101000000011
11010011111100101100
10101100100101011101
11100110101111001011
11001001100001110110
01011110100111101100
00011110111101011100
10000010010100110110
01001010010110100010
11010011000110101011
00011101101110111100
11100011101011010010
00101011001111101101
00100100110011111100
10101110000111001101
00111111100111011010
11010101001111110001
01111011100001111000
00000111011101110110
11110001001000111011
01000000010010011000
11101010111101000101
00001101110011110100
10100011110101111110
01110010100000101110
01100000111101010011
00000111111011010010
11110000101000010100
11100100100010110011
10011001100001011100
00001001011101000011
00000010101111111010
10101001011101101011
10110011110110101101
00111111101110001001
10110101011000000110
11100001111101101011
01001111100100101101
01000000000010011110
11111110000010010000
01000001001110001010
01001000110001111011
01111011010111110010
00001101000011101100
10010101101111100111
10011001011001011101
11010101111011011011
01110011111000111100
00111111001100100010
11010010010011111000
10111011110001101110
00001100001111001000
10001011100110100011
00111101101010111011
01011011011010111110
10100011011000000101
00000010001011111101
11111101011000111000
01001101111001110010
11110101100111110000
11100001100011111011
01100010001010100100
10011110100000110011
01101000101110101111
10101001110101000001
10000100101101001100
01000100011001110011
10110100101111101100
00100101010000011001
10100000110101100111
10101111010110111110
11110010110000000101
11001010101111000011
01001001111011101001
11100000010101100010
01000111110000001100
11001001011111100000
10101101011100010010
11010110000001110001
00110000011010000111
01100111000110001010
01110001011111111011
00010011010100100000
01001110001010001010
01101101100001001111
01001000101000001101
00101111100101010000
01000010000100001000
01100000100000111011
00001010100101011000
01000101110101001110
11011111001111111110
00000110100101000100
10101100100011011001
11010010011100100011
00101111100010011001
11001110101011011011
01000010101001010001
00110100100101101100
10110101011100001110
00100101001000101000
01011001001010010000
00010100101010110100
00101010111101000100
01001110011110001101
11111101110110001000
10001110000111001111
10100001010011011011
00111001000101100100
10100001010111100000
00100000010101001110
10000001101011100011
00111100111100000000
00100001101000101011
11000000100010111011
00111101111000110011
11110101011011111111
11100101111111011100
10010011011110010000
00011100010001001100
00100100111110000000
01011110100100010001
01100011011000111110
11110110111101101111
11011000010101010000
11010001101101001110
10101000110010001111
01101010000110100101
00101111001001110101
01110101110000001100
11000001011011110011
01101011111101111011
00101000100101001111
10110110110010011110
11000001101011011001
11101000000001110111
01010000111101100100
10100000000101100100
10001100011111110011
01111001000011001010
01111110100100000011
11001101110111011011
00011011001111010001
10001110001010101101
11101001010100101101
10010010111000101100
01010001001010110111
10010000011100010100
10101111010100010011
00111010111001111000
11100011011100101111
00010001101110101010
11111011110110111101
10011010111001101100
01111001100011101100
11011000101111110111
01011100100001101001
00110010001101010010
01000101110110010100
11101001110101010010
01100111101100111100
00111000011001010111
00110001011001010111
00011110010111011101
01100100011001111001
01110111110111010001
10101000111010110000
10011111011001100110
01101111001101011101
10011000010110010000
11000011101100100011
10100111000011111010
11110011100011111111
10010010111111001000
11001011000111010010
01000001010000100111
00011100110100101010
00100011000001011101
10010011010101110000
01111111001010100010
01011010111011011101
10010010010110000010
00011010010011010110
10001110011110011000
10111110101001100111
11111100110101111110
01011000101110101110
11110011011100011001
11111111011000010101
00110110011000110010
01001100010011110111
11110001001100010101
10001110110101011010
10101111001100110111
10001101011101010010
00101010001001101010
10010101110100100100
00011111100101101001
11011001100111000111
01110111111010110001
11101001010100000010
10100011000011111011
00111110100011000101
00111010011000101010
00110000010011011010
11110110000110100110
10100101001111110010
10001011100100110010
10011001000111000000
00001001111001101110
11101000111001100101
01001001010000101111
00100000110110111001
00010110111001110000
10101010101011110010
00011010011101100001
01000011000001000101
10100101010011110001
01000010100000111100
10101001111101101101
10100100010101110110
11101001011100110101
00000011100000110011
10111010110100010010
01111000101010101100
01101011111100011010
01100100001100011101
10001000110011000000
00110110010110010000
11111100101111001111
10111000000101010001
10111001001110100011
11010001011111111001
01101000001110100010
11111101000111101000
01110000000110010011
10000011011010110101
11010000100110011111
10101100011010100010
11110001100010010000
10100100011000101111
00110101111100100010
00001111011010001111
10001101011111011111
01100011001110110100
10010101100010011000
00100111100100001010
00010010001111100011
10011101101010001011
10111100000101110001
00100111111011111100
01100010111010011101
01100101001101111010
01100001001011101111
10101110110001001000
10100011001100101001
11010011101101100111
01001011010010010110
10000100001011111010
00111110100100000101
11011100111011101011
10011011000100101100
00110110001111010110
11000010011111110110
10000110000101011000
10101100101101000001
10010000100011101010
11101100100111111011
10010101010001100110
10100001001001010011
01000101101101010101
01100110110101011010
10101010100000011101
11010101111100101011
10110001011010011011
01100010101101101100
00111001000011011000
11111011111101000100
10100110001111000011
11101111111000101000
10110100111001011001
11000001101100011001
00111100010011111101
11001101001101010111
01001101111110101110
11000100100110001001
01101010100000100111
01111111100011111010
10010111000101000110
00100010011001001011
00111100110111100101
01101100110000000011
01100100101100110010
01100100111101110101
00110110001011100111
11101101011010110000
00110000001010011011
01011001010100100100
11001100000010110011
10001001010111100100
10101001000011000101
00101011001100011101
00001001000001100011
10100010111100011101
11111011010110100000
11010010100011110111
00110111111101110000
00101010101111100100
00011000111011101101
11111111001110001110
01101111111110001011
10001110101010110101
11110110011010000110
11111000010001010110
10100111001101111000
00000010011001011100
01010001011100111100
00100011010100011101
10110101001100101101
11110000011101011010
01010101000000001000
10101011001101000000
11011011010101011010
10001110010110100010
00111011000111110000
01100000011110110100
11011101110101111110
11010010110000111011
01101011110111001000
01001111111111110011
01000011111000111101
01100100111111010101
00101110010000001110
00011111111011101010
01100111110100000011
10011000101100111100
10111110000010011110
10001111001010101011
11001101000000100110
11101101100001101101
10111010101011011110
00110000000000010111
11000011111010011100
11111100000011110001
10100100010111111010
11110001111101101100
11000000001010000100
10101000010100000001
11011110010101110110
00010000010011011110
11010000001100011001
01110100011001101001
00100101000111011011
11111010001000111011
00101001010000111000
11100110000100111100
11011001010101110000
00100101101001010111
00001110111000010000
01001011110111110001
01110100110101101001
01011000110101000001
00101111110000101111
10000101100100100100
10100000010111010110
00111101101010000100
00001001010011000100
11101110100000111101
11111111111001110000
00001010011011010011
01100010001110100100
01101100100010100011
01001101100100010111
11101110111010100000
01001111111101101001
00111100011011010010
00010101000101111011
01001101001111011111
01111110000110011000
00011101001000100100
00000000010000100110
00100010001101111101
00100101100001110111
00110000111101000101
10010011110000000100
10001000001001101000
10000100110110100001
10110000101100000001
10011110010001110000
10101011000110111111
10000000111001111101
11011100111110010011
00110100011001010001
11011100100010010100
10100011101010010110
11010100001011101111
01010010101111111100
01011111000011110000
01110100111010110111
01010011111001010011
00101111011001110010
10010111101110001101
01100101001001010011
11010101001110110101
01110111100111111101
10011001110111010011
10111011110001111110
00100011010100010101
01111011110011010100
10001101110001001100
01010111011011001110
00001000000001001100
01000000110110000110
11101001101101011110
01011100100101101000
00001000110001111101
10101001100010101101
11011001011110100001
00011011110001011001
11100110000111110111
01000100011010111001
01011101100100011110
01000011001000110110
10100110100110111110
01001011110100000101
01100011111001010001
00000011110111100011
00000000001100011001
11000101011000101101
01101110111001000010
00000001001000000111
00010011110110000110
11110110001011010010
10011000010000010111
00010001110110001011
01011101001010000010
01011111000001101111
00011011101010010001
00111101011011001000
10101110001001011110
11010001001100011001
11100001111100100000
00110110101000111001
11110110100110010011
10110110011101011011
11100110001010010110
00001000011000001100
00100111000110111110
11011100110000101011
11001101111111100111
00010000111110110000
01000011010111110011
00011011110101101001
00100000100011011111
00000001110100010011
00000001001100011111
01001000110010000000
01110001011000101101
01100110100111010000
01101100011000101011
01110110100000100000
00110010001011001111
11110000111011001100
10011001110001111001
00000010000011100011
10000011001100100101
01010101111110001010
01110000110000001000
01000000100010111111
10111111011010000111
01010101010111001001
01101100100111101010
11100100000001001101
01101100100110100100
00110100000011101110
10000110110111010001
01001000011001010011
10110100101001111000
10011100001111100000
01001001000001101111
10100000000011000001
11111011011101011001
10110010111000101011
10111111000000111111
00100010011000011101
10111001011100000110
00010011111011010011
00011000111101010000
01010001111011100010
01011111001010100010
00110101011101000001
10111000100110100100
00111001101000101111
00111110100101011000
11110001000011000010
01110110100010101111
10101010001100110100
01111100110000011110
01101001101011000010
00010110010011100100
11011100111001000110
11000110011000111011
01010110011010111110
10111011010100111011
01100101111000010011
00011100010111100011
10011111111000001000
01010000111010111011
00100001000011011000
11110000011000000101
10010011001101111110
00011101110100100011
10000101011110100000
11111110101011101000
11010111011110101000
11101011001101000101
01000110000110010111
01010001101010010001
11001111110111101111
01011011010001011110
10111110010000001010
01100001000111100110
01011010011011101001
00110101111101110001
10100010000010101101
01010110010101011001
10100111000110011010
00000101100000101100
01111001000100010010
10101010111100000011
10111101111111000011
11111000010101110010
00110000011001010010
00011111001000100011
11101110111011101000
11110100011011100000
10111010110101001100
11111100110100001111
00101110111111011101
01110010010001000100
00101001111001001011
00101101111000101111
11110110110110010110
00110100010011011101
01100010101011110111
11100100101101000101
01010100001110001001
01011001011011110110
10001111110101111000
01110110100101100001
00111101000001010001
11111110010010111011
10100000010100110011
10000001011110111010
10110101010011100111
10011110010011100011
01101000110100110000
10011011000101111000
00101100111101100011
11010011100010100110
00100101110100100111
11001100111111100011
10100110010010000011
01110101111010111111
01000100100100110111
11100010011011011110
01010000011111100100
01001011001111100110
11011100100000000101
10101101001111010010
10011010111101101100
01001110101011110010
10100001011010110010
10110011111000111101
10010111100001001010
11011101110101010001
11000111000110101110
11100101011010101001
01001000000001101000
01010011011001010111
10001000111011100010
00110010110100101111
00011111011000010111
10101010111011110000
01001001110110001111
11011010011010001110
00010010100110010110
11101100011110011111
11100111000000011111
11110011101100010101
11100011000011100011
01010010011101011110
00000100110001001111
01111110101101011110
00111100101111011010
11010001100010110111
01110111100101100010
10001110100100100001
00100000000100001100
00000010011011001000
00010011011101100001
00100000100010001101
10111110100001010011
00000111110100011111
10001111101110001111
11110010110000010111
10111110101110010010
01110010110100101011
11010011101110001011
00001001100011001010
01011001101001100111
00100000100100010111
00100100101111010110
11000100101100000000
10111001101011001101
01011111000001000111
10010010101100011010
11011011000110110110
01010110010100010000
10000100101110101100
01000001100100110100
00100001101101000000
11000010011110010110
00011011100011001011
00100110010111111011
01100010000001101100
01010111111011011000
10111000001001010010
10111011111111101011
01110111110110101110
01110000101101111011
10110111000111001010
00110100011111110011
01111100011111111011
00110111010111001011
01010111111100101111
11100101110011111101
01011011000111100001
10100000101111111100
00101101100100011100
00001110001111101010
11011100011001011100
01000101001001100110
00111100010100101001
01011101010011010001
01000011010000010010
01010110101010011000
11001100001101010100
00000001110101101100
11010110111000001111
10101110000101101011
10101010100010010000
00001110011101011001
10101110001010110110
01110100110010101000
10010101001101110111
10100100011010111011
00110001110101001000
10110110100100011101
10110111111000101011
00001001010100100100
01100100001100110010
10101111110010101011
11011100011110110010
11000110111010111100
11000100010100100101
10110110001100110110
11100000000010010110
10110000100010000001
01001101101011100000
11010111110101011111
10010010100011111011
00100111010011100000
00100111001100111000
00010000010001100011
10101111101100001111
00001101111101001001
10000100111111001101
11000101101101001001
10100000011010010110
10001011111010101101
00100001011111100101
00000001110100110101
10110101100010111111
10110011100000010000
00110100111001011100
01110000100001001001
10011110111111011011
11111001101010000010
10001110101111100100
00111110011101001111
11111101000000010100
00011110001110011100
11110101000111011001
11111111011101101100
01010100010000101001
11101001111001100100
01111101001010100111
00101011100100110101
01101100110111101111
10000011000000101011
10101000101011111101
10001100000101100101
11000000001111101100
10101111011100000010
10001001001101100011
00001001000011101110
11100110001011010000
10000011011011111110
01100011000010110110
00000111000011001111
11000101011111100001
11010100001111000100
00100000111001111100
11010111111001100100
00111100011100111111
01011100111011001110
01001011110101000011
00110111010010110000
10000111001001111110
00001001011010001000
10101100001010101000
10011000111100110011
01110110010001111101
10000111010010001011
11000010000001010111
00111000110000111100
10010101011010110011
10011111001001111000
11110100011010101011
10000111001100111101
00000110011100010010
00101000011001100001
11111100111100000000
00000110000001111010
11000110101101110010
00000010000101010011
10100111110111101010
00001000010010000111
00001010000111111001
10101011011100110011
11111001010001100100
01101100110101011100
10111011000011011110
01110011100101000011
10111111011100000000
10111011001110010010
11100110100010011110
11000001101111001111
11111010001001110101
11010111010010101100
01011011001111000000
10011001001101011011
01000111001000011010
01111001001010001011
01100001001101010000
00010110010000001110
01100110100001001000
11111001001110110001
01010110110100111011
11010110000011011111
01100011101010100110
01100101000011010100
11000001111101100000
01111110101011111001
11010011111011011000
11010010011011100000
10011110011101100100
10101111001010110010
10111010111110001110
01001101100010011100
11110101010101111111
11101001101101010011
01101110011000100001
01011110000100001100
10000000011001110010
10111101111110111100
11010111001111110001
10000111111010111101
11000000111110101111
11100000010001010100
00101001011010101111
11110011010011000010
01000001011110110100
11111011110110000001
00011011111111000001
00010010110000011001
00000111010110000001
10110000000110111101
10000001111010101010
01001111111011010101
01101101110001000011
00000010001000110100
01111100011111010011
00101110010110111101
10111010100100001000
10100100110111011011
11111011011010000001
01110101111100100100
01100000111010101110
01110111010111100011
00000111011101111001
00011011001000011101
01100000101101000010
00011111101111011111
00001000010101101011
01101011110101101001
01001000010010001101
11100001011110000101
10111101111011000011
01011001100000011101
00101111001110011111
11100000111001101010
10111011011110110011
11100101000101010001
10100000011010000110
10010001011111001000
00110010011000110111
00001010110100100100
11110100001001001011
00101001011001111000
10111000010001000100
11100101000001010001
01100110011010011011
11001101000010111001
10101101010011001000
00110101010110101011
11100011101101000010
01111100101111011110
01001011110110000110
10100111001100111111
01001010101010000110
11101101110010100001
10001010100000010011
01111001000100010111
00110111001011011001
10101110000110001010
00000011010101000110
11111010101011111011
10011101111000110001
00001101111101100110
11110010110000100001
10100010001101001001
10010000101111000101
01101001101111100111
11010011001001010100
11011111010001010000
01111101110010001100
11001101000100001000
00101111111001011001
00010001110101001111
01001100100011000101
00011111101011010110
01100010000001111111
00110010011011110100
10011000100101110101
10101110011000100001
10011110100111101100
00100100101010101010
00111010101111101110
10000000111111101011
01100110011010110110
00000011011010000010
11011001010101010111
00100001011010110100
10001001110000111110
11000000100110011010
01010100111101001110
11100101111100000100
11001101100001100110
10000100001100000111
11010001000001001010
11111010111000111111
00010000101100101011
10110000000111011000
10010100110111100000
00111110011011001001
10110010101000101010
10100100001000101011
11111011010101010000
00110000101111110000
00110001011101101110
11011111111111101001
10100001001001011000
11100100011111110101
01111001111000100001
01001101000110011101
00001010001010010101
01111110100110100010
01101100001010010101
00001101110010101110
01110101100001110011
00000111100010101110
01010000011001101100
10111010111101000000
01101001110010101111
10001100100100101010
10010111010111000111
11000101100101111101
11110100101110101011
11001010100101000100
11000101000011110111
01000101001010110100
10000001110111110100
01011101101100010111
11000010110001110111
01111001100100010101
10101010011011111111
00001110011010101101
00110111101111000111
11001110110011001011
10000000111011000000
00011100010101010011
11011101100001100001
11000111011110010101
10000101011100100110
00011100110100101111
00111100001100101000
10101100010010000011
10000110001101000101
00011111001001000111
11011001100011011110
10010011110011000101
01000000110111110110
00000011100101001101
01110000000010010111
11011001000111000101
01110101011001101000
10010111001010011010
11011101000101011110
01110011111000000111
10011100001000011100
01111011101010000001
11000000001110001000
10111001011101010011
01100001011100010110
00100010001101001001
10111110100011111011
00101100101010111100
00000100100000000100
00001101111110111101
01101111001101110011
01110010100011010000
01001110011101001011
11110010011010001110
10111000111111001000
00001001000011010010
10001011101001000010
11011010010101011111
00101100001010100000
10111010001001010000
01010101101100000001
10100010101010000010
01000011111101001111
10101110000010110010
11010101101011111110
00001110011011010110
11011011010111011011
11100011010100010111
11010100111010101000
00111110100111000011
10110011010001011010
10010110010010110010
00011011110100100010
00100111001101111101
11110011110011011000
10100010001011110101
00010110100011011001
11000001000010011101
01000011000000000100
10001100011000110101
10110001100000110101
10111011010000111001
00111000011100010110
10011111000110101000
01011100111101111110
00000011110101000010
11111000101001001011
01000001000010110100
10001011011000100000
00011010111001100000
01110111011010011111
01011010100101010111
00010111100001010001
10010100001001100100
01110001010100110110
01111101111001110101
11011101110100111000
10100110001000000010
11111101000101100001
00010100100111100001
11000010001111000111
01001100110100110110
00010010100010011100
11011111000010010000
11001010110010011010
01010111011111010011
00001101010000000000
00011001100110001011
10101010110110011100
11111001111000011001
00001010111010011111
11111011000110011001
11100000000111011110
11110101111111100100
00110000000011101110
00100010101110000010
01010100001000110111
01101011000111000010
01110011101001100100
10100000011111101100
01100101000101110111
01100011111000010001
00110011111111111111
01101110011101010101
01110001011100000011
11110011000001001100
01110000111100110110
00100000000000110101
00100001110000101000
10010011110001110001
10011111100101011111
01111011110010101100
00100110001011101011
11011100100111100000
10100110110011110001
11001111001100111010
01110000110100011011
10110010100010001110
10010101110001011001
01000100010111000110
00101110101001001111
11101111100010101101
00010110111000011001
00100000110101011110
00101011001001101000
11100001110010000100
10011101111000111110
00101100101100111001
10101001100010111111
10100000100100111110
11100010100110000100
10101100101000111001
10010101111010011110
11000010011111001011
00001010010100010000
10000001101111011101
11001100011000111110
11001101100100000001
11111011000011011111
10111101011011100001
00110010101010111000
01101010010110011011
10111011100100101010
00101110110101010110
11011101111100001011
00010101010110000100
00100101001110100011
00000101001011100110
11101010100010011011
10100010010000011110
01000111111111101000
11110110111110100111
01011000110011011010
11100111101111100001
01110111001111100011
10001110000101100010
01101000011110101001
01111011110100001111
10110101101010010001
00111100000101000101
10001011011101010111
11000110011010001011
00100010000000100010
11101100001011001100
01010000001100101111
11011010101000011100
01101101100001010001
01010100110110001110
10111110111010101000
11001000010011011110
11010011011110101101
10001010010101100001
00000110011010000100
11111110110011111111
11110000001100100010
11000101011100101111
11010111110100010001
11010101000111010100
00000101101000010000
01110111111010100010
00111111100011011110
01110110010001101111
11100100010001100011
11110110010100101011
10001000010000010100
01001110010000110111
00000011010001010111
11000111011101000100
00101100000001100100
00001011100101111010
01111011010010010100
00010010110000000100
00111011110011110111
10010111000011111111
01011010000111111111
10110010100101110100
10110010110100100011
10011111110111101101
00010111010011111100
00111100101011101000
10110011101001000100
01111011000001100011
01100010011111110010
11011000001001001001
00100010011101110110
00101010010111101111
00001100110100110110
01110100110100000111
11111001101111000110
11001011010100010010
00010110110110000010
10111010110010110100
10001111111010111100
01000010011101101100
10010101010001001001
10011001010001010110
00010101101011110101
00001100010011111010
01111100110000101100
11000100000101010101
01100010000101101000
00110001111111110110
10001010010011111011
10001000011100001111
10001110110101111001
11101101011101110101
01001001111101110000
10101010011010011011
01110100011100011001
01011000000001110100
10100100000101010101
11111110011010100011
10011010101011001110
00001101010001010010
10000111000111000110
01101100111000100010
01010010111000011001
00110001110101011011
00101110110001101110
10101011011100100000
00100011000001101010
10001001011000100011
01100111111001101011
01010100010010110101
00100100011001101001
00011101001101111111
11011000001110001111
10000010000100011000
00101000100110001101
11101111101010100100
10010100000101111001
11101111011000111011
00001001010001000111
01001010101101000010
10001001111001010011
11101010110011010101
10010110110101100010
11010011001110001111
11010000110110111011
11000010000000111010
00001101000111111100
11000011111101101100
00101101010011000100
10110100111111010101
11111000001110110110
10110000010110011000
11000110111010010011
11010110001000111110
10110010000110100110
00010010011110000011
11100110100110111110
01111011000111010000
01101100011111100011
11000011010001010100
10101101100110111111
11110101001110011101
10111100111001111000
00100101010100111110
00100101000110001111
00000000010100110001
11011001111101000011
00111000000010001111
10001100101101100011
00011110100001100010
00101010111111011100
11111001100011100010
01101000010011000110
10001100010001000110
11110100111111011110
00000010000011100101
11101011101100101101
00001010100001111001
00101011011101011100
00101001011000000001
01101100100010111101
01100111001010000000
01100011111000111111
11000110011100001100
10011110110000111110
00001111010010110010
10110001010011000001
10011001110110010001
11010111111000101011
10001010101011101000
11111111010101001011
10101101001100100011
10110101000001111010
11001110101111000001
10010011000111110011
00100111000111101100
01111111000001010111
00101100010100010111
11010110001000001100
01001000010100110000
10011010100110111100
11101011010110010101
11100100100010010111
11001111101111001100
00011000111100110010
11101110011001010001
11111100100001110000
11001000000011011111
01101111000111101101
10111001111101110001
11101100010100001000
10001110001011100101
00010001001011000010
10001110011001101001
11001101000011110111
01100101010101110111
10001011110100000111
11001111000001001001
01111100101100110010
10110110011111110010
01101010010110010111
00001011010111001111
11001010100111111011
11110010110010000110
00011000101011011001
00000010001110111101
10010001001111100101
00100111101011011111
00100010110000001010
10000001000100111010
11000000001101111010
10000010001100010010
00111011000001010011
01111110001100101111
11000111110010010100
10101101101001100010
10101000001100111110
11100110100101111010
00111001111101100000
00000111101011101011
11011100001111100111
01010110010100100110
00010111100100111111
01001001000011110111
10111001000010110110
01110100100011001011
01001010001100010100
00000100101001000111
11110010010111000011
01111000000100001100
01000111100111010011
01111100011101011001
00110001001101101000
01100110001010011100
11011010100001010111
00110101010000100000
10001011111001000011
10111100111100000001
01110011000100011101
11001101101101100100
11100000100110101100
00111001010011100100
00000100101110011011
10110111100100011001
01011101101011000110
01010100010111010101
11111111011001011100
00000001001010110000
10001101110000000000
01000100001100010101
11011110000010010001
11110110011110011000
00010100100010001011
00111110111100100101
10011100001110100011
00001011101100010010
01101010110101100000
11001111001010110010
10111111111111111110
01100100000011010011
11001100101000100010
11101000010011111010
10000000010110111110
11110110000001000000
10000010111011011110
01101101000000110011
01011111111001110011
00100001011111101001
10110000111011001100
00011000010111010011
00011101011011001101
00100110000001011111
01111011011000111010
00111101101011111010
10001101001000110010
11011110011001001111
01110110111111110111
00100110011000010111
10111000000110111001
11101010111011101110
10010110001111000000
10010011001110011101
11110010101000000001
01101110000010010111
00000100001101001000
01010100111001110100
00110100101001110011
00100000000100000001
11011111110101100101
00001000000010101001
10111001000100011001
10001101111101010111
00111101011001101001
01100010011111111111
00101111101110111100
11001011110000101111
10010110000100010011
01101110110100111010
11000011101000101100
10101001110100011010
00100011110111000010
00001000001110000011
01101000011100101010
01111111000001001110
10000111111110101110
01000110101011110000
00001100000001111010
00010101000010001011
00001010001001010111
00100000000011111011
00001111000110101011
11101100010100111010
10101011111110000010
00101000100101100010
11111111100111101110
10010101011010011111
10100010010101111111
11111011110001000110
11111100100010010111
10110110001111101011
10011100111101000011
10010110110001100010
11010100110011000011
00011110001000111101
10001010011111001111
01010101010110001010
00000000110110101011
00100010110010011001
10110111001111011110
11110101001100101000
10001010010111100000
01110111111101101111
00010110010010001011
00011110111010110110
10000101010110010011
11101100101011110111
10001000111000100101
10010111110110000111
10000110000101111000
10110011100110001110
11100101111001000111
11110010011100101011
01010001100010001101
01110001001100000111
10111010110110000011
10011110001010111011
10001000110100100100
01100110101000001000
01100001101101001010
11111010101010101110
11010110111001000101
01001101010101111110
10000110101101001000
00100000100110010000
11011010000001111011
00110101100100010110
10000001001111010101
11110111010101010101
11000100111001100110
00111101000110000111
10111010100010001110
11100101111011110011
10111011100100110101
11111111001110001011
11010100101001101001
10001000011100001001
11001001101101011101
10111001011100110000
11101111101100011000
10100011000001100110
00001110001110000010
01010111101100110110
10001001110101100111
00011101101101111101
11010110000100010110
01010100100110001011
11111100001101001111
01111110011111000101
10011110100000100011
10001000101010011111
00110101110110000111
00110101010100101000
00100010010110110010
00001011111011000010
10111110110101111111
10001011101111110001
10000001100000001011
10010111001000111011
00110010011111111100
11100110110001001010
01110111101101001101
11011111001001100111
00111110010000110101
10011010011111011101
00111101110000011111
01001111010110110010
00000000111100111000
11010111100000011110
10101110100000111111
01111111010011100111
01100001110111010010
00001101110111110011
11101001101001110001
11111101011110111001
10101001010000100010
01111001001000011110
11100110101000100100
11010011011111101101
01000111111111000000
01110111001111010010
11101001110101010100
01101111111110010001
10000111101010100011
00101101000110001010
01011100100011000100
11000011101001001110
10011010001100010000
10011101111010110111
10011100000100011100
10100100110110110100
11101110101000001101
10010001111111001110
00001101100001001101
01011111110011101110
11000110101100111011
10101101101100100101
00111111101011110100
10101110110111110010
10101000101011010100
11010011011001100111
10011001011100111011
11101110001111000011
01000000010011010000
10001011100011001010
01111110100111101011
00000001110001001100
00111011000010111111
11110010111110100100
11010101011000001000
11101010000101111000
01111000100000001100
00010101100100010010
00011011001001000100
10000000011010100000
11010100110000010111
10001101101000101111
01110100110001101111
11001111100100111101
11100010111110110111
01110111111111101101
00111110011001100001
00100110100111100101
00010100101011011011
10111111101010111100
01011100111000001000
11011001000101011000
11100101000110001110
01011100111111100000
01101111101111111110
10110100110110111011
01110011110000010000
01011110111110011100
10111000110001111010
11000101101000011010
10111001010111101100
10010101001100000100
01000101001011001001
11110011001000001111
11111011000111000101
01010000101110111000
00000001110110100010
10111000010111010011
00000011011001111111
01011000001011110001
01100110011010000110
10010101110011100011
00010011101010100001
01101110011011010100
10010001100010000010
10111111011110111001
11111000101111110010
10000110001001000010
01010101001011010010
10001101111101100111
00100110010110111101
10010001000111100011
11010010001101111101
10101010000010101000
00111110111100110110
10110000010100011011
11100001110111101000
00101001011110111011
10100111001101001010
00001001011011110001
10010101011101111000
11000001010111000101
11101000101110000110
00100101011110101011
10001001100000111100
10010001100011110000
00000111001010101110
01010011010001011100
01000101111010010110
11110110101111110101
01001001001000101011
11110110000110000101
00110011010011100001
01010101100111000110
10011010010001101100
00110010010111001000
01000110110110011111
11010101010110100101
10011101011001001011
10010000110000011110
10111010101100111111
11011011110110100100
00010101011111011110
11010001100000100110
01000011010110000111
11100011101001101011
11001110100110100101
10101110001100110001
10001111110001111010
01011111100000100111
10010110001101111110
11010110011100000010
11000101010010110101
10000000000001001101
00100010111101011010
01100110100000000101
01000000001010110110
10011110001001100100
10011010100001000100
01101000001110000000
01101100110110100110
01111101010001001001
10111010000011011001
10100001111110110110
01000101110000111011
10001011111100101011
11010110000110100100
11001011111000011001
01110011000001011001
00000010000010111010
00110100110111111000
00011100111001001011
01010001100110110010
01001111000001100100
00010111111100011010
11000111101100101010
10001100101110110101
01110101100010110101
10011100000000011011
11110110001101111110
01001111001110000101
00011111000110000011
10101110000111011100
00100000101110110000
11100101100110001110
00101100110011111101
11000000011110001111
01111001001110111101
10011010001101111001
00110100010101111001
11101100000010101101
00010000101101101001
00011101011100101100
01010111010011001011
11111111000000011011
00011110000001100101
00001111011100111000
10100111011101001011
10011010110100110011
11101111011010001011
00001100100010111111
00000111000101100110
10001111101001101100
01000111101101000101
11010101011111011011
00111111100110001100
10011111010000011111
01100101111101101001
11000101010111100101
11010011100100000010
00111101001101010111
00101000011111111111
11010100110011111100
10110100111010001111
01101000110000000001
00111111110100011001
01100100001110011110
10001110001110101011
11001000010001111101
01111111000010100001
10001011110111010010
11101001100011100101
00010010011110001000
00101001101000101001
11010101000111100100
01010101111011100111
01011101100010111010
10010100100011011101
11101010111000001000
01011110011011000000
10110101010001110000
10011101010100110011
01001100001101111010
10010110011000110100
00001100000001101101
10101010100001000100
11000001111111110111
10011010011010101001
00110111101110110000
00010100001001010001
00110110001001000000
11010001111000110010
01000010011011001010
01010100100000110100
00111011001011000011
00010001011110001000
00110011001011100111
10000011100111001010
10011000000010110100
10101110110111110111
10100011101100111110
11001101110111000010
10000001001101000011
11011011010101001111
01010010010010110011
01111111010000111001
10001111001011101000
00100101011100010111
00100001101110000001
11000000011010000000
01000101100010101001
01011111000101001010
00001001111010011011
01010101010011111001
11100010111010110111
01000000001010011100
11100111110011011111
11100010110110001101
10101001010001111101
00110001011101100010
00000011110101000100
10100100001111110110
00001001111000110100
10010100011000111000
10100101101011101001
11000001110111100101
10110101011111111110
01001001100101111001
00011000111010011100
00000010011101010111
10110011101100011111
10000000010101001011
11001011001110010111
11110100010000001011
10110001101011011000
01110000101101101010
10011000110010000100
00111001000011000101
11010011000100010001
11110000101101110011
10100101010101010000
00100110111111011011
01001011101100111000
10111101111111001101
10011110010100111111
01111000101000111010
11100101100011101010
11100110100001011001
10010010011010010110
11011000001110010011
10101000100011010010
01110101010010101110
11011100101011000101
11001000101100111111
10011100110111101000
01111011001001100100
11101101111001111101
11011111110011000010
11001011011100100100
00001011000001001011
10001001000011000110
10100011111000010000
01011110110011001000
01110000100101000011
11100101010111100100
10001010011100000100
00100001000011111011
10110110100110010001
10101100110010110010
11110010010001111100
11000011000000100110
10100010011000000111
01010100110000011010
11111001100011010001
00000011111010111100
11111001100111001111
10011000100001100000
10100110010000001101
00010101011100110001
00110010101100000011
10010000100101110011
10000100010111011111
00111010011111110101
10011000001101001011
00001011011001000111
01010100111001100101
00010100000111110100
01001010011110000100
01001000100100110001
01110111010100001000
00110100010101110101
01001010110001000000
11100011010010110101
11000000101011001010
10111110010001000111
11110111011011000011
01000010100111111001
11011100111011101110
11100111111110001101
11111000011110100011
11100111001010011111
01100110101110101011
01101111011101000110
01011110001101011001
10000111110110110010
10000111000110001000
00010011100000101000
01010011100010001100
10111111100000010110
10101001011111000110
01001010011111000101
00001110000101010001
11010101000100100101
00111110001110011111
11001101001010000111
10111011011011011101
11101010001001010111
00101000001000110011
11110001000001100010
10010111110011011111
11011001011101100100
01000011010000001100
10000111010111001001
00101111100001011110
10000010111000001001
11111001101100101001
00111111110001001110
00001011111101110110
01100001011100101111
01110110101101111111
10100101010001110110
01110000011101001110
01100011010010100100
10101100110110111101
00001110110101011001
01111010010001111101
01101011110001100011
01011110001111000100
01101101001001111011
10011011011010000110
00001100110111011110
01110001001111001111
00100110110000110011
11000110000110001001
10000001000100000011
00111011100101011100
11010100011101001001
11001011000001001100
10000001011010100001
11110110000100010010
11011001001110110010
00010111001101110101
11100111010011111100
10110010000100110011
00011010100100000001
10100110011011010110
00110101111001010001
01010010000010011001
11010000111010101101
10011010000101110110
10011000000000011011
10111100010000100011
01011001010001110101
11100110101101111111
01100010111001000100
10100101111011111110
10000111001100010111
01010010010011110011
11010111111000100100
00011001111010100001
10000001101001010011
01110000101010000101
11011111000000001001
11001000000001011011
11010111110000010100
00011101010010010111
11010100100110111100
00011010000010000110
00100110011111101011
11011111100011100010
10100010100111011110
11000101000101100100
01111110111011011100
10011101001111101101
01111100101001000000
01101010111000001100
11001100011001001011
00011101010000000000
01100100111100101101
11010000101011101010
00001000101001111101
01010010011110010000
10101111010011000101
10101011100001010101
10010100010010101110
10110111000010011101
01110010011100101001
00000001101000111111
10100011111010001110
00011111000000001011
10101110110110001001
00100000111110010100
01111011011001001100
01111100001010111111
11110001111110000010
11010110001010101110
10111111000001011111
10100000101101011001
01100100000000100101
01011011000000100000
11100111001011110101
11100000001010110100
10000011000010001100
11010001000011110110
01001000110100111001
11011100000011010101
00100001000000100100
11100000010000011110
10000111111001011111
01111101010101010100
11011011110011000010
01010001011111101101
10100011100001000100
10111110010110101010
10010110100010011010
01110100000100100001
01111010010001001011
01010101000001111001
11000100100100111111
00100010000001011111
00000100010011010110
10000100110000111010
11000100001000101011
10011000110101111111
11000000011000000111
11000100101111101011
00010000010100100110
01101101100101101101
01100110001010000100
10101100011110101101
11010111001111010100
11101101100111111100
00000001001001101001
01011001010111010010
11100111001000101001
00010101011000111010
00001101101101011011
11000111110001011110
00000110001000100111
01100001000100011101
11010111111110001001
01101001110111011101
00110011000110110000
11111000000001110110
01000010001001100101
11110111101001110000
10000100101011111111
11111010011101110110
11011101001000011101
00010001101000100111
11111011011110110110
00011001011000100010
10101000101000000000
10111100100110110001
11001110010100111010
01100110100010100010
11100001011100010110
10000101100010101101
10000111111110110001
01101100101110101101
10100100010101110010
00100100011001100000
00001000111100100000
11000110000000011111
11100100000101001101
01000111000000111110
00000000011101101011
10011101101110000000
01111101100100101011
01000100100000001101
10110111000010001011
00100011001001100110
10011111111110011100
11001101001001110101
11010001101001010001
01110010011110110000
00111001100100100001
10001000111001010100
01111010010111000101
01111010101111010001
11111011100101011110
01000000001110100011
00001011110110110000
01001110001110101111
01101011101110110011
10000111100101101111
11010010100011011101
01001001111111000011
00111011101001101001
01011100111011000111
10010011111100000110
11100001010010110110
10001100110000000100
11111111110100110100
11111010011100000100
00100010001100101100
10000011011101000100
01000101011100011010
00000001001111100001
00001111011000000111
11111000101001100111
00011110100110110001
11110000001100110001
10111110110011011100
01011011111010000010
11110110001100100000
00101001110110100101
11111001001001000100
10110001110001011100
00111001010101100101
01110010101100101001
00100010101011101111
00001100100010100111
