20 2047
01011110001000101111
00011110111101110101
00000100111100010110
01111110110110010110
11101000001100011010
00110100001110101100
00110100100000011110
10111000000010011111
00010110100111111001
00001101101111101010
01110100011111110110
11010001001110000011
10010111110110010100
11001101101001111001
01001101100100011000
11101001111100011001
01011100001001011000
10101110110000111111
01111111011011000010
01001110011011111000
10110111100111111011
01100001110010011110
10011100011110100111
00100001100110000000
11101100110101011101
00110100110111101101
11001110110000110000
00101001110010101101
01101100111001110001
01101111111001110010
11110110001001010111
10111001000001000101
01001101110001011010
00011110001100110100
00111000010010101000
00000110010010111110
11011001010011000111
11100010111110100001
01001001010101111111
10001011011100111011
00101100011000001101
00010011101011000001
10100100000000111101
11110000000000100110
00010101010110011110
11010000100110001111
10010100101010000101
00110101001000100110
10101001000001110101
01110001100110010011
01110011110110111111
00110110010110010111
00110010010000001011
11111010111001110011
00111001011001111010
10100110111101000110
00011100000001011110
11000010001001000011
01001000011100101101
00000111010100001001
11101011001001011010
11101010110011100111
00101111011110000010
00111000010111110011
00010001011100101110
01011111011010001100
01110011011110110010
00000100001010110100
00001111010011110101
11011101000011110100
01010000111010101001
10101101001010010011
00000101101000111101
01111000111100010101
01000100101000111011
10111100111100001111
11000010010011100101
01011000100100101010
00110100101101011110
11000011111100001110
10000101001010111111
01001100100000000100
11101010010010110000
10000111111001100010
01010011100110011011
01111011110010100000
10110100001110011001
11000000000011010100
11000000011111100101
01011011101101001110
10110011011111011101
11011100111010101110
10001111111010111111
00110110001111110001
00010110010001100110
10110110101100110111
11111010000100001010
01001110000110011101
11100110001100110111
10111111111100001101
00100000000011110100
11000100011011001011
10101011100010010000
01111011000110100001
00001111000010001111
00110100001010001011
11110001010011011101
10001001101101001110
11100100100100001001
00100010101010000001
00010100110111010000
11000000100101011100
00001101011001100100
10011101000100110011
10110111111100000110
11001110100100011010
11111100011000010100
11100010110111000010
01110100011110110011
01100101110011000101
01101000011111110011
01110000101011000011
11100110000100110110
01100111110100101101
00101101101111000111
11010000010110011010
01100101110100101010
01000001100000000110
11101000101111001101
10011010011000011100
00100010011011111000
01010100111011101111
00011101111110010110
00110001010100011000
10011100111001110110
01010010111000100011
10110111010011001010
00011100010001010111
11011100100010111011
01001110001101001000
01101101110010011001
00111101110110100100
00000110010010111001
00101110000001011010
11101101100000000110
01010000000110101101
00111110011111011110
11101100111110010110
10010011111101010000
11110011100000011011
11011010101010100110
01001000111100000010
01111011100010010101
00101010100011110010
11111110110000000111
00010010010011110101
01111101000000101101
10111110111011011111
11111001110111000010
00110100010000110000
11010110000010011111
11001010011111001100
00011001101101111011
01110001000010011111
11000111001110101001
11111000001111001110
00111100101001010000
11110110110011000101
00010010111011101110
10011111001111011101
10000101010000001000
11000101111100001110
10110010000001001011
11101111011011110110
11111110011011000111
11101000011011001000
11100111101111010010
11010111010000000110
10101101010000011111
01010111100101100100
11011000110101110010
00011000111011001110
01001111011011000010
01111101000101110110
11010010010111111111
00110000101000010000
10101100111000010010
10110010011110111010
11001010000001111111
10000101101110001101
01010110000101001101
11110101110101001101
10001001110100100001
10011110011101110010
00100010110111001101
10101001000000000101
01000101111001101011
11100011001001001001
11100111101011000101
10111110001100101010
00100011011000001011
10100000011001111101
11110101111011100100
10010100111001010011
01000011000110111101
11010111111101110110
00011011110000010011
00110100001111011101
00100000111101101101
01100011101111100101
11010110000011110100
11010110110000100000
11111110000110010110
00111111111100100110
11010101000101000100
01100011010110101000
00111111001000011001
11100010100000000111
01101110011001110001
10011100001001010000
01110110110100001101
01111011000001101011
01111100101011010110
01110111101000011000
01101001011111001101
00011101110100110111
01000001100101011110
11000111111110111011
11100000101001110101
01110100010100011001
01110011100010001101
10011010001111000001
11011000000100010100
11011001100010000110
11000100110000010101
10010011110011100011
01001110000010001101
01010001001000010101
00001000011010100000
00110110010110001111
11111110011010100100
00100101000111110000
01101111100011011001
01001011000101000110
01001000100001000000
00000001000010100001
11101001010100011011
11111100101010111001
00010110100011100101
00101100111111101110
00001100000110001011
10101010111110111001
00100111101110100111
11100101001111010001
00100011111000011011
00110001000110100000
11111101110111010011
01100011000001100111
01010111010100101010
00011111001001010000
10111000001110000001
01111000011000011001
01110010110111001010
01000011100011110101
00101100100111001001
00101010101100101100
00011010000000111100
00010000001110011000
11010111101101111110
10110110100011101010
01001001010011111110
01111000000010000100
10000110011101001011
11111110101101110101
01010010101000110010
10110101010111111010
00111011001111100001
11101110010100010110
10010011000111111111
10011010011011110011
10001100001000010011
00010000110111111001
11001010111110010100
00010011111101110010
11000001011001011100
01001000100110111100
10110111011110011010
10100100111111110111
10000010111000111101
11010101010111000001
11110110001011100011
11000110101001101111
01001000011001001110
11101010111100000010
11011110010100101101
10101100101010111010
00101001011001010101
01101011011100001011
00110110110001011011
10111110000000111001
01010110101101001100
11010101001000110101
10011010010100000011
10110011010011100100
11100111101111111100
01100000110010010100
01011011100111011110
11110110101110101101
10111111000111100110
11111011101111001000
01001010111100010111
00101011000100100110
10010100100110011100
00110100011111000000
10001100010011100111
10010101001001001011
10111001110100010100
01100101011111110011
11110110111010010000
10110000000011111010
01100110110100111101
00110100001011100000
01001001101100001100
01001001011011100011
11101001100101100010
11000101111010110011
00111000001110010000
10111010001011010110
11010011111001001000
00010100100011001110
01111000101000001110
01110000001110111000
00011110100011001010
01011000010000010011
01011111000001000011
00111111110100000000
10011000101011000100
01011111100110100100
11111110101011100000
01111110011110110001
11010010101010001010
00000011000000010111
11110111100100111011
00111010010111011101
01010010110100011011
01010000000100011001
11001010011111011011
01010100111110001011
11011010111111011011
10000011110001101110
11001011101110111110
00110001111100111110
00100100010010010100
11110001101010111101
10101111000000001000
00000100000000100011
01001000111100001100
10011110110011011010
01101110000010110101
10100000010100111001
11000111001000001011
11001010010001101000
00110110111111011111
10000011100010010100
10110000111100101001
11110110000100001110
01000011001100111000
00010100101100000011
00001001110010101111
10101101001111001101
11011100111110101000
00110011001111000011
11011001000101100011
00111011000001000111
01010111110110010110
11010011100110001111
00101111110101001100
00010111011100010100
10101011001111100011
01000110010011100001
11001000111010001111
11100111001010110010
10001111111100101011
11101111111110001100
01011011001010100101
01001110111011001101
10100110001111011111
00010111110010110001
11001010110000111110
00010100101011010101
01000000110110001100
10110001110100000011
11001111101000010101
10110101110010011011
01001001000011001101
11111011001001000011
11110110100100001000
11001111110100010100
10011111001000000110
10000101100110101000
00010110100101101100
00100101000011000000
11100101001100011001
01010011000110001101
01101000001000000000
01111101100011000110
10101001010011110100
10001010100011010001
00101111100011011100
10000101110101011000
00101100001101010001
00000111011110011100
10100001111001110110
00111001011100001010
00010101100010111101
10011110001000100000
10011110000001101111
01110001000100001111
00011001101100011010
01111001110001001001
11000101010101011100
01011110010111111111
00000001100010100010
11011101111100001110
01001101011100110010
01101011100111110001
00001101000000111010
00101111001100001101
01111110010001001111
11110000000110111000
11001111110001000110
01110100101100011110
01000101101110111111
01100101110110011110
10100100110011100100
01010011100001001110
01111001100000000011
01101101001110100111
10111110001100101101
00011011011010011000
01011010010101001000
11100111011110101100
10101001011011011000
01010100000010111101
01101001111101111110
10000001001100111101
10010010111100101001
11101011111111111110
10010111001001111001
10100001011010101000
11111011101110110001
01100110111000110110
01001000000100110111
01101010000011001001
11110011101001000001
00101001010101011010
01011011001110011001
00000010000110010011
01010011100000001011
01111111011000100010
00111010101111101001
10110011000111110110
00011101011011110010
00000100101101111011
00010000101100001101
00101011000101111101
11101010100101111010
01110011010001101101
11001010011101001011
10001101011010000101
11000100101011001101
11110101101100010110
11010111011010000010
00110101110100101001
00011100001100101100
00110010111000010110
01011101000010010110
11000011101100100101
10111111010000111010
00111110100000100111
01001011100001110101
10110100100010000010
11111110111011110000
10101100100110100100
11111110010001001110
11011101010100111111
00000011111110100100
10011100111010111101
00101001011111011101
11101110001000001100
01001101010011101010
10110011011111001001
00111001011110001010
11101000101110011101
01101000111010011011
01101101100001011100
11001000001111010010
10100010101100010100
10000000110001000110
00111010011110010010
11100110100100110111
00101111111111000101
10010011010101110010
00101111010000001101
10110010110101111010
10010110010100111111
01010110101000001110
10101001011101011011
01001101011100101000
11010101011010110011
10001110101001000111
10111010101011111111
00100001001011000001
00111011101011001000
01010000101101101101
00101001110100010011
00010100111010111111
00011110011010010000
11010101011111101101
01110011000000101010
10100101110010010110
01011100001001111000
01100010001010010100
10100110110100110100
00000100001101100110
11010001110011110110
11110111100011101011
01000001000100000111
11111110010100100010
00011101011111011111
11111000101000110001
10011011100011100000
11011111111011110000
10110101010111110011
11100010101001001110
00011101110101110011
10111000110010100111
00111111110101000000
01011000000000100110
10000011100010110110
00110010010111010000
01111001011110100010
11101000111110110010
00111010100100001101
10100010011101110011
10010111000100010111
10010110101110011100
11101010000000111011
01110100110110111110
00110001011110000000
00111110000100010101
00110101101001000111
01111110110010000011
11011110011001010101
11000001000100001100
01011111101010101010
00101101110011111001
01000011100111110101
00101111100111001010
00100001110000100000
00001001100111111000
01110110010011001001
11010011000111000000
10101110000011100001
10011101000111001111
01101011001000011110
10111111000011001110
01100111100010101010
00101000010110010000
10100100011111100101
11101111101111011000
00101110001010001111
01011000101000001101
00101101010100110111
11110010001011111001
00110000101001011000
10001000010011100100
10100111100011000010
11010101101010000001
10000000110101010010
01101000000001101110
01001101001011010000
00100010001100110010
00101111100111100000
11101110111010000001
01111000110011011100
11110000001101011001
00011010011001111000
01100111001001100111
10011011001110000100
01001111100000101111
00011001100001010011
11111001100111011100
11111000111001111111
10010110011100010110
10001010001110000001
00010011111110011100
11101100111001011101
00000110011111111101
11011111100100111001
00111001110110100010
00100010011000110111
11110111100011110111
01111101101001001111
11100110101100101001
10110000111010010000
00111101110000101010
11000000110111101110
11110011011011101110
01001100101100111000
11000100001110011011
11110000100001011100
01011111101010101001
00010011010111010010
11111101011101100101
10011111001000010111
11101011011111100101
11101010100001101010
11111011100101101111
01001000111010111010
00010001101110011110
01010110000110001110
00010110111100101101
01010101111110001100
11011000111001011001
00110011110110011101
01011010011111101000
01100110110110100110
10111010101010100111
01101011110011010001
01001111110001101000
11011001101101000111
01011101001111011000
00100011110001011010
10001111110010100011
10110101111110101011
11111011111001101110
00100111010010100010
01010100010000010011
00011000001100011111
11100001010101000100
10001101110000010110
10000001011111001101
00001101001011111010
00110110101100001001
01000101001110100000
10010010011101001000
01001010101111011011
10001100010001001011
11001010001001000001
10001110111010110110
10100111101001001010
10111110011011101001
00101000101111010101
00100110000011101111
01001111110100110110
01101000001101010110
11001010001000011010
11011100010011101000
00111010111100111011
11010001111110001110
10000010110001000110
00000010101000100001
11111001111100101110
00010100100010100010
00001011101110000101
01010110011010000011
11001011101010101100
11110110011010010100
01101111001101010100
00001001110000011101
11110001001010101101
00001000100101100001
01111100110010101011
10011101000000010110
00001010111101100010
01010111010000010110
11100011010000010111
01000100011001000011
11101010001101001111
10110101000000101000
01111101000110111110
01111110000011001111
10100000000111101000
00010000110000101001
10111100110111100010
00101111101000100011
10110001110011110100
10101000001100001010
01010111000011001001
11110010101001011101
10001010100001111110
01111110001100010011
10011111000010001100
11101000010100000010
10100011000110011001
11111000111101001101
00001110000110010100
11101110101011000110
11110011000000000011
10110010001011001000
00110111011100011011
00110111001111000011
01110001111101010010
10000110011111010101
00110100000110010000
00001000100110110011
01110101000011110101
10110110010000111111
11011100000111001100
01110100010111011011
01110010101110011111
00010111001100111101
11111100010100111000
00010010110100010011
11011000111100010101
10111101100110001111
01101010111001101100
00101111100101001110
01110001010111110110
10000000110110101101
10100000111100000110
00110010110011010011
11011101010111101000
10101010110111100110
11011100011101111111
11001011110110000010
10110111011100010101
00001110101100110001
10011100011000001100
00000101010100000111
01000100100111010011
11000101001110000001
11001010001100000111
11110110111100100110
10110111101100110001
00110001000010100101
11011011101110010011
00110001000000110101
00110000100011011110
10100011110010010100
10111100010001111110
11111111100101101010
00100101000111100010
01010101111110111101
11111010101110000011
10111000111101101111
10001010010110010010
10001110111000010011
00110011101101011010
11011100101100110111
00001011110110010110
11001010110000011111
11111111100001111110
01000110001000000000
10001010001100010000
10011011110111001110
10011110010101110100
01001100001101010011
00100100110001000110
01010100111001000111
01000010111011000111
10100110110111110101
00001101010001011111
11100001100110100110
10010111110110101101
01101011100111100101
01001101111101110100
10101111110110000000
01101110011011010110
01001101010010010111
10110001110111101000
11111100100010011011
01011110011011101100
01011010110000111011
01011001101101000101
01100011010100000001
00100101010001010000
11110111100000000100
01000101000011011110
00101110010100100010
11101100101000110100
10101000001001000111
00010111011101111101
01000101011111100100
10000001010000010001
10110001000001011100
11110101110010011100
10011110001111111010
01111011111000110101
10010101111000110100
00011000001101011000
01011111010101101100
00000100101001100101
10110100110011000011
01100011001101111110
01111100100000010100
00000110100000100000
00000111011111010100
11100110110011101000
00010011011010001100
10011010100100101111
01010011101110111000
01010100010001101000
10111110001000000110
01110010100011101111
00010001100011001100
00000100000111000111
00001100111110010000
01101101001000101010
00000001111010100100
01101101101101101101
01000011010010011001
11111011101000001111
01010100000001100000
00111010101101100110
10111011010101101000
10100110101011100100
00100111111100100011
00111001100111101000
01011000000110011111
10101010000001010000
11011010000010001101
01011001010110010000
01001100011010000100
11010111001000111000
01111011111101010010
01011100101010001110
10100010010001001011
00110111011111110100
00111001000010001000
11000110100111000111
00000000101111000100
10010101110011011010
01100100100001000001
01101000011111111110
11110000101101101011
00010010101101101110
10111011110110100100
11000101000110001100
11101010001001101111
01110101110100011010
11111011101011101010
00000100101000001110
00101101000110010011
00111010001111011110
10101001000110010111
11010111010100001011
11001010110101110100
00000100111001101001
00100010011100100101
01011011101001100000
10001001111010110010
01001010001001000011
10100100100101011111
00101010111101001100
11011010000001011011
10110111100110010110
10011000110100110000
11100001100011011111
11100101100010000111
00110011001001111011
01010101000010011000
10011100110001100111
10110011000001100111
11101000100001010011
11111100001110110001
00110001011011101010
11101111010110100010
10000011001110111111
00000000100001001100
10000000010111110101
10101010011001010011
11110111011111010100
00010000101111010111
11001010100001011010
10010011111011001100
01000111100110110100
10111010111100100010
00011000101111000010
10001110110110000111
00111100100101001111
00010001110001011000
01110011001010100011
00001011000101101011
11000111110111110100
10101111100111010000
00110010111000000111
11000011000010000010
11011011110011010111
10110100100001000011
10111000000001111111
10110101101111101100
11100100000111111110
10101011101001001110
10010101100110111101
10000110110110000000
01001011011000111111
00101101111000101000
00011110100000111010
00110101000011000010
10111010100101101110
00010000011110100001
00010011000111000101
00111010111000011101
11110010110011101001
00001001110110011011
01100001110110101010
11110010111010111010
01100100100100111110
10000001101100001001
10000000010100011011
10000001000010101101
01010110010100011010
10010010000110011001
11110011110001000000
00000101000011110110
10010010110110011011
11101100011101000010
11101001011101110011
10111000001010100110
01001110111100001000
00000100110100011111
10001010011110101011
00100000100010011100
11101000111011110010
00010111100011111100
11101100001100001111
00010111000100100010
10101011010100000000
00000100101001101001
10001011011010011011
10100011100010101010
10100000010111010100
01101111001110000100
10110000011101011101
11010111000101100001
10001000011010010010
00111100111010011001
11101001001010101111
00100000101110000010
00010010101111111001
11110001100101100011
00010000010100110000
01100110010110001100
01100100100110101000
01110011010011111000
11000101101111111111
11100011011001000010
01100111101110111001
10011011100101000011
10110101010100111010
00010101010101100001
00000111111011001011
11110010001100011111
01101110101000101111
10111111010111111101
11100100100011100011
01110000001001101011
00010110110100010101
00000101000100010110
00101001110100000001
00110111011111011010
00101110010001011110
10010101110010101110
10100101100000111100
10100101011100011110
00001100100001011110
00001011100000101011
11111011110000111001
01010111110011010100
11111011010010110101
11101001001001010011
11000011010011001100
01111011010101001001
01111111000100111000
01011001100001011001
01111010001001110001
00110000011010010101
10100000001100101100
00011110011001100011
11010100101101010111
11100001000001011110
01100011110001001001
11111101110110110001
10100000000000110111
10111010011010010111
10001101101101100010
10011000010100011010
10101011110101001011
11010011111010100110
01001010110111011010
01100001000101101000
01110100101010110110
01001000111100010010
00011110011101101011
10011001101110000110
01000110011110101101
01101100100100010011
00001101000010101101
10100100111010010001
01010001011101000101
01100000100010111100
00011011010111000110
11111000000110110111
00101011000000001111
01100000011100100101
01001101010101111100
00111100011010010100
10000000100100011000
11001010111001001001
01110010001100001100
11000101110000111110
01100001010011011101
10001011101000011001
01100100111111100000
10101000111110111110
00110111101011001001
10010101111010100001
01010100101010011010
11001110100101101011
00110011001010010000
00000010011111001000
00110011000110111111
01110101001000100111
01101111011001000110
01100000101011001100
01000010011000001001
10011110010010001001
00001110001011101100
00010100010101110000
01000000001000010001
11101100100001110001
10101111100011010110
11101000111010100000
11110011010111000111
00011101100110000011
11110110011000010000
01110010101100111011
01111101001101111101
00000010001111111100
00100000100011110100
11101101111011100001
01011111101000111010
10100100100110111011
01101001001111010000
00111110100011111011
11101010100101001111
10110100110110101001
10111010011010000000
00001011011011011011
11101001110011001001
11100001011101100011
00111100100000101001
00010111110010110110
00101010001001111011
01011110000101010011
10010001011101001011
00010011001011100111
11011011011101001110
10010000001111011000
01011011011010001111
01000001000101000111
10111000101100101011
11111100111100011011
10110111110100100000
00111000100111101001
01000010000111001001
11001110110011000110
00000000001010101110
00011011100111111101
01010010110001111111
01001000100100011110
01100101011001111110
10010001100111010001
01101111001001001010
00100110100100100000
11101011110100110111
11010101000101010010
11000110101111110001
00011010011111011010
10111001001010111100
10110101001000011101
10110111000111011000
01111011000000111000
00000010010000100111
01110110101011100111
10001110100001110001
10111110111001010001
01111100100001111001
00111100010001001110
10100110101110001000
11010001100100100100
00000111101011110111
11001000001011001100
01000101000010010010
00001001011001011011
11010111000001110001
01101111100011100100
11011101111000111100
11100101010100101110
00011100110011111110
00101111111010011001
11101100010101111100
10011100011011100110
10110011000111110000
10001111000000111101
00110000010000000011
00110111000000100011
11001011010011001100
00000000111010111000
10100000000000101101
00110001000000110011
00101011111101110111
11110110100010111010
01001001100010101001
01101111011110111000
10010011011101100011
11110000100100111011
01110011010011101111
10101111011110101010
01000110010111011111
10011111001111001010
00011101001110110010
10001100000001101100
01100011010010111100
00000011110111010100
01000001011011001110
00000000110110001100
11110000010001001110
11000001000011110100
10001100100111110000
01110000110101111100
11000100101100110011
01011110000010010011
10010100010101010010
01111110001000100011
01001101100110110001
01101111001000101011
10000011101110100111
10100001110111110100
00000111011000011100
01100101101001110011
00001111111010100000
10110010111001110001
00110000001101110000
00100001100100100010
00010011000110001111
01011110100110011000
00001010001100111001
00111110111100000111
01100010100011010000
10010011000000101001
00000000010100010011
00001100101011011110
10110000111101001001
10010110010110111110
10100011001000011001
00010011100011011010
10001111111011111110
11010111001011111100
00111110000100100111
10110101001010010100
10010001100001010001
10100100110001100011
11011001011011100101
00000001010001110011
11101000000001011100
01111101001111101111
11011101001010111110
00101011101001100111
00110100000101111111
11011111001110110110
11001110101100011001
01111001100101001010
11011111010010000011
01101101010010100000
10101000010011101001
11011110010001101111
11001001011100101111
01111010100001111001
11100101101010000111
11100111101001010011
01100001010100111111
00011111101001010011
11010110101001010001
11010001111110010111
10001101101100111101
01111001110010011101
10111110000011011001
00001111011110001101
11100000100000001100
01110010011011000000
00010110110101111011
11100010110000011101
01010010001011010000
01101100000110010110
01001001011101011110
01001000101000110111
01010011100011011011
01110100111101010011
01011101000101011110
11101011011111110100
01000111110001011111
01111011011011101001
10010110000010011001
11000001000101000101
10001101000100100011
10111010001000000101
10111001100011101000
01101101110110111110
11000000100011100111
11100010011101010100
00010011011101010010
01111001001110011111
00100001011100010010
10101111101111000001
10001001001000111011
00101100111100110011
01011100111100101100
00000001010111010001
10000111000110110001
11011111000111001010
00100011101100010001
00010000101011110101
01011001011010100011
01011111010101101000
10001000010100000101
11101010011001001111
10010010010011011001
11010111100011010101
00010011101011001101
01110010100000101000
10111111100010100101
10111010001000111011
00000011100100100010
00100010001101011111
00101011010100011011
11011100111001001101
10100111001011101000
00011110110010010110
11110101011101010000
00011101011110110100
11111100111111101000
10010101000011111110
00101001011110101000
01101111101101001010
10110110010110001000
10100000010110100011
01100001100110000111
00000101011111101001
00111111000100010011
10101000100111001001
01110101111111101000
00000001100001101111
00011110111010010010
01110111000110100000
11000101111000011111
00111000110011000000
10011001101001110110
11010110110000000101
01101111100101000111
11010001111100011011
11010010011000001111
11101000110110010101
00110111000011111100
00100010111001000100
10111100101100110110
10000000100110100001
11011001010011100101
01010101101000000011
11001000111011100001
11011010101111100010
00100011110101110000
11111011101011011010
00111101101001001110
11001110011111100100
11101010011010111001
11111101111010010011
10110000110100101011
00001100101010011000
01111110110100111100
00010110010101100010
10110000110000000101
01011001111001011001
00001001101111000000
01111101101010001000
10010101111000100000
00010111100001111010
01110010000011000110
11110101111010000011
01000100101000000100
10000100101100101001
10011110011101011101
01000101110110111001
10011111001001011100
01001111100001110001
00000111000110001001
10000101011100110010
01111001110110001000
01100001111000110111
00010101110100001000
11101000000100100001
11110110011110101100
01110100100111000001
11010011000100110110
01011110001001100100
11011001001111000111
00110110110100010001
10101011001100001001
00000010000101001001
11100001101111000101
00100100100110001010
00011001011100100101
01110110101011000101
01011110101010101111
01100101100010001111
11110000000010100101
10000001011011001101
11110011011001100001
01001110110000000010
10000101001100000000
11000101000010010101
00001010110111001111
10010010101110001100
10101010101101000011
11100000001111000111
01010111100110101010
11110111100011100101
10100101111111010111
00000001111101000101
10000010011101011101
11110101011101110011
11100101001010100011
10010110010001010001
00110110111001111001
10001110101111111010
10000110100000010000
11100000110100000100
11000000111001011110
01101001110101001111
01011100101110000101
01111110001101110011
11010101000011000011
11111110101100110110
00001101010101011001
00101110001001101101
01111110101001101001
11111111111100101011
11011011000000011001
11100011000110010111
00010000011100101011
00000101100000101011
00000010001010011010
00101110011010000000
11101001011111110000
10100010111101000100
11000101101101010111
10111110011011110011
11111010100110011101
01000010010000000010
00000110010011000001
10101010110101000101
10101110111111111101
10000010011011011110
11100011100101110100
00011001111101011111
11100011101111100111
01100001000000111100
00110010110111100011
11010011111011001100
00111000111111000111
01101000101001100011
10011011011011110100
00110100011101001010
11100101111001001011
11110000010010111101
00001001110000110111
11001100101010001010
11100000110011010011
00011000011100010001
00100001110101101111
00010000100011001011
01111101111010001100
01111001111100111010
10110110000000101001
00000001110100001101
10111000011100111110
11011100111000010111
10110111101100100111
00111100000100100101
01111110101111000001
01001111111011001010
01101110000000011001
10111010111111010001
10000001110011110010
11111100110100110001
01001100001111011000
01011011100110001100
00010100101101111110
10101101110010100010
00100000001100000101
11010000000001110000
10110100111111110010
00100101110111010100
01010000111101010101
00000101111100011110
00001010110111000000
11000110100111110011
10111111000111111110
11101111111010101110
01011001010101110001
00010000000010110010
10001010000010000100
11111000010001000011
10110101100011100100
00010011111101010111
11100000001000100101
10110001010111001111
10011101111100101001
11000011101010110010
11011100110010100011
11110110001001000001
01101010000100001111
11010111011001110111
10001101111000000100
00100011100011000111
11011010100101000111
00011010000010011100
10101001011110110010
10101000110100011001
01110110110101100010
11010110110001111000
00111010000111110011
10001100000101011111
00101110111000001111
10101110010010100111
01010110000101100011
10000011101111110110
01111100001100000000
00001101100001010011
00000110110000011100
11110000101101000111
10011110001011101111
11011111001011001111
11101110101011110101
11000101110001110011
01011101011100001010
00000110100011010011
00111111101000010011
00011010000000100110
11101101110100001100
11000111011011001111
11011101100000001000
01001110000101001111
10100011001001110100
10101111101001110110
10011110110011000000
11000001100101111001
11010000111001011000
00100101010000010001
10101111011110101001
00011011001000101110
10101110110101101010
00010001011100101101
00101101101100000010
11011010011010001001
01010101001100110111
11100000010010111000
00000111000110100011
10111010000001111110
01000101010111011110
00111001000101000110
00111110111110011111
11010000110011111010
00111010010101001001
01101111011110110111
01100100100011001001
00011101000001000101
11101000011000011101
11011100111110110011
00100001000011001000
10001111101111001101
00010101001011010110
00101010101010111001
10010110110111110000
11100101001101010011
10011011111001101000
10110011000101101110
11000010001010110100
10100111110111111000
01111000110110001101
00110011111000111101
00100001110001110110
00100011111101111111
00101101100110100101
00110111111110001100
01101001000110100100
01101000100111111110
00100100011110011001
01111110110001001100
10000000000011010110
01111010001110100100
00110001110010100110
00111101100111110001
01110011100010010010
01110110010100101100
10100101101100001011
00110010111001001011
00011000011011110011
01100011000000110110
01100100011000010000
01000001110010010010
01111011111010110000
00000100111110010100
11000100000011100011
01111010000001011011
10011111101010001110
10111101110000110101
01101101111001110001
11111011100110100010
11010001011111100010
00110010111001110011
01011010001000110101
10001000101010100110
00010100010101101101
01010000010011110001
11010001111101011000
10101101111101001010
11101010110000100010
01111110100011001011
01111010001011100010
10101111111101100011
01101010011100011100
10000001011110101011
01010100011100011011
10011011010100011111
01011110001010110011
00010110011011101010
11010000000001101110
01101001101101111110
01111100000110001100
11111001010101100100
00111001001000000100
11001011111000000110
10111100101011000110
00000011111110100000
10110001010101010011
10100111100100110100
01000000000101000001
10111011101010101010
00000011010100111011
00110101000110100010
01100110010010001111
10110100011100111001
01101010101000101100
10111000011010111101
01100111101100100000
10110101000011001111
00000111011101011010
01110100100001110111
10011111000010000010
00001100111011100110
00111010011100011001
01110011010010101110
11101101010111011001
00010011000101111011
01001001001000111011
00010001111111111100
11111110000111110110
01100011111001000001
01010000100001111110
01110111001101101101
00001010111111000111
10010001001100110011
10011101111111111001
00110110111000100001
00110011111101001001
00100011010010110000
10011011010000101101
11011010110000010011
10101011111010001010
01111110111011000100
01111100100100010001
10100000010001110100
10100101100010110011
00011010010111000111
11111011111100001111
00110010100011100100
00001000101100101010
11100011111111001101
01100001101101010110
00011111001000111111
01010101111000000000
10101101111111110001
11100111000010111011
01000011010010101110
10111101100000010011
10011110001101010111
01001000011111101010
10000001011010010001
11110000111111011001
10110101000101010101
11111000110000110111
00011110000011111100
11001110010100110011
11010100110001101001
00100101000010100101
00110011011000010000
11001110110101111111
11000011011000010100
00110110101101101000
00011101100000001011
11101001001001110000
11101111101110011001
10001101111110111110
11110111011001100010
00100000110010001101
10100101000101110101
01000110010101110010
11111100101010010000
10001110001100010011
11110000110001101000
01011010111001111001
10101001110110010010
01111001111100000001
00111000101101110000
01000000101000000001
00101110110100110100
00000101111000001011
10110101000011010110
10101000101001110000
00011100101000000110
10001110001011111001
00110001110001010011
10000101110010100100
11101011100110101111
11100100011110101001
10101000101101111111
00011110101100000110
00010111001010100101
00001111010111110110
00101000000101110100
10011101000100011000
10100010011010111000
00111100010110000110
11010010111100010111
10011010100110000100
11100000001101110111
11110001000101111100
10111001000010000001
01111010111010111010
10001101001011010000
00010000100000001000
10001010101011100110
11011010001110001000
11100100010110100000
01100100001100111000
11011100011000110010
11001111110010100000
11111000011111010000
00111100010100001000
11001100100011110101
01000101011001011110
00011001100011010100
00111110000111011111
00100011001101011000
10110101100100101010
01010011010001000110
10100010011100011110
00100001101001010011
11001100100111011111
11110000100000110010
00001010011000011110
01010011011000100010
00111011100011001101
10110111110100011000
00001101001010010110
10111101010110101011
11000000001000101100
11011000011100100111
11001001111000000010
00100111100000001010
00000110111010000110
01100011000111110110
10011101001010001110
10000110110011010011
10110100111000110011
01101100100000111001
10111000001100100101
00110101010111011111
01010101101101000000
11110111001001111000
11000001111011001011
00010001101110010001
10000100010010110000
11000010000100010111
11100111001000111010
00001101100010000111
10100001000001000100
01011101101100001000
10001111010110101011
10000100110001000101
00111011111010111110
11100000000001000001
10110111001111000011
00001011111101011001
00100101110110101100
01010111011111000000
01100110011100100011
00101010100100001011
10100101001111110111
01100001010010111100
11010010011101100011
00111000011010111110
01010100110100101110
10101011100011000101
01111110101010001011
00101010101101001111
00111100010100111000
00101111000011000101
00000111111110010111
01110000010001010111
11110100100100101000
10110100100100100000
11010111000111000000
01000100111101000001
01001101000001100000
10010011100111110011
11110011111011010110
11011100000000001110
11111010010001000110
11101100110011110100
00100100000001011111
11100000110110001100
11001100011000100010
01001010011010111111
11110010010000110100
00000010000110110001
00011101110011101100
01110001000101010100
11100100001010010010
01010000010001100100
01111010010010011110
00011011011011100110
10100011101100001010
00111011010001000011
11011110011010000101
01111001011000001110
11100001101010010111
01110111101110100011
00110010111011010011
00011000100011110101
01110111001011001010
11000110010011000100
11111101111101001101
10101001101010111110
00101011010111011011
10111000010101001001
01110001110110111000
01000101111101111010
10010000111011111000
00000001100110010000
00000010000101001111
00000100101000100110
01011100000101101101
10101101000111001010
11001011100111010000
01100010110011100101
11110111000101010000
01101010011110101011
00011111000111110010
11110110011011001001
00000000010010101001
11111110011110111100
00111100100011101010
11110111100000101000
00010100100000000111
10001111110010000100
01000110000000001011
00111010011100011100
00011010111011100101
01110111100000010111
11001110101011001010
10011000110010001111
00001000101111110111
10111110001010100010
10100011100101100101
11011000010111011100
11100100110100100111
01010011100000100000
10000100011111100010
01010010100011011010
11111110100100010000
10000100000011110100
01011011111000110000
00110000101000000110
00110000100010111000
10011000101100011100
10111110000000101100
11010011011100010001
11000111100101111010
01111000101111000100
11111110011000111001
10111111011111111101
01110111010101001000
10110010010011000111
01101101011101010000
11011000011001000010
10100110101100010010
10001011000001010000
10001110101000100000
11011110111100111010
11011010101010011110
10000001110111110000
10110010100101001100
10100011110011000101
00111011000001001010
01001110000010110110
01011011111001111011
00111110001101101010
00100110010100111111
01100111011111101010
00111001111101101011
10100011110011001010
11011010101100101011
00110101001000110110
10001101110010000100
00001000100001101110
00111010100011000101
11110010001011010010
10000100001110101110
01001100100011010011
10001010100011101011
00101110010111010010
10110101001111010110
00011101101111100011
10111011000010010000
11001010001110100100
10000111100010010001
11111001110101101010
00001101011010110101
00101110101001000010
01111100010001010000
10001001101100100001
01110101001100111011
01110100010101011111
00010000000100000101
10110001000100110100
10010101101000110101
00100110100111011011
11000111101011111000
00001001101000101101
00110010101001011101
01100001101101000011
00110100110110000010
10000110110010111001
11111001001011011111
01100110000110110001
11000111111100110010
01001110101001110011
11101111101001001111
00001101100100110001
00110100101010111010
01101000110100010000
10000101011101010001
11100101111000001010
11111110011001010010
01010000100101000101
01100110100100011000
11010111010101110101
10111100100001001001
11010111010000100100
11100011100010101111
10111010010111110100
01111111110010011000
11011101111110001000
01000101110100010001
11011000011010001000
10010000001110100011
10100000101001000000
01101111000011101010
00110011100101001000
11000100110100011111
11011001100101100010
11001001010101010100
00001100011101110101
00001111100001010100
11010011110001000011
10010010010000011101
11100001110001100100
00111101011000011100
01011111111000110011
00101101001111010010
11000111110010100010
00001001110011010001
11100001100000110011
01011111011010000000
01110110100101110111
00011010010010101000
00010100110000101011
10010011110110100000
11011001110010011001
10001001111101010101
01111010011100111110
10111111100100100000
10010001010100000100
10000011000000011001
11011111010101000010
00001001101001011000
11000110101010100101
00000111010001010010
00110001011100100101
01001100001101100101
00101010110111101001
11101101001100100110
10111111101111110101
00111100000110010011
11101100011000010000
01000100001010010010
10001101110001100001
10011001111011101011
00111011111101011011
00010100100110000111
01010011010100110000
10110110100110110101
10111101001000101011
00101010001111100111
11100000011001110000
01100001011010101110
10000011111011001110
01000110100101010010
00110010110000000101
01110011000110001010
00000001101111100011
00110111110101011111
11111010101100101001
01111000110100000011
01111111001010001111
11101110010001111000
11111011100110100000
11100001110100111111
11000011001111010111
10100001100110111110
01100000101000100000
10111010010100100101
00011110111001111101
01001010001011010100
01110100000100111000
10011110010001111101
10000100100001001110
00001111010100101011
11101010111101011111
11101000011010001110
11110101001000101110
00110000010001111011
01110111010000000001
11010010100101101011
01011100100100011111
10100001100000010010
11110000011000110001
01011110001000001100
01001011110011011000
11001101110010001110
00100000001011100010
01100010011001111111
00000111010010000000
10101011000000000000
10110110100000000101
00110101110110100011
01110010010001000110
00001000001000101000
10110101101001110101
11001100001011011011
01101111110010110000
11100001010010111100
10001101100000000100
10001011000111100110
01101110101100011010
01001100001001100001
11010010011000011101
01010101111111110000
10111000100010111001
01110100001001010111
00001110101110000000
00001001000111100101
00111111100000101101
11000000111111101000
10100101100111010001
10101000010011110010
10100111101001000101
10000110101101110011
10111100101101010010
11011100000111010100
00110001000001010100
00010000110101110110
00110110110101010001
01111000000010001011
10101100010010110011
10111101110011101000
01000100111111101111
00111111011000101010
10010011000110001111
10110011010000111111
00011000000001010110
01001000010111000000
00101110010111000001
00100110001001111011
00100110000000110110
01111110001101101010
01111111100011001001
10111111101011011100
10011110011010100100
10011010010111100100
01010101101000000111
01111011000111110100
00111010001000101100
11111010000101111101
00111001100110111111
10100001111000001001
00101010101001111111
10001011100110111010
01101111101001001111
00100111001111010101
00101001100111111011
01101110111001001101
00101111100001001001
11100100110000111000
01000001010010100111
10011111100100101110
10100101101111010001
10100000101111010101
01011101101010111010
00111101110000000110
11010010001101101010
10010001100100111100
01111111100000000100
00001000010101101001
01111010010111010111
00001000000011000100
11000100000101111101
01010110011000001100
11000000000101100111
10100000110111101010
01011100100001011100
00111110111100010010
11010100010101011110
