40 1023
1010010000101111100000110101011011010111
0000000111100010111111110011000111110100
1110011000011101000100100010100000111101
0111011111111111011111101110000000000000
1001000111000011001100110000010011010011
0101010110100110101100101010000101111000
1000001111111111111100101101001110001001
1010010000000011110010100000111000111100
0000100100000001110001011110100010000001
0000101001100001101001100011001111111101
0111010111110100111000100111100001110010
1100011010110111010101010110111000011010
0011111110011110001011101101010101100001
1011000101001001101001101001100010111110
1111111011110111010011010010011111110111
1001000100101000101010111110010100011011
0111111100101010000010101101011010100110
1000110101001100000010100100100111010001
0101011011110101001010111001001100010010
0110000111010001110111110110101000101100
0011111100000100011000011000111001010111
1011001000110011000001110011100101001001
1010001101011100101110011111101101000000
1110000001110001100110101111001100010001
0100110001000011110001011101010100100010
0101011010011111100101111110101100111110
0010101101010110111010111111101011010000
1010111010010111110100100110000011110001
1000111101000010010000100111011011101111
1010011000001111110001000111101110110101
0101011000001111000001101110001101101101
0100110001101010001000010010001011100011
1011000100011001101111110011001110010111
1110101110010010111011011001000110111111
1111101111101111111000000010000110000001
1011001111111100100010010011110000001010
1011110011010011100000111110100001101000
0111000000111100100011011001110010100101
1010010100100001100000000101000011011010
0000011100000001111011111000111010111011
0011110010001111001000001010011110001011
0001111101000010001010110001000010101110
1010001110101000000110110100011100000110
0010101110110001011111101111111110010000
1100111001011001011001111010001011110101
1000000001011110110101000101011111110001
0101010011110000100111100100111110110011
0000011100010011100111011110010111010101
0111100001000010101101001001100011100010
0010010011001011111010011100000110101101
1011001111010110011000111010000110001111
1101010110101001111111000001110010101111
1000110001110111010101101001011010011100
1010000110111110000100011100000001001101
0100100101001100001000111101101101111000
1000110100011000110101001010010001010010
1000111110000101101000110000101011010100
0011111110000110001001000011001001100001
0111110111110101010110000011001011100001
0001001100101100111000000101010110101011
0000101010100100001110011001011010110110
0101000101110101001000001100111011001110
1111110100010000100101001010111010010000
0000001101001011101101100000001111111001
1111000000000000011001001011111100000010
0011011011111000100101010010001100010011
1110000111111101100110000000110001010110
0011001011110110101101001101001111100010
0100011101111011101011000100111011101011
1010110001110000010100111110000111100100
1011101100011100010110001010000010110110
0101100010011001011111111110001101001000
0001011001100100100101010100111001101000
0010000000000100000111101001000011101101
1001100100010111110000110111110101111001
0001100011100111110100100101010011010010
0111111000100010110000101110011111101000
1010010111010101100100101011111010110111
0110100101111000001001101011000110010010
1000010011011001000000101001101001100001
1010010111011100101011110010000010011100
1000101000010110101010001100101001010100
0001001110110101011001010011011011101101
0101011100010001010000101011010001101100
0000010010100100110010001001011101000101
1011101101011111110000100101000011110101
0110000100110010111010001011110111101011
1011111011110001011000010101100110101001
1111011101010100100101011011000011101010
0011100111111011000010011001100011111010
1001111101001001111000111111000011010100
1011100111001111000000000000100110100100
0011101010100001111110110010111101010010
0101110100111011011010010111110100100001
1111001101000010011101001011101011000100
1100110100000101110010111100010011011100
0001101101101001010011000101100011101001
0010100000001001000100011110110101001001
1111111110010110100000101010010011110100
1100111110001110101011000010001110001101
1011001011100100100111000111111011000000
1110010111100000010101100000000111010011
0010011001010001000111111111110110010011
0011000010111111001010110110111111000011
1011001110000001000011001001000101100000
1110001111011001110100000010110001001110
0111011110010101101010111000101100101011
1100010001100011101000111111001111000001
0100000001101111010110110101001100110010
0110111100001011100011111101101111110000
1000010111100000101010010001111000010100
0110100111010011010000010010100001000111
1110000010011010101000101110011110110010
0001100010001110010100010001001101010001
1000110011000100110100100010101101110101
0100111000110010101110011110010111000100
1101010000100000110001100010011100101000
0100110010001101011100110111100001111010
1001010100000110001001000110010001110011
1010011011100110110011000110101110010001
1110000011100101001010100101010010110100
1111000010111111011001010010001111001100
1000111010110111100111000101100111011110
0011101000001111011101001110000010011010
0011111110111001101101000100100101001011
0001110010101100000000110000011000000010
1001001011000101101100001000000011011011
1001110101010000001101000110101000000100
1110100010011010000001000100011100111110
1111110010001101000011011000101011011111
0001010111111001111000011110011101001011
1010010110011110110000111011110000000011
0001100100000011110110010101101001010011
0110011010001010100110100011101110111100
1100011011000011001010010111111110011000
1010001000000101100101011010001011011010
0011000100110011000110101010011110000011
0011110101101101000000110111101001000110
1110100110110110001111000111100111111001
1000011110010111100000111111111101101111
0001100100000011001111110100000001001010
1011001011101011100101011100111011001000
0010000111111110100001101100111011100100
1111100101000001000100000010011101001000
0011011110111111111110101011100000111011
0110010110101110100100111110011001011101
1000100011001111010001101110110101100110
0000100001010000100011101011010011001110
0110110101111001101011110101101000000110
1110101010001000001010011001011110011100
0011100010001111010010101110010111011110
0001011001101011100100110101110010000110
0110001100110011101101010011110001000011
0101110101110010110000111110001010000111
1100001011100111111001111111110011100001
1010001100001101000101010011101101001001
0110110001101111101001001011001011110000
0011100000111101000000001010000111011100
0100101110100011100010011010110010111111
1011100101010101000101100110010011100100
0010100000000000111110011100101001101110
0101101010000100001010010000110111100010
1011011101100001011010001001101001110010
0100000010100111100110001011001101000111
1011000111110011110000011010110110001111
1110000001101110110110100100111001010111
1101111000011110100001100100001110101001
0001011110101101011010100011110111000011
0010101011100001001010011111100101010000
0011000011100101111011100000011000111011
0011000000100000111011010000001010111011
0010001010111100100110011111011110110111
0001110001110011100101110010101110011011
0111100101111011000011011010100110000101
1100010010110001111001110011000100001010
1111111100000110001110110000111110001000
1001111110000001011110000011010011001011
1111100000101111000111101001100000101010
1101100011000100100011111010101110100100
0111110101110001110010010111110101110111
1011000100010000001001001000110000101011
0011010101000110010011010010111001111000
1011101101101110110101001100011010100111
0000100001100001011100001001111101011100
1011001101100000011001101000001100011101
0100000100111000010000011101110111100000
0111111100000011111100011101110100100110
1010110000011000011010101101001000110111
1101111111001100111110010011000010010001
0011111001100100011011010100001110000100
0010101100100001111000110001110000001011
1111100010101100111101100101100000110100
1010001010111011011010001010000000100101
1001001100101110101001101010011011000011
1010110101100000000111110101001000111110
1101100010101000000110001111110011100000
0001010010110111010000010100000110110010
0000110111100000111111001101101100010001
1010010001011000100011010101001101010100
0011101110001110100101101001011110010010
1111010010101011000011111001000110110011
1010000100101010110111000001010110111101
1010000110110001011100111010100010011101
1110111110110100011010101111000111101011
1110101011100111111111001110001000001001
0100101110010011111110000011100111110101
0111001111011100010101110010100100011110
1110001010110100011111000000111011101000
1100001110001010001011111010100100101110
1100011111110111100010010100001010110110
1110110000011111011100111101110010111111
0101011001110100101101011111100111110001
0000000110011111010101000111101010111001
1000100001100011001000001111110000001110
0000010000001011110100101100001001101111
0011001111000100011011011011010001010010
1010110111001100001001011101110010111011
1001111101100101111011011000010001001110
0111100101110011010000010101010001010111
0011100100101011101010110101001011000110
1100101001101111100100101011011000001100
0010100010001000101110110110110011111101
0101111000000011000001001011101011000010
1111110110111111000001001010000110110110
0011100101000011101001100111000111101100
0001111001010101101101100100101101011101
0111011101000100111110001010001110100101
0011101000111000001000110110101011110000
0111101100001100100000101110010001010010
1011101000001000111110000001000100101101
1101011111110111101101100000001111100110
1101000011000110011010111001100101010111
0000010000111101001000011101100000010000
0111011001110100000100110010101001101000
0001001110011100101100111101110111100011
1011100101001100010011100110000101101101
1111001001000010111011001001000010010101
0011100110010010111100010000001011000011
1000000111100101001101100111101101101100
1100000011001011001010010001110010000100
0001100000010111001101100100100010001110
0010010011011010110100100101011111010110
1111100111101111001010001101101001111010
0011101000110100000100001111011010001001
1111000010100100111100100110001001111001
0110000011010000001011001101101110000101
1111011101001000011100011101011000011001
0000001011001111101011100100111101100100
1100100011111010110101100111110111011111
0010101111111010100101000101100101010101
1110000001001100110101110001011011110010
0000111101101010000011111100101100101001
1110000110000101010000001111101011000111
0101110011001010000111111010110000111111
1011001100110000111101011010001110010011
0001101101110110110000101111010110111101
0011110110010101011001101011110011001111
0111001001101110001100100100010010001101
1110011001111110001001100000101100001010
0010110000100111010101101010110101111001
0000010011100110001010101101111111001001
1110100000011100001010111100001110010000
1011100100100111000110001101111011000100
0001010011001011011101010010011001000011
1010011100010110100000110010000001111010
0110101111110101011001010110010100011111
0011011110001000111101010100110100010100
0101000011100111001110001000000100111110
1010000111001100010110100000101111110010
0001011000011100110110011111110001111111
1110110011000011100011101111110000000101
1000100111101010001001101011000100101110
0000010110010101011111001000101001010100
1110001110100100000100010101001101001111
1010100010111111010000110100111010111111
1101100000011011011101000101011000101001
0100011101100110010001101010010001111001
0111011100001010100001101000100101011111
1111110001000001001000101000111101010000
1011000100000010110110110010110011101100
0011110100111100011100110111110100101111
1011000000111001010101110111001100011011
0100101011010101100010010000010111110010
0110111011100101001000111000101111000010
1100010100100010001110111000010010001011
1000101011011111000010000011100101101010
1010010111000011011010010110101110111101
0111101001100100111011011010111001101100
1001010101010100101011001000010101010011
1001100101000000110010001011001101101111
1011001110101100011000101010011010110110
0001100010011001011010010010110100000011
0110011100110010011000011001010000001111
0001000100010000100010000000110000101100
1000001011011010010011010100000000100101
0100001001111101111010000110011000011000
0011010010100110001000000111001110010110
0100011100110101001001000110110100010111
0010000110001100000000001011101101101010
0111011101101010101011011100110111000101
1110111110100000110110011100100100001000
1101001100001010011000011100100010111111
0100111101101011100100001110110000000011
0011011100001110010010000000100111111001
0011101101010110111001101100001011001100
0010100111001000110010101111011011001011
0100011100001000010100010001111101111010
0101110111011110000100101011010000111101
0010001010001000010010111010000111101001
1010111010110101101000110111000010110101
1111100100111101111111010111100101100110
0001011110101000011100000001101001010100
0111010100011101101010010111011100111110
1011000011000111111101011100000100101010
0100100111000000000111011001111011000010
1011011000011010111001001111111111011100
0000101100111101010000010101110101110101
1111010010100111101110010110110001001100
1111100110000011111100111101110101001111
0100111111100010010110111001001110100110
0011111110111101011111001100111101110000
0101011110011011001101111011001101001011
0000000101110001111100010000001010011000
0010110010011001101101001010011001010111
1010110011101110001100000100000000101011
0111010110111100001001011001111110001010
1010010010110111010111011101000111101011
1100011010101011110110001010011011010010
0100111001000111100101100011111001110111
0110101010111101010101001011100111101000
0010110101011001001101000110000111010100
0110000010100100001101001111010100110001
0110100100000110011011011100111011011011
1001110001011000101101110110110110010010
1111011101110011001100101011100001001100
1101011100110000010011111011001001111010
0001111010001001011010001010011011011100
1011111100101111110110010101100111111010
0001100101101111001100111110001111010111
0001000011100011110110100001000100110100
1110101101001001101000110101101011100101
1000010011101010000001001011111001000111
1001100000101000110101000011000100101001
0100010000110011101010010010111010001101
0100111011001000110011101000000101100100
1100010010000010110000001101101001100101
0100000110100000000011100100001100100101
1010111010111111001101000111010101001111
1010001011000111000110000110111101000111
0110101110111101110010111000010110010100
1011000110101010110101010001001000011011
1100000001011001101011100101101100011110
0001110101001100110110001011010010100011
1101011101011111010110001001001001111000
0100000010101010001011001010100110010011
0000000110011010010000001001000110000100
1101100001001001001111010100011111010100
0001001101011100111100111000000000101111
0011001100010001010010101001010100000010
0001101011111110001110110111000000010010
0111101001000111010101010000111100000111
1111000001100011010110100101100110000111
0111111100101001001010101111100101001110
1010011101111000010001001101111100000111
1110011011011100010010111011110000000010
0010000100000010000110110110100100100010
1011100001100000010001100101001111100011
1110011100101100111110111001110011101111
1100000101101101010111011010111001100010
0000011001001000011101100011000101000110
1011101111010001111001001011101001100101
0001101001100111000100101000111000110011
1100101000101101010111011100100111110111
0111101100100100100100100000110100100000
0010011000000100101111001000001010000001
1011111001100011100100000110110011001111
1011000011010010111110101001100100100101
0011001100010010000010101110100010111111
1001111111000000011010011011110100110111
1100111101000011101001100111011111101001
0101111001111001000101111110110000111011
1001011010100000111101101001111100001011
0101010111111100010101111011010011110101
0111001111111010101110000100010010111011
1010110001000111110011010000101010010001
1101000101011100001111001001010101011010
0010100100100111100111011010011001010101
0000101100011010110011100111011111001001
1011011010011011001111001101000101101111
0101001011011000111101001011101101110110
0110111100001100001011110101110110101101
1001001100110011011011000111110101101001
0100101011001000011101010011100101010110
1000110101001010001100001101000111111111
0011001110110000100101100000001000001000
0010000000100100000010111000100111010110
0000111000111011100111010011000000001001
0010111011101011101101010111100100101000
0000001001100110110011100011111010010100
1101011101010110010111111111010111001001
0010101100011010010110000000000010011101
1111100110101000011110111100010011000111
0011000001011111100101011011011110000010
1001001110001010100010011110011000000110
0100000011001100001011001000001010101011
0000011110010010100111111011101000010101
0111000010101000001001010011010101110011
0101100110110110010011010100011000010100
0111010010111100111101000010101100001010
1100101010000101101011001101100011010010
0000010011001001000100101001100110011011
0101011000111000010110011001001100000101
0100000101101100010000001001101011000111
0110000111011000100100101011000110011001
1101010011001101100101011010110101011100
0110100110011110110111111111000101001101
0010010010110110100000000000001100100111
0101100010000100110010000001010100101110
0101110111011011010010000010100001101010
1001000010000111000010001011001010000011
0110010111011000011010000101001111111100
1000011111001101010011011100111110010000
1001000101100111011101000110000101110010
1011101100010110101110011000110010000000
1001101100011100110110010100101011100111
1100101101000101110000100000111000001011
0001110111010101111111111001000001100101
1110111010100110100111100011011011001110
0100000001010111001110000011101001000110
0011111010001011100001100011100011100111
0111111010111100011100110111011101010100
1001011011010011010001100111011110100000
0101110110111010111000110110011001010101
0110011011011000000100010101100011001000
0000001010001010000101110000111000101010
1000010010101001110110000110110011111001
0101110001100011110111011111000111111110
1111010100100100011101100000100110101111
0110111101010100001110111110100011010010
1001111110100100011100011101001111010110
1001011111011010001000011011010110110111
0010110111100010111101010001011110011110
1010101101001100010101110010101001111000
0110001011010000111000100011110010110110
0110100111101010111100010100000001100000
0101000110100111111010100000011000010100
1001001000011100011100010111000001001100
0011001100100110000100100111010000010000
1110101010001001111000101000011111010011
0001001111001010111101111100010111110100
0100011011100111111111010111010011101100
0001001111011110100000000001010110010101
0000010001010000100000010010000101110110
0111101000110100101000101101101011100111
0110110000100000100011010101100011011001
0000001001100111110101000111111000110010
0101111011101001010110110101101100000001
0001100100110110010100010110100101110010
0001100011100001100001100010101010000100
0011101101100011101101100101101010110011
0010010101100101110001101111010001001001
1101100101110001010010011101100011010010
1100011010101000001110010101110011110101
1101110110100111101101101010101011010000
0010110001001111101110110010000101100110
0110011010111001100011100100111110100101
0001101010100011011110110100100001001111
0010000010011110101101010000010110001001
0100110011000000100101001000100001110100
1100001100011100111011101110000001000010
0000101111110011101010111010111001011101
1110101000001000100011111100011101000101
1110011101010100011011101000100010111001
0110000110011011101000111101000111000101
1111110100000110101111011010100111100101
0010110111011111111110100100011000101000
0101111111000110110111110011110001110000
1110011110011001110111110001011010011111
0111101011010000011110000111010001111110
0111010000010001001010111011111111100010
0001010100011111101010111111001100001101
1100000101101110101110110111100100111110
1011111111111011111010011010110000011101
0100100001000011100110111101110000001101
0011101101000001110100001001010100000011
0100011001010011100010011110011101010000
0001111111110100001100010011011010101100
1001010010001001010010010010110110100001
0101111101001110101000011110111010000101
1000010100100110111001110101000001001100
1011101000011010001110000011100111000101
1001111010010111111011000011100110011100
1101001111001110011010110001101110100001
1101101101110101111010011000101011111100
0101110101101011101000010101011100001111
1111001010011110110110111110010111000100
0101010000000000110010010101011101101010
0110011010001010010100010010110111111011
1011101100010111100111001110011101001001
1110111000011100100000010100101110000010
0111001001011001110111111110110011101010
1111101011000110001110000101111111111000
0101101100001110101011101000000001100110
1000110010001011010000011100111101011110
0101000111111101001001111111111000010011
0111100001001010101010100000110011101001
0010000101011101101011111001100000010010
0100000011001000110111000011001010101100
0011000110101000011001101000000110011001
0000010011111110111111001011001010000110
1100101000110101000010001101010011100000
0101101100100000101010010100110001110000
0001101111110000101011100101011001101110
1100010011101010000101001101100101001000
1111101110111001010011011101000000010111
0101100100100010110100011000101111011100
1100000101100101000111011000101001011101
0110000101011000010110000011000001110111
0001111111000111010000010010110011110000
0010000100110010110101111010101001010011
0000011010010111101001000101111000000110
1110000001110101111011001011110010111110
1010100011100100111100011010011100000010
1100110000100110100011010111010011111001
0101111110001010100011000111010101010010
1111110000100010110100010011000111001011
1011111111100100010010011101000110101110
1110010101111001001000001110010101000001
1101110111110111000000001010010010100001
0111001110001111001111110000100100000100
0010011000000011111110101110000101010000
1010010000000110011011000001101100011100
0011110111000110101110100011000011010101
1011110000101111001000010011011101110000
1001010001100111111110001001010010010000
1001001111010111011010111111100011101101
1100011001001110111011011010000000110100
1010010110001110111100100001100011010110
1001000011001010011111011101110111101001
0010011011110010111010111110111011111011
1010100001111100011101010010100011001001
1100011101111100000110111011001011111001
0010010001011010100001000111110011101011
1001000100100000000101100100001000000000
1110010001010000010110111011101100111110
0001001111100111111110011100001000111110
0110010011001111010001010011111100100010
1100110001000101000101101111000111001011
0101010000001010111000000000010101110010
1111001011100101010110110100101101010101
0101001001001010011001101111110011100010
1001100001100100001100001011100000110000
0101111010000111110111010110010100001101
0111011001110100100111010101111000001101
1001100000101101100010110110101001111010
0100001101111111101111010001110000111001
1010000011110001110000000001011001011111
1010100111001101001100110110011100110010
1111001000101101110110110001010110011011
0001000010101111100110000101101110101001
0001000110111010011101001010001100010100
1000011010101100000111111010001100001001
0100101011011101101000000101111101010011
1011001011100000000110011101111001000010
0111001110100010010010100000101010100100
1101001011110011100000101001011011000110
1001111110011100011100101000010101111011
1000010110000100011110000111100000110101
1101100001010110101001100001101011001101
0100111011100110111000111011001000111100
1011011111010011011110000011001110111100
1100000111010101110001010110110001001110
0111010100000000010000011011100110010000
0010001001000110000100111100001011001110
0000110111010000110000001111000111110001
1011111111000011110010011100110001001110
0110110011001000101110110011001010000110
1011010111110011111011111111110111100000
0011100100100100110001110010010000110000
0011101000001010011001000011110101100111
0011100010110000101010111011000110100101
0100010111000101010100010000001110100001
0111001010010110101001011010100100010001
1001111110111011110010110111001011101111
0100100110000001000111110100010101110010
1001100111011111110011001110011010101000
1000111001111111011000111000011110010100
0111111100111011110100101101001111010001
0010110000101010100000110001010101010001
1001101111000011011000010000010111110101
1111100011110011011101001110011011010101
0100010011111100000001101001001010101110
1101111001111110111100001101101010111011
0111100101100100110001110100100101000010
0110110101100000001001011101011111110101
0001000110111001000101011111000010010100
0001111110101001000100111100100111100100
0010100001000111011111010011100011010100
1000011101010111011011000110001000010011
1110000010111000000101111101011000001010
1110110100100011101010111011101011100110
1010110000100111100111010101101010011101
0100001100111011110110011111011111000100
0111001100111101110010101100101010001101
0101011011100110101001110101111000110001
1010100110000111000011011000100100110101
1000101100111110111000100000000101010010
0000110011011010011001010110011011101011
1110000111000101000001001000111000111110
1011000011101100011100011100101110000010
0100011100101001000111010000111101101000
1010001011001100011110100000011010111111
0000010111010100110110010011111000110011
0100110011001100001011000111110001101011
1011100101100010011001100011011011010110
1111110011001101000011001100110110011100
0000011001100011101110001100001001111000
0101010110001001101001010110100100110010
1101000000000011101000001001011011110011
1101011111011011101010100011111100101110
1111101000001010010010101100110010010110
1011011101001001011100000110100110110000
0111110010000111001100110111100001110100
0100000100101110001101001111110011101110
1011011010100000110000100110110001101000
0011001000011001100111010110011111001010
1000111000110011010010011001111100010001
1011001010111011000101111011100000110010
1011100010101001111101001011111001001000
0000110010001000111000000010110000000000
0010010000101100010111100000110011010111
1110100111111000011100011111010101101000
1000110010110111101000000001101101000111
0100010101010110010101001100101110100010
0101000110000110100111101000011000100011
0000000110111011011011010110111111111101
1011010100010111011110011001001111010111
0101010001011011010000011100110111001110
0100101011100111011010101000101111011110
0101000111110000110111010100110000011100
1110001100111110101110011010111100001101
0110010001101111001111010011100110000110
0000101110110011110010110111101011111111
1000001011011000110010100110001000010000
1011111111011111111101100000100111010100
1110011001011001101011011100100100010111
0110011110000100111100100110101001010000
1110111001100010110001001000001011111010
0001101010001001010010010100111101011111
1100000001101100101010000110101100001011
1111010100011100110100000110001011101110
1000000110100111001010110111101000100010
1000001110100101001000111000110110111010
0101111011011011001010001111000010000001
0011111100101110110011010110111110011101
1011011001000111111111100011111000111010
0110101011100101000101111101100010110100
0111101110100111000010111100111010011011
1111110001000101111111011011001001011101
1101000001010101111111110111000110110011
0110100101110101000100101100011010110110
0010000110000110010011011110011001100011
1000011010101110010010111011011001100100
0010001100010101000011110001101000111101
0011010101001000110101011110101000001001
1110111110111011000101111000100010011101
1001000100011011110101101101000000100000
1110001000011010010100111100001110110110
0110011100100010100110101000101100000001
1111001001001111010010110000111100001010
0010000000010101100001101011000001000110
0000010101001010001000101100011101000000
1110111011111010111011010010010011100011
1100010000000010001111010010111110010100
1000100000101000011100000000010101111110
0101100100100101010011101000110100100000
0101100000111101101010000111010100000101
1100011100101000100010001000000111000110
0111111010101001000011011111110110100110
1010111000011010101000100100101101001001
1010111110011111110000001011100001101000
0010010111010110001110100100010011110011
0011100011100000011110101101101010110110
1010111110101000010110010111110010000011
0010001100010010000101010011111111000011
1101011100101000101001100000110101110010
1101100011000110011011100011101011101100
1111110101001001001001111111000001101011
1000011010110011000010111100111011010001
0111010110110110110111111101000101000111
0001110011001110100111101000110110011011
1010100100101101101011110100011001011110
0011001011001100010000111101010100100010
0100101000011010100111101011010100010111
0010100001101000000000110011100000111001
1011001110011010001011011111001110111111
0001010001001100110000001110011011100000
1100101010110001111000111110000011000001
1001100111100111011011110000110101110001
0111111110000100101010110011111010010000
0101110001101100000110101110010111100000
1000010100111000011000110100010100000111
0010100110010000001000010001000001010100
0000010010100001101111000110100000011101
1011110111100111011010100111100101101110
0000011000010100000011011110011011011100
1110010101000000010011010011010011011011
1101100100110010010111101100011110010001
1011010110010101000011001101100001111111
0001001110100011000000000000011010101111
0101101111100010101010011111011010000001
1100111101001110000000000110110101100011
1011111010110110000100111110011100111010
0000111110000111110001111110001010111110
0010001111010011001110110100010101101101
0100000111110111010101101111001001010111
1001100101000101000111001110110110010111
1011001011000010101001001110111100001010
1001011111001000100001101111111100000110
0001010010000000001010010010000110111001
1011000010000101000100000000110000101110
0000101001011110011010110110010000100111
1101101011111001101010110001011010110100
0100110111011001100001001100011111100111
0110010101111010000110000111000100101011
1100110110110110101111111000010100110111
0110111000111011100000001111100000110000
0110110101111111110001101011001101111101
1111100110100010111010101101110110101111
0000000110011101110000101000111000001110
1110001100010111010011100111101100001111
1111111101100100100101011111100101100110
0011100000011000000001110100100111010011
0110110001101111111111000100111001111010
1001100111000101110001101101011110100110
0011010011111000001011110011101010111110
1100110100111101001010010111100001000010
0000100001110101110001111100001011111100
1110000000001011000001011110011111111011
1111101101010010111101000010100110100100
0000010111000011000100001001101110000111
1111111100010101110000101010000011011100
1000101110100101000000000010101111110101
1000101110100101110111100001011110101001
0111011010100101010000011111001000010010
1111001110101000000100101101010110101101
1111111011011111001101101001000010111011
1011111100011000111101100100001000100010
0000100100011001011011010011001110111110
1000000110111001000100010000011011011100
1101011000000001000001110001011100000001
0000101010010100101011100110110110100011
0001100100010110000101001001011110101000
1000101100001011111110001001111111100101
0110101110111010110110011100101111100011
1101011101110100000101111111111101110110
1100010010010110010111101101000001111100
1011100110100100110000010010001000011011
1010000101011100011111001011101101011010
0000111110111110111101001011010111101011
0000010001100010001101111110000010011111
0000111110011100011100101011010000111010
1010000111101101000110101111111000111111
1101111001100110100010111001100000100111
1100111010010111100101100110010101010101
1101001000111111011000001001110000001110
1001101100100100100110010110010010100101
1010000100000100110100110001001001110010
0001011010001000001011101100101010000100
0001110010110000110001110110111110111110
1110000000111011011000010100100000010000
1100011110000011000011110101111101110001
1100110010111100101001111100000111111000
0110001101001101000011011110000110011011
1111101000100010110111110010110001110111
1100111010110001000011000111101010000111
1111111000111011000110110000010111000001
1010101111011110111111100011100110010011
1100001001010010111100010110001000111010
1010101010111000110101010010011001000000
0100001001101011010100001010011111110111
0110001001100101110010011011110000000000
1001101000101100110010110111001101011101
1111001000000110001110011000101110001011
0101110001100101110101100010000101001011
1100100001111101011010110001011101001001
1001100101010111010111111010111110101011
1010000101000101110011101011010010110110
0111100011000011001011101001010010011101
0001101010101010111111000000011000010100
0000111101001111100011011101100010110000
1111101000111111101100000001110011110000
0111010011001110011100010111011111001010
1000010110001111010001111001010011011001
0110101111110111001010001001110000010000
1100100100011111100000000110010000011011
0001010000111000001111110000011000011110
1110010101001001110101110111111110111010
0100100000100101011101100011010111101010
0101110001001101101011111110110100000100
0001111111011100101001100110100001101111
1011010110111000000101100010000100011111
0000110001011100100100001000110110111100
1101101000111110001111110101111000001010
0000000110010100010011010110010001011011
0010111010111101001101001010100110001011
1000001011011011110111111010000101010110
1101100101010010001101001011100001011000
1010100100110011000001111001011001101111
0011110111111111110011111000010110010110
0011111100001011111011101111001000101101
0101010001100101001011010010011011110100
1010010011110011001111100000111011010100
0111010001110101110011011110011000110000
1000100010010100100001000100111111100001
1011110011111010001011111110100010000111
1001010110100000000000001100100111100011
0001110111011110010111101010001000000010
1110101010011010011000110101011101110100
0110011011101000000111001010100101110000
0110101101101100101000010110001001010110
0001000111001001010111001110010000111010
0001110010110000111110000000010101000000
0101010110100100101100110100000111000100
0110010000010011110100101111111000011101
0001101100101010111000111110101011011100
0111101100100001001110011110011100101001
1011010000100101101011100101110100110100
0100001001011100001110101010100101010000
1111011001011000010010010010101110100001
1001100110110111000000011101110011010100
1111111100001000001110111111000111011000
0111100011011000001110001000101111000001
1111111000000111110011100011111110110011
0001010000011001011100111111100011110111
1110010000110110110101100101101110011111
1101110101000011000001111011001010101100
0111001100110011011001111001111000000101
1011100111000011000011110100001110011110
0001100111001111001011111011111000000101
0110111011101000101100100001000010100011
1110101001010000011011011000110011010101
0010111111101000010100111000010101100001
1000110011010110110011000011110100001000
0111010101001101001000011000100011011001
0001001100100101110011101000010101000100
1000110010000111000100101111111000111000
0000011000100010011110011000011110001010
1110010001010001000011011001111100000101
1100110011111101010110011111011111001111
0000000011010100100001101110010100010001
0010111111100001110110010001000010011111
1000010001011010100011100101011001111101
1101110010011110001000110111000011001111
1010010001001100101100100000001010000000
1100101111010101111010110000000101010100
1011110000111000110011111000010110101010
1101101011001111111110010010010001001000
0100110011010101001100001100001010010110
0111000001011111101011110010100001011110
1010110110010000001110000010101001101110
1110011100111010110000000101100010100010
0011111101011111010010101101100101111010
0101101010100111111001101110000110100011
0101111101010110000111111011111011111110
1111001101101001101011001100011110000010
1110011101011101001100000111000010101011
1010100110010111011000000001111111101110
1100011011001111101010010000111010011000
1011111000011000101011101010011101000111
1000100010111001100000011011101110111100
1100010000110111101001011001011110001010
1001010101011001100100110100000011010110
0110111010100101001110001110110001100001
0111100001000011111011000101110110000100
0000101000000011101101100001011110001010
1111000101101101010011100111111100111011
1011000100000000001111110001010010110100
0000111001010100001111001010001010000110
0001110001100010011101111000000101101110
1000110110001001101011010110101001001101
0000001010001101010001010000010101110000
0111100001100001010110110001100101111110
1001000000101000100010010000001010000011
0010110010101001011010110000001001100100
0100011011111101011011101000001110000010
0110001101111011000010110111101000101111
1111100010011101111110110111110111000100
0010110011101000000000000000101010011010
0011001000000101001000001100100011010100
0001010010000001011110111110100010001001
0000110100000010011110101000000100110101
1111111111001111011111110111101101010100
0011000100010100101000111111010011101001
0100000011011010101010011111010110111010
1000010010000110000001010010100110100110
1000000000100011101110111010000010011010
0001001111100111001110110110010000101001
0100011100100001010111111110011000010101
0111011100110001110101101101101011110011
0000111011110111001001101100111001001000
0000000001011100110000001011001111100000
1001100110011111101100111101111101100100
0011010100011011100000000011010101001101
0011011110010101010010111111010101011011
1011100100110111000000111100101110101011
1000000011001110111001001010000010010111
1100100101000110111010011111010001010111
1111111000110001101011100100010011110000
1001101100101111001001011010010010111010
1010001101110011011001111010011011101010
1000000000000111111100011101001101011000
0010010100000001110000000011111001000110
1000100000100111101010101111111000000010
0011111111011011110011111111010001011110
0000100101110111000010001010100100101011
1000000011101111100001101111100100000100
0001111101110100011001010111100101011000
0110001010101110101001111111111011101110
0011010111100000000100101110100000001011
0000111000110001000110000010100101001100
0011000001110001111111000100110101101101
0011010001100010010111111111101001011100
0011011000000101001001110111111011110001
1101010011010001001111000111001110010101
1101111001101111110101011010001101010011
1000101000110001100000000010101100011100
0101101010000110011001111011101011111100
0110111010001001111010001101101111001101
0000111110000011010000000111100001011111
1011011110001100010010100111010001101100
1111110010001101010101100000101011111101
1000101010101110111011111111110001001011
1110011011000100010100101111101101010101
0100010110111001111000111010110111101000
0110001110111111010010000111000011000010
1010100110001100000000011011011001001000
0100111101101100011000010111010101001010
1010001101110011001101010001011000011010
1000011011011011010000101000000101011010
1001000100110100101111001001000000100001
1001100100101101011011001011001000011001
0110111111101011111111111000001100110110
0010001111111100111111110000110011001110
1110100100010100110000001111001011111010
0001010101011111100111111100111101001111
1010110111011101110111010011101100101101
0111000010100111010100111010100101111101
1011111001011100000000111001010000000010
0010111010110101000111000100101111111110
0111110101110100111110011011000000001011
0110110010000001011001000100100101010001
0010101000000010011101110100110001110011
1110100111110011101000101001011100101000
0011111000100100001000100010101101100010
0111111001101100001111100001000100000110
1001100000001101110001111101110111001011
1010100010001011011000001101100110000100
0011001011110100010111110110001010100110
0011100000011100010010110100110111010111
0011101001011100000011010011010100010000
1100011110011111000101011110110111100100
0111110100110011101101101110001100010101
0000110100110010101010011011100100101000
0111010100101101111000001101010010001101
1110101100001010110111001101000000110001
1011000111110101000100010010111101100100
1010110010111101100110111111000001011001
0101001011111010011010110101011111101001
0001000111010101111001010001101010101101
0001100001101101100110110001100111100001
0010000101001011100001101101001110110001
0100101100111101100100111000100010100000
0010011100101111101100101111011011000110
1011001010011110010101010111111100011101
1010101101110100110101000001100000111110
1010100001101100000011101111011011001101
1110100101110100011110011010111000000101
1110011000110111100100100111101100010011
1001100001010101111100111111110100101101
1011000111010101001111001110000001001001
0100001000000110010111101110100100100110
0110011010001000101101000111001011110010
0000010011111011100001111001110000000110
1011111010111111101110111001111100101100
0101111000011011101000111000010111011011
0101011100010100011011010110110110011100
0001011001110001110111011011101111001100
1001110111110100100110101111011111110110
1011011110000110011101101011110110010001
1011101000010001000101010110001110011110
1110011010001111010011111110001001001110
0001001010000001100010011010010010000011
1111111010110100001010100110100010100101
0010110101011101010000000001010100101000
0001101001101011000110011000101000001100
1000000010011001011001000011000000010010
0001101001101011001001011100110010001111
1110101101001110111000111000110001011000
1000001100001110111001000101110011100111
1110101101110001010011111010110010110010
0011001010100101100001110111110011000100
0001101110011001000011000111101110111000
0000101100000000101000111001110111111101
0101010001011110100010111010111111100100
1011001001000110110001011100000001011000
0101111001110010100111011010101010111011
0001100111010100111001110100010110110111
1010110001011101001001011101001011010101
1100011000000001110100000101001111110001
0101001011011101010001101110010110001100
0011101010101111110111011111111110001111
1000011011000111101011101100100011010010
1110100110001111001101101101110101011101
0001011100110111010000101000100010111100
0001001101010010110011010001000101101010
1101101001000010111110100111000010100000
1011010110111110010100110101100000111010
0010101110101011110000111101111001100011
1111110111111000001100101110110010001100
1101000001010101000000101110111011000001
1000100010100100101001100110110101001010
1100100010101000100000010011100001001011
