40 1023
0111111010000111111001010100000000111010
1000101010110010101110100111111001011011
0101111000000001101011111000000011100011
1111111001101101111111110101011101111110
0001110000011010011101111000000011011111
0110010101000010010001000110100111001000
0010111100001010101111100010011010000110
0010010010000010010010001001011011000000
0110100001101110110011111110110000101101
1000100110001001000001111101110001011010
1100010011010110000101001010111100101100
1100010001011111011100011100000111111100
1000111100010100001111101100010000011111
0111011100100001101010001010111001100011
0001101010100110110110101001100101001110
0001101010000101101101011000010101111110
1011101101011011100011010101010000111011
1101001001001011000010100000000111111100
1001011100000111001111011100001011011101
1111101001110111000001100100111011001111
1101110100110001010010000011110100011011
1001011011010111100100000101001111110001
0001001111101111000111011100110100011111
0100110110111011101101010001100111001101
0111110011000110000001010100100101010111
0001110011010101010001000011111011010011
1100011110100111000111100101101010001011
0100010000110000001001111001110101010101
0100100010011000000101101100111101101011
0001100011111100001100010001110101110000
1010100110110001100000010001001001001011
1100110100011101111100010011111010001111
1100011101010100000011110100011011010001
1000001001010100100001011010010111011101
0110001110001101110010001011001011011001
0000100101100111101011010101010011001011
1110111001111101010111011100010110010001
0011000001101100111011100000101101111100
0001101111000011000111001010110001100011
0000111110001100000111011011000000000110
1111110111000111100000111011001100010110
1001011000101001101010111011000101110110
1011110111011111110111011000001110111101
0101100001011100000100101011011011010100
1000010110110000011100100010100010110011
0111001110100110101000011011101101010011
0100101010001000001101111011011010110000
0100111101011111111010110000110110111110
0110110100010010000100100110010111111100
0111100111111001101011000110100011011110
1111101000111011010011011000111011011011
0011011100010100101110101001000100011111
0010000011010010100100001101111110101111
0001010111111110111101001100011010010111
0011011011010101001011000010101100111100
0111110001011101000101011011011100101001
0000000101001100111010011111101101010010
1100011000011010110100110001110110010011
1000000000010111000010010001000100101111
1101000000100001100000010111100001000011
1111011101110111110100010010100110100000
1000100101110011000110100010111111010100
1100100011001000000110000110110001010101
0110111011001001100110100101111100010100
0111100111001100001100100011100100010100
0111101100101010111101100010000110001010
0011000011111110110111111011011100000000
0001100100010010100000010011101001011110
0000001111100110100001111100010010000000
0000100100000001111101100100010010001011
1111100001100111101101111100100011001011
0111101111011011001110101011000101011111
0011011000111101011011111111010011001110
1011001011000000011101111011001100010110
1101000000001101111000111011001010110001
0010011011101111001111100101100000101101
0100111001100100010010000101001011110001
1001011110011011001101110000111100001101
0110100010001010001011111010110110011000
0101000001110100001110001010010100111111
0110011100001110100101011010010101000011
1100101000011111010100001011100110000001
1110101011000101010011011001100100110001
1101010001000110100010111000110001101110
1011110001111100001110011110001001110110
1011001010101001101100001100100101101010
0110001011100110100101010001001111111011
1001000001010101010100010001111000110101
0100110010010110011001101101010010001111
1010111101101010101111001100100110111110
1110011011010011000011010101000001110110
1011010010001011001100010000010110010100
0000011100101111110110110000010001000100
1000011000100001110001000000100100000100
1000111110001000001001111100001100011010
0101101001010101011001110010110101000101
0001110011101000000100000011111000001110
0111100000000011011110110111000001011011
0111100101001101110100110010011111110101
0101101010111001011010010001100010110011
1110001111011110111001110001000011011010
1100101011010010001000100000010111000110
0101111011100011010010110111011011001011
0001011100100101101101010001000001011110
1101101111011001010110111010000000000010
0010111011011100010010001000000111010000
0001000000000110011001101110111000111100
1110011100110110110101001101100011001100
1110101001110011010001111011001101101110
1010100001000011111010101000010100011000
1101010010000000111011111110101010001101
1000111000110111111011011001110111101100
0110101111001000011000011111111001001011
0110001100100011010111011010101110011001
0100100001010110000001101101111011011011
1000101000001001010111101001101101101100
1001110111100101010000010011000110101010
1100110110101110111011001100101110100111
1001011010010000111010110101111000011110
1101110010111111001110000110110010001011
0000111101011010101001010101110101111010
1011010000011001001000010011001010100101
1001111001010110011111111011101101111111
0010000111110011100110100101111010101001
1101000110100100110110000110101101101000
0001101100110001011111101001010011010011
1010100001000000010000100011000111101000
0111011001100110001100111001001001101010
0011001100111001100110000011110110101011
1111001100111000110010010000110000101100
0010011001110001100101111111100101010001
0100010000001101110011001001111010110010
1010101110010111110010011010010001001000
1101110001100001000111111010111011000011
0101011110110000010100001001001011110001
1001110011001111000010110001000101110001
0110100000000110011000011100010010111000
1111010101000001011011111100011101101100
0011011010111001011111010010110101110110
1110110110000000011100001111011110111110
0110001010111101000111101000100110000111
0001100011000111011101000001101110010110
1010110110010011000110000110001111011111
1101100001100110101101000111011110111111
0001010011111001100001000101000110001011
1010010010100100010100001110000100100001
1111000001010010010101011101001000110000
0001001000000000000000111000011001011000
1011010101001111100011001100110110000100
0000100000011001101111101111011001010001
0010110001100100010111010100001100001011
1000010111000100100110110111111111110011
0110101110011010000111011001000001000111
0010101110100101111000000000100101001000
1110000000000001111010100110110100100100
0110101110111100010110001100011010101000
0010010111101101101111010101101001000111
0010101111001001010100110001010010101111
0010010111101001110101000110010101110000
0100001100011101010111101011101110000000
1000111001101010001001001100001001001000
1011101100011101111100110010101001111011
1000101110011000010100110101100101011110
0000111111010100001001001011001101010111
0001000100111011101011010001010010000100
0110001000011110001000010110101111111011
0010000011011111001001111110010111110100
0100010010011110000100000101111001100111
1101010000000101111100110011100011001000
0010101001100101100010001010101011010011
1010111011101011100011001000110000000010
1101110110011011101100011101001111010001
0011111111110010111100010010111001000001
1101111110001011010000101000110111010001
0001010101000011111000001011001010010110
1100100110001100101110010001011110011101
0001111100100101000110100000101001011100
1100100010000000111100110101010010001011
1110010101010011100100101100110101110100
1011101011101110100011001101110001111110
1100001111010011110000000011011100100010
1101100100101000111011110100101010111011
1101011011010001110001111001010011001100
1010000101010000110001110101010101010000
1100001000110110001101001110011110000111
0101010100001111100001111011100010001100
1100111111111100010111010110001110110110
1000100101000100100011000000000110100001
0101000111001010010001011100000001110001
0011000100011110100000011101000001000101
0110000001001001011000111100111010100100
0000101111001101101011000111001000011011
1111001011011011001111010100100010111000
0010111001010001110010001000011010010101
1000100001101011101110111010101000101000
1110001101000111010001100100011110110011
0011111110111101011010111000001100101101
1101010100100000000101101001100011101010
1011101111110011101111100111101100101010
1001000001100011010001101001000111011101
1111011111000011010101100010001111110011
1101111110010101000100001101011001001100
0111001110110101110111111110110101101101
0101001110101110001101110111110011010111
1111010010110110010010101100100111101100
1100101000010110111100010101011101111010
0000101111011110001110000111011000111101
1110111110111110101011111011011110111000
1010101101100010010011110111001010000101
1010111101111101110011111100010001111110
1000001101101010011010100111000111000010
1101001001010000010010001101100011011101
1011111000010110111111001101010010011110
0101111100110001110011010010111011011110
1110100011000010101100011110111000001101
1001110110101001101010111010101100110010
0100000101110110100110110010011101011001
0010110000111000010010001001100100001010
0110111011101101111111010110111010000001
0001001010101010000010011000010101110101
0111100100010001000110000110111100111010
1000000101101011111010110100101000000101
0000100101011111100100110010000101100100
1010010100101111110011001010000100100010
0001010100110101101111101011001010111010
0111111011000110000100000100110010000000
1101010000101011000101011100010100111001
1001111110001101000011111010010101111100
0000001010101011100011011111010111101101
0001111101010100001011010011001011111011
1101010111111001010100110001111111110100
1001000101110101100100000000011110100100
1001000111011101001111101000011001000001
0111010001111100000101101001010111100111
1001110110110100010011011101111111000111
1111011011011100001110111010001101000111
1110100111010111001101100110101000100101
0111010001010001001010000100100111100111
0011111000101100111100100011111111101101
1011001111100000100000010100000010101110
1100010110010111111011110111010110010011
1001101100011010100100111000111100001010
0110001001101110000010001011100100010010
0111110100001101010001001111111110010101
1001010001100001110110111110100111110111
0000101100111010000100100010100111100001
0000111110000001000010000101010000001001
0011101111000010110001101001001011010011
1100000001101011000011011011010011011000
0100011101000001001111100110000010110111
1110011000101001001010111000001010110101
0000000010110100011111010000110101101110
0111101100101000000100000000111000010000
0010001000011010001101011001001001010100
0010110110100000011100110101001011000111
1001111000001011000001101011010000100001
1011001010100011111010111100111101101110
1111001010110100110101111001000111101000
1111011001011011011100010011110110011001
1011000100100011111100010010000001100111
1110011111100000101011110101101000101010
0100110111010001011000001101001001111011
1011001100101111000010110010101011010000
0001010011001110000000101011100110010001
1101101011111111101010000101111011011100
1010010001100100001011000101100011011101
0110100000111101000101010111010010011110
0110110001101000100110001110110011011010
1010000000100101001101110100000101011001
0001000000000001000010011110100110011010
0101010111000100110000011100011111000101
1101000001111010110110011000001000111101
1011100001101111110011111100010101010111
0110110101101110001011110110000101010001
1100011001110101011101001100101011010100
1101110101001110111111100001001010100110
0110111000110010111110101010000010100001
0000000010111111010001001010111100011100
0000110010110111011011011001111100111001
0101011001101000001010101110000110110010
1010111001100111110100001011110100110110
0101111101011000000010110010011011110100
1010100110101001111000110100010000010000
1100101000110000011101010001010001000111
1000110011001101000001111000111000011100
1111011100010100001010010001011000111001
0111000110010111011000110001111011110001
1011010011101101011101110011101100101011
0010011110010000101111101110100110100011
0111000000000101000100111100000101110111
0101001110110000111111001001111111001001
0001101001101101010010100000101001111101
0000011101010001011111110001010100111010
0010110011101110110011001100010001111111
1010000101010100010011011011001100011001
1110011100001001000010000100101011010000
0011000101111101110111001001111001011011
1101100011001001000011110110001101110100
0000100010001110011100100000011110010100
1000111111101001011110000110101101000100
0001100101101000001100011000111010011001
1100010010100011011100111100110100001101
0010101100100000010000011010011001000011
0101011100111001001010110000000011101010
1000110010110001000010111000110111111101
1011101100000001001100101000100110001100
0010011101010101100111101011110010001101
1011100101100011011001110010011100101101
0010011111110010110000110110111100010101
0101100000110101011111011010101101011010
0100010000011010110010101010110111110111
0110110111011010111011011000110111110101
1100010010001100100110010010010011100000
1011000111100101110101001100110011110110
0110100101010101110101111000111010110011
1101001101110001011101001011000010010111
0011111110101101011001111101111110111001
0000000010110010000100001000101110110000
0011100011110010110101010111111111110010
1111010010001111101101100100101110111110
0000100110000001100101001100001110000000
0011101001000111110011011111000111100011
1110110101010000010011101100100111110101
1110000011110010000101011101011011100010
1101111011100110111000011011000100001100
1101001011000101110110111001001101000001
0010110111001110101111011110011010011110
0111101000001111000100000001111110111011
0001011100101010001001000110011101100100
1100011001101000000000000111001100001010
0100000001010010011000101111000111101001
0010100010100100100001110011101010000110
0011011110010100001010100010000101011000
1010011111111111110110000110111111100110
1010010010100010000100001011110011010001
0000101110011111100000111101100100111110
1001111101100111000111110111011101111000
1011000011001111110101000111101100111000
0000011101110100110100000100101100101111
1101011111100001101011010101010111110010
1100010100100101110010101001100100101110
1110011010011101001101010010101011111110
1010110101000011010010101110111111111100
0010100011010101111100100000101110010100
1110000110011001000001100001000000110000
0001000011010001010101000000010110101110
0101100111001010000100010000001101001110
1100100110101010001000001001111101000110
0001011101010011100110010110101010110101
1111100010010001001100010111001101111010
0100110001110011010101011010011100110001
1011000100101101101110001001010100101101
0100111101101100110000010010101001110000
0100001010101011001011001000111000011110
1110111100110110111001111110110001101111
1001110100101111000011011001111000000010
0000011000000100001010110110011011101110
1010011111111011110011001011111100011101
0111010001001000101001101001011111010000
1110001101011101011111011100011011001011
1101011011011010001111011100010011001110
1010001010011100101110001100100001101000
0100000111001110000110110100000000000101
1110001000001001001001011011101011111000
1000111111011100001100000000001001001111
0011100000011111000010110100010100000110
1101011010011000001111010010111101110111
1110101101101110010100010111001100101011
1111111110100111100001101011100000110001
0110000011100011101101100010001110000010
0100100100011101101111000001010101111001
0111011101111010111001100111101000110111
0110110100010100111110000001110001101010
0011011101001011010001101001000001111101
0001110101100101000101101011101100001111
0110001111010011010010111110110100001100
0010100001100011110000010011011101010000
1011010001011010001011001111001101111110
0010001010000000110011010001100010111111
0001111100101001101100000001001110100010
1011010010101000111110101101010011000100
1000101010011010100100000110110010101101
1001111001110101011000001101110001111111
0100110001111100100100110100010101100011
1000111000100001011110110100000011010011
0111000011111001110101011001100001110101
0010000100110000111000000010110000111011
1100001001011100100010101101110001100101
0111011001001010011011001110101001111000
1001001110010111100100101100010000001010
1011010111001011101001110010001011010100
0001101110101100001010000000000001110000
1010000110001111010010101010101000110010
0110110011101101000101100001111001100011
0101101111010111010001110111110000100110
1010010101101111011100010100010110000100
1101010111100101000110101110111100100010
1110100111010001001100011001000001001001
1010100111110100001101001111000000000110
1101001000110001111011010111010110001011
1110011001110000000001100111001101000010
0010011111101101110101000100101010011111
1000111001101010010011011011100011011010
0100100110111110000100111101111101111000
1111111000111110100110101011010001101010
0101000001000101001011100010011001101111
0000010011101100001011010111110000011111
1111110000101010100011010100100001010001
1000101100011001111000110111110110001100
0001000100101110111110001000000110000010
1010011000111101010100101110000010000010
0100110101011000100100110011100101000000
1000011110000000000001001011010100110111
0010100000100011000000001010100100011000
1101000011011010111001111110111001000000
1101011100001101100111100010011100110101
0011010100001111111001010100101000110001
0110001011000001111010000010001011111110
1111101111010010101000100001101001010110
0000010000101010010101101101101010100010
1110001101011000110100000011111100100101
1100001111100111011111001110111001111000
0011010011100001100011100101100101111110
0110001100111001010010010110000010100010
0011101100011001110001101100001010110000
1101001001001010110011011001000001010001
1111000000011101001000110111000011101000
1010011110001100111001010011101000110101
0101010001111011010110011011001110100110
0001001111110111001100011111110101001101
1100101010000100001100010110110001010011
0111010111000110111110010101111000001010
0000111111010110101100010011010000110100
1101001101011011101100111101111111100101
0101011101101110001110100011101111110011
1101011111001010111010000010111001111110
1111111000101110101000000000001110011011
0011011000100000111000001011010111101010
0101001100100100110101011110111001111011
1110110011011111111100101100101111010111
1001111010000111110011110111011101000101
1111110011011000011010000011011010010111
0011100100010101000100111011011000001100
1000101111010111111110011001000101011111
1110010110100110111110101101011100100110
1011101011010001011110101100111011010101
1101111110111001111110000010000000110100
1100001110001111000100100110011010011001
1010011111100101110000011001100111011011
1111000110011110111100101100010001011101
0100010001011001101110001000011111100110
0110000010110011010111011000000010111000
1111001011100100101110101110010011101001
0110010001000111000111001001000000111011
1111000000110001101111111101001111111110
0100100010110011110100100001011110111101
1100101001100001110110101000000110000011
1100000100011101111011101010011011010110
0001101000011010010111101010111011101000
0001000011111000111000100011101001001100
1100110010001111010010101100101101101010
1110010000110111111110101110100101100000
1111001001110110000000101110100101000011
0110000100011000011110001010100001101010
1101011100000011000111111010110101110110
0001100100110101000111110011000100111010
0001000011101001101000101110110000100000
0001000010110101111011101101100111000101
0011101000011001000011000111000010101111
1100010000001001010110011011100101111011
0010000101101111111000110101100101000101
1111101011010010001101000100010100011011
1011011101100001111010101100101000001010
1101010010101110111010011001000001000000
1110010111110001101000111110000110001001
1100111001111110010011111001011111111101
1000101011101001001111100011000100111000
1110100000001010110101111011100110011011
1110011001111110001100100000010001000111
1100101100001010101100011110011010001111
1100100111001000100000111011000110101100
1110010110010111011011101111000111100001
1110010011001011011000110010111010011011
0110010011100010111011000101110011100000
1100101110001100001101111000100010010101
0001101001010100001100110101001100011011
1010100011011010011100001000110110001000
1100110010010111111001101101011000100011
0001011110100010110010011111010110011100
1101011100110101111010101001101101000101
1111110011001011001001011000010010101010
0101001011111101110101101000010100001010
1110010100000101010011110001100000111001
0001101110101010011001101000101110000110
1010111100100010110010111011000111110010
0011111110111000101111111000110000000101
1010000110111001100101110000001000010101
1000010000110010101101010000011101010111
1011101010000011111010000011100111010011
0111011110110100101000011100111111100110
0001111011011101000000110011010111010101
0001011101001101000010101101001001100100
0101111010110011100000000001000100000010
1010001100000110110001101101111111001110
1111000000001000010101001100111010111000
1000000111110011000100010011010110001100
0001001110101101111101100111011011110100
0111000000101011000001000100011100011100
1111101000100011001010001100010000110011
1001111101100111010010110111011101110011
1001000001111001010001000100000101111110
1110110110011011110000011001001010101001
0001000111100010011100111111111001011011
1001100010010000011100000011101001101000
1100010101010011110010100001011100111000
0101010001111011011100111000111011010111
1110100101100111110000011100000001001000
0100101001001001100100111101111111011111
1110100100001000010011110001000011111100
0011001000100100101010000001011010010100
1101001010100010110001011110110111000001
1000000110101101111001010111110100111010
0010111010111001001110000000011111001000
1011111110000000010011110000011011101011
0111010111011111000001110100100110111010
0010001110001001111001101000101001001010
0111111000011000100100101011111011110000
0010111000110001110101100011110100011010
1100110100101111000000000001100001101110
0011000010111001111111100101001111100000
1001111111101100110100101101110000110101
0011010111010010101111110100000111100001
1011100011100111010111110011111000111001
0001001111000110111000011001011000111000
1110110100011011001010011011010000110001
0110110111101011001000001010011100011111
1011101010100000100010101001001000000101
0011100011111000111011001000010001000111
0110110110111000010010100001101110001111
0010111011010011000111011111011111110100
1110111010001110101000011010011001010100
1110110000010000111101100110100101010100
1011010110101010010011100010110111111110
1111010001011000000001100001010110101101
0100101111001110110110011111100001011011
0111100110110001011001111111101000100010
1101100110011101110000100000000101001010
1000100000101000100000110000000010010111
1001110001000001001110111000001011010101
1011011111101001111100001011110010101000
1011111001011000010111101000000010101101
0101000000010111000101000100101010110100
1111000000110001001001001001001010111100
0100100110000001000101111001010010100001
1100011000101001001110100011011111101000
0001101110100110011001111000110000001111
1101100100100101110101101100010011000111
0100101010010111001010010110000111100000
1101011101111010111011100101011011001000
0111010100011011001101011000101000100100
0010001110000000101001100110010111100111
1010111011000110100000100110010101101001
0011000001001111010100100100010110000011
1011110111010001010000101000101011011011
0110100110100000110011001100100100011111
1100000011010110001110100010001111011101
1110110100101001011101001101011110011110
0100101111101110010101101001101101111100
0011100000111000111110110100001010010110
1001001101100011011110100010000110101011
0011011000111111111001111100000010010000
1001001011100111010110110001101001100110
1111110111000011111110111101000001001111
0100111000001111101100011100100100010101
1101011111000111011001011110111100101011
1010010100101010000010111011110001001110
1001110100111010010001100000101010101001
0000000001010011001000000110001100010001
0010001101111011111111000110011000111110
0111111011000010011000001100011010111111
0101000101000001100101101111011000101100
1111001011010011100010010110001100110111
1101110011011100110000011100000111100000
1001110011101110010100101000111110100001
1111001000111010010101001001001000101100
1010111100100010101111111111010101111110
0000111010001011111110100000000101101110
1011010100001010100110101111100111110001
1101000111011111100010011110111101011000
0011110001011011010100010001110111101111
1100100011111100001110110001100110010010
0110010001000100110011110101001011001101
0011001111110101000000011011110111011001
0010000011011010100111010111011001100110
1000100000010100111100011001011110011000
0100000110110000001011010111001111110100
0110000010001100101010110011110011011100
0110100111010000011010011100111001000011
1111011010000001010111110000111000000001
0111100110010010001000110101111001000111
0011000110111101101010010000110011100001
0100101111011011100101111111000001110000
0110011011110111100101010110000110010001
0101110011000010011100101110001010101101
1001011011000011010110000110000111110011
0101001010111100101100110101111010000101
1001000110111000000011000010100111111011
1110001100110000000000011110100011101000
0000000011101010111011111010000111011110
0101010110100110000100100101011110110011
1101110110000101110111101011111111011111
1110111100000110010001000011001100100000
1010011011111111000101111101000001100100
0011101000000010101010010100001001111010
1111010011100110110010101001100111101000
0011100110011110111001011010101100111011
1111101101010101001011110101010101011100
0001100000000011010101000111010010001110
0000010000101100001100000101000010100011
0000111110110110101000011111100001001010
0010110101001100110001001101101101000110
1010010001101100100111111100110001111011
0001111111011111101101011110101000011000
0110001001000111100001111111001100001100
0111100110011111100011001100110100011111
1110000011010010010011111001110011010000
1101011111000010010111000010000000000010
1101001101010111001100100011100101001001
1000010100101101100001010101101010101010
1110110100100010111110111000011111101100
0111001001111110011010100010101000110100
1000101110001111100101000101010010011100
1011100100000101110111101110000001100011
0100000110011011111000111000100010110111
0100010100110110101100011000001110000010
1110101000100100010001011100001100100110
1000000110100101101111110001110001001001
1011110111011110011001110011000010010001
1110111110011101100101110010100101010100
1001000001001100001100011010110101001100
1110110111111010101101100010111010000101
1101110100010110111001011110011011101011
0001110011011111011000010111100101110111
1100011000111111000110111000101010010000
1101011000100010001001100100011110110101
0000100101101101110101010101010000001000
0011001111010111000011000111101001101000
0011110101010001011101001111100101100001
0101001111111011100110110101100000110001
0001011111100101100110010000001001111000
1111101101000010101010001101111001000110
0111111100011010010001011000010110011110
0010010110001100101100000110000111011001
1110111101011110110011001101110011101101
0100011101011000000011000000101000100011
0111011101100011101101111110100001011101
1110101101110011110110101110110110000100
1110101010000111010011111000100101111000
1000011110011000100000111101111110001110
0000110011101001110111010010110111111011
0101010001101011000111000101100101001000
1010001111100011100100101010010101110010
0111000010000000101011101000001001000101
1110011000110001010000110110101001111101
0101101101011001100001010111100110010000
1010100101111011111011001101111001111101
1110010101111110110111100001010001101110
0010000000101111000110110101100010010001
0101000100011001011011001011110111011110
1011110010000111000011110110100001111100
1101100000010111000111010101101001101000
1100011010100011000100000000010011011001
1000010011010100111011101010000111001110
0010100101010100100101001100010111000001
0110111010001100011011010100000100000100
1001000111111110110100000111100100010000
0100111101111100001100110010111111000011
0110010101110010101000011101110011100011
1010001111001010111111000010011110101001
1001100000000010100001011111101111000101
0000111001100011110001101011010100010010
1110011101111000101100011100110011001010
0101000111011100001101101011101011011001
1001111101101011001101010000100001000001
1010010110011100110010001111100011101011
1110111001000011000010110111000101010000
0101010111011110011101100111111101100011
1000110101000010000100011010111101110001
0000110000000011110001101011011010010111
1100101110010001001111000001011101110001
1101000101110101110101111110111101011101
1010110111111010000110111000110001001010
0111111001001001010001111111111101001101
0101010111101011000101110100000011110100
1100101100110111001000001111000000000110
1111001010100000100011000011010110000000
1110001001110010110010011011100101110101
1001000110000111011101100111101000000001
1101001110001110011101101000101110110101
1000000001101110001100011111001010110000
0010010000010110011010101011011100000101
1000100001101011111001100111010010101011
1110011000111101110101111010111101000111
0110100111100010110000010111011011001100
0100101110001100100011001001111000001001
1100010101000011101000100000010010010011
0000111111110111101010001010110100000110
1001011111001000001111011011001100000100
1110001000011101100010000010010111111100
1110111010011010000000110101100110010010
0111110010001010101110110011111010001110
1111100110010000101001010010011101101011
0000111001010100011000001101101010110110
1111011011111111000100101110100000001000
0000100110110001001010111111100001010100
1000001110110000010100111101110010000100
0011111010111010001001011101001111101001
0001010100011011111010010001101011101110
1001100101101011011001001110000011101100
1100010010000000110001100100001000100000
0111010001001001011101110110100110010001
0010100101100111101000100110000010011011
0101011100101011111101010010110110001111
1001011000101111111111100001000100010110
0001000111010100011001110001000001001101
0010000101001101011100001101010001010100
0001011011000011010111101111111001101010
1001110010000100001110101101100001100010
1110100110101110001100101000100110011111
1110011101001001110010011000111100000001
1000101010111001010111010011011100111110
0101100100101000001011001100001101001111
0110101000011000101101011010010111000100
1111010000110011101001110100000110101010
0110000000100110000111010010001100110001
0101001011100000001111111010101110000101
1000100010010101010111001011100000001001
0110110111100001010110100010010011100111
1001100001001011110001111001111000001111
1111111111101101100000000000100001100001
1001010100001100010101011111110000100011
1000011110100100111011110110010101000001
1000111010111111011101010000110000111011
1000100001001010001000110111010000110011
0110001000001101100001000101101000110101
0001111110000001000101100010100011101100
0011110001111101110001001111000000011011
0100110000001101000101010000100000001001
0101111011000011010011001000010000000011
0011010101011111000010110101001000110100
1110000110100011110100000000001110101111
0111110111101000000111011111100001000001
1011010101110001111100101101101011011101
0110111000100010000100110101000010110100
1011110110000110110110101001100001000000
1010110011100110100101100000001001011100
1111111010111011000011011101000010101001
0001001011010111011100111101110010001111
0110001101011000110110001100100011000110
1111011010101101010101111100001111001001
1101111011101100100111010001101101001010
0101100100000001010001110010111110001000
0101110101001111001001100110010011001000
0010111001100000010111001001111011101010
1111100010001100011101101001100000111011
1010111011101000011110101100100010000010
0001001110100100110001001101110111100110
0101111011111110000001100110001010000010
1001101000100000100011011111110111100010
1110110010001100110000100100100110011011
1111001000100000000011000001011110001101
0110000001111100110111111110011110110110
0001000000111011010000000010110010111010
1101010000111110101100111011100100000010
1100010110011101011101000001110010010111
1010010010111110111100111001010001110101
0011111100101101101001011000001110001100
0001111011011100101110000000101011000100
0010001010011010000111001010100010010110
1111110110101000010100101110000011010000
0111000001101011000010100000100101000001
1011110000011110100111010100111110100000
1110001011110100111111010011010001110001
1101101101000100010100011100100100110000
1111000000001000100001000101111100110001
1000010110001100000100110011101111001100
1001011101100100001000110111000001000010
1100011000111101100010101011011011101001
0110101101001101001001010110111101010111
1110000000011101101000101011000110111100
1010000111101111001010000000100000000010
0100011101110100101010100101010101001101
0010101101010011011001101110100001101100
1010111010111100101001111100011011011100
1111101001110100000111010011011001011001
1000000100111101100111100011000000101000
0000001111001010000111100010000001111111
0001110110100111110100100001000101000110
0001001100001011110000010100011111101111
1100111101110000111001001010101110011100
1000000000011000011111111011101010011011
0100101100010101000000011010110001001000
0111100111110001011011011111010011110111
1010101011101010011100100000111010100110
1010010001011100000101100110011110011010
1101111000010000110111110001011000011111
0010100000101010100000111111011000000100
1110110111101000011000010100111011010011
1100101010100111100111101110101110010010
0110001001100111001111001100111100111101
1000010100000100010000110011110011001000
0010000000011101001111101100101111110111
0101101000100111101010001001101011110111
0110000011100010011000100100100100000100
0011101111010110010111010111011001100000
0000110111000010001101101010111101010111
0001100100011000111110000011001001001101
0100001111110010100101001001111011110110
0100110001100101110000000000000011010001
0000010011110010001010101011010010010000
0000101011001000100100011111110101010110
1010101001100111110001101100110000101111
1110101000111101100101000001000011111110
1100111100101011011101001110001001101100
0010000000111000000100010010010000001110
0000011010100100000101011100011000000011
0011111001111010100110000111101101100101
0101010110100110101110010000100101110111
1000010100000010011100110010000010101010
0100111101100100010000001110001101010111
1001000001110010110011101100011111010101
0110101111100000010011100111010000100000
1100110111100011101000010110101101000001
0110110110011101111100101100001110110000
0001000000010011110010011010010001001111
1100101000010001010011101101011110000111
1100010001000011010001101101110101111101
1110001010111100100001100010101111101010
0001010111110100101101101000111001011000
0011001001001010101011100011111010010100
0001000100011111010000010110000111011100
0101100110011001101111000111000000000010
0100110011010010000000000010011100001101
1011011111001101001111001011010011111100
1000100111100000011111010001111110010001
0011101010110011111100000101010101001000
1110110110100111101100001010011101101110
0101101011011001001100111111100001111001
0010000000001001010101000001010011100111
1001000100100011100000001100011111110111
0001000101000011100010110010100011010011
0110100101110110100011000001010110110101
0101001010100010110001101101001110100100
0010010101001101001110111011000101010011
1100100000000101000100001001001111110110
0101111001101010101011110010000100110111
1011100110011100111000100111110011101000
0011110011101010011010001110101101110111
1111100101000011010010110001100001100100
1101000010110111011000011100001100001100
1000011011111000101101001110001111110101
0010101111000000010001100110010010011110
0010110110001011101101010101000101110110
1111100101010100111001010100101011010100
0110101100100011010000010100010100001101
1011100101100000010000000011100011011011
0001101011011110010010011000101000111101
0111111110000110111101110111011101000101
0010011001111101101101000111000110100001
0111101010011111101011001000101001010100
1000101000010111110110001011101001000100
1101111010001110101011110101010011010010
1111110100110011111001010000101001100011
0011001010011011000110101101010110001110
0101111011010100110111011000001101111101
1111101100010000000010110010011110001000
0110101000011111010011000011010100001011
1111000111000111110011001011110000011001
1100100101110010100101000111010111110100
0001011001110001011101100100011010011001
1111100110010011001110000101010100001110
1011000011000000010000000101001001011000
0000001111000010011101111000111000000110
1001010011010110100110101001010010000111
0100001001111100100010001110000110010001
1010010100101101100010000110010001100001
1101000111000111100110010101011110000101
1011001110000110011110101111110000000110
0000011001100011100000000001111011111010
0110100010000100110100000110100111000011
0011110010001010011011111010111111011111
0110000001011010110111111111111111000100
1111110101000011000000110011001011110011
0010010010110101000110010000100111101001
1011100101000110100110000011111111001111
1000100111110001110001110011110010110010
0110100110001101110111111111010100011101
0000011011000100100010000001000010000010
0101110101011011101111110101101111110001
0100101010000101001011100110000001101110
1100111110100000110110110100011001011100
1101000100100111010011110110010010011000
1001001001100110001011001001011001000010
0011111100111010010111010111111010000000
1111100110111101010101100111100000001001
0110011111010101000111101101011111000111
0011011111010001011110100110001101100111
0111101010011000111010110111101010011001
1011100111100100101110110100001011101110
1001111001001011110000001100111011110101
0100000110010000111101000100000011111101
1010010001000100111001101000000111010100
1010001011101010011101000111110110101011
0101011010010001001011010111010101011011
0001111011111010100011011101000010010101
1111011000000100000000010110101000001011
1010011000011000101110011000101101101000
0110111110110100011111111011001101100110
1011001001101011100110000110001011010100
0110100110001101000110110100101000101110
1010100110101100100010101010000010101001
0110011111000110011111110110000001000100
0011010111100100010000110001100011101100
1110000011000110101001001100111110010101
0100100101101111110111001100001001011001
1011100010110000101000110010001001110111
0010011000111000110111110000100000000110
0100000011011011111100010011110110111011
0011000101110111110011010100010110100010
0100011101011101111011010101001100100000
1111010010010001111001011011000000000011
1110001111000111101111100010100110000100
0110110000111010101001010111010011000100
0100110101101101101010000110110010111010
1001100111101001100010000110001111001000
0010111110110010110101010110110111100111
0000111111000000000010011010111111101010
0110111000011100011001110100110100001000
0001100110001010101100011111100110000000
0100011001100111111101011111101100100110
1001100011000111010110111111110111011001
0010000100001110001110000111011111011010
0101101000111101011001010111101010001101
1111110000111100101101010010100001001010
1111101110111000010000110100101001010100
1100001110100010110110101100011010001011
0001011100001101001100100101011111111010
0110010001111000100101100000101110110110
0011010000000100110101001001101010001001
0110000100101111111110011000100000111110
1011010110101110110000100001011001101100
1110010110000101100010111011101101001010
0110010001000101110110111110000101111110
0011111001000100001100011011101010011000
0011100001010001000110010111111100000110
1100101011000100000100000010000000000000
1000011111000101001010000110100011111010
1111101100011110010001011010101000001100
0110110010001001010011001011110100111011
0000110110111011000010110011000001100001
1000101001010011101000110011111101001000
0011100001011111011100111110011001011111
0101011101101110000011110110100011011001
0101101111100101010010011111110101110101
1100000110101101011000110111101001000010
0001101100011001110101101001010010100111
0111010011001010111001111110010111111100
0110110011110000011011010100010011111101
1010000111000100101111000010010011000101
0011011011110010011110111110001011111101
1110010011101000110110110110010000010100
0000000111110100000100010010100010011100
0000100011111000001011010001010001000011
0110001100011010010101101010001010100001
0111000011000010000101111000101110111111
1011000011110000010011010101101010100011
0110111111011110111100011000000011101100
1010101000010010110111000110000111011011
1100111001100011110000001100001101001111
1100111100000011010011011110111111000111
0011110010010010101000011011111000010100
1001101111110101110100100001000110101100
1101001111100001011111011001100101100110
0110011011001100111011010110011101011101
1001001011100011011100001011011101100011
0101111101000101011100000000001100011110
0111110001100110111001100010110010110011
0101001011100111100111010011000110111110
0010101111011101010110101011101101000010
1010001000100010100010001011111100100111
1001001100110110111000111101011100110011
1000000111101111100100001100010111101111
0100010010001001000100100110110111101100
0101010100110110000010001000111000011101
0111110111100010001111100011100100101110
0000000010111010011111000010100001101110
1111100011000101111111110010000001100011
0101100001110001111100001111010000110111
0000011001101111010101001100011000011001
0101100100101111110000111111010011111101
1100001101010010110001010010110100110101
0100100100100100001001111010110001001100
0010000001100000100101000000110111100010
1111111111010111000100010111001001011110
0111000010110011110111101011101010010011
1001011111011111101010000011010001110111
1010101100000000011100000110110010010111
0101111100000000000001001111110010100111
0011000111101001011100001111011011101011
0001000100000101010010011000110100011010
1011110111111110001100110010000000001001
0111001111100010010101010011100110111110
0111100101011101000010111001101010000001
1001101101011101011101110011010010010011
0101101111001010011110111110100101000000
0010010111111110101111000010100000111101
1011100110101001011011100101110100101100
0111101000100011001000100100010011011001
1001100111101001110100111010100010010001
1111000111000101101001100111000110100001
0111011111011000010010110100111010111001
1010010000101011100010111000011110001100
1000110100010100100011000101000101111001
