40 1023
1100011011010001001010110001110001110011
0001001000000100011100001111011111110010
0001011101111011101111010110011110001011
0010101101100111110100011101011100101100
0110111000111011101110001011101000001001
1010100001010100110101111001001000010111
0011110101011111000100000010000100010000
1011111000100111010000010111111101101000
1110011101111100110110010011100101111101
1110000100001001101001101101100110010001
0100100000100011000011100101001100010101
0101101001111001010100001110110100100001
0000101101110010001010010011111011100000
0111100011011111110100100011001100001110
0110010110111111111100011111111001110000
0000110010001110001100011101011101110011
1010110110101110110101010010100011100111
1111011101000010011001010000101000110110
0101000010111101110110000001111100010011
1000101100110100001001011001111100001110
1011001100000100111010000111110011010011
0111111101100001000101001000001000110111
1011010111000011111101011011000111000010
1000011101111000011111111100011000111000
0010101111100001010101000110001001101010
0011111011000010001011001011111001110010
1101000001010110010010010001000010111110
0111100001111111001001111101001111010010
1001111010000010011111010000011110010001
0111110000011111000001010101011010101001
1111000001100001100101000000001000001110
0010100110010111111110010011111110111110
0111110110101111001010011001100110000001
1110011111011010110111010100101100011101
0011000000100010111001100000100111011101
1100000000001001001101001000011100010010
0111001111000101011001111110100010100000
0001010011010111000000100101110011110000
1001100111001011000000001101110011011011
1100101000001011111000111111101010101011
0010000111001111111001110010010001110110
0011000010101110001001110010010101011001
1010011001010100100101101111101000000010
1010111111001101011001000010001101101111
1101100001010011110011011111000111111000
1101011010001011101011110100000011001100
0111010011101000001000101000111111011100
0000110001100100100001001001111101111111
1001011000101111000111000110000011001011
1111111101101100010111101100100100000011
1011101000101100010010001000010101101010
1111010110001110110011110001010011001101
1010111100001110111001111110101111100001
0010001001110001111000110010011011011010
0101110110111001001101101000111101111011
1010000010110110011100001011010000001001
0111100101101101100001111100100101111101
0000011111111100011110101101000011111001
1101011000000000110101111011101100000111
0000110111000010110000000110111111000001
0011111010111010000011110000101110000011
1011100110010011110001011110110100011111
0110111100110111110000011000011110001010
0011111111011010010110111110111010000000
0111001000011100001010100100001011011001
1110100101101110000111011011100111110110
0000111010110011100001001100011000100011
0101010110011011010111111110101101111011
1010101011001011110001001100110011100001
1000101010011100001101110000100001000101
0001101001001101011110100011100010001001
0000000001110000000010100111001011001001
0101101111000110000011000001111011111000
1111100100010110001010011001000010010001
1000001011011111011001000110000111000001
0000100011110100111111001000010001100110
0000100100000000000001101011010010100001
1010001100001010000010110100010110001010
0111011011101010101101010100100100100111
1101000111011101011101111100101111011001
0001100110001101011010101010001110110001
1010010101010000010011000110111010001110
0010010000111110110101110011001110111000
1111100000010111010110111100111011100000
1111100000010100111000101111011100000100
0011000101100100011010000011001010000110
0011100111110010001101010011110000010001
0011100010100001111100110011011010011110
0111000110011001100010100000001011110101
0001100010110111111100000111101000001101
0010000011101111010010101100111100111110
0110001000000001110101101101110110000101
1110011111111010010110111001110011100001
0010010100001000100010110110101100101111
1101011010001111110111111111110101010111
0000100100001000010010001010100100000110
0000001000101101011001010100010100010000
1000111011100010010001100101101110101011
0001101111110011001101000000000000001010
1011001001111110010010001101110010110111
1010010101011000001011111000110001111010
0001011110000101100101111101001110111000
1111111000111101101000011101001101100100
1100101110010111010101011100011010110111
0110100111010101101110000001100000101101
0000011110010100111101011010001011010101
1011011000111010010010110111110100011001
0011011000111101011110001110100010010000
1101101011100110001111110000100110111000
0010010001111011110100010001101100000111
0001000011101100000111100100000000001011
1101001110000111000011001100110000010100
0011101110001101111010001011000011110011
0101011111101111101010110110001011100001
0011001000001100110001000101000110101010
0001101111110110110011111111000110111010
0010100010011010000100110010010110001101
0001101110010001011111001111111110011001
1011101001000100000100100101101101010001
1101001100000101011101011011110010110100
0100101100100111010001000101101010110000
0010101010000101100010100011101100111110
1011000111000101110111111001100111111101
0010111111110111010011100000101001111110
0100100100111110100000000101110000101100
1011110000000110101010011000101010100100
0010000000100111011010000011011110101110
0000111101011100111000010111110101110111
1100101111101011110100011000111100101110
1000111010010011101010001101011111111011
1110100100111000001110101100011101101101
1111001111001011111011001100111111101011
1000110111010000110010010111111100100000
1011001010101001000110100100101000001000
0011001001011010110011110000101111110011
1001100000100100000001101101011111011110
1001010100011000111001000100011000101000
1011110000111111101111010000010100111001
0110010101000001010100001100010001110110
1111101011111000010110110101000001101111
1111000010101000000000001001000000111110
1100111011011000111110100110100001110111
0010100011100100011000100010010101010100
1100000010010001100111010101101001001010
1111110000000011101010000011101101111010
0111111100101000011110000111000010000011
1000111000111000010000110111001000101000
0011101001011110101101100010111001011110
1001110001110011101010010100110111001001
0101001000011001100110110000001111001010
0000101101010011000100000111101110100011
1100000100010001001011000001110001001110
1101111111000111001010100100111010011110
0111011101000001000111111110001110100000
0011011100110011001100001111100001111101
0100000100101001011110100001110010100000
1101110011011111000011100011111000010011
0100010011101001010010010101001100101110
0011010110110000011010111111011000001010
1001011000111111110101011111000011111100
0001001100110111100011000011111100000101
0110011000100001100000111111000101100101
0001010010110011011101100000010111000101
0000010110100011101011100000101110110000
1100010001011001011111101111110101111101
0110010011000011000011001101011110010101
1001101100111111110101010001110110001011
1100111000100110000110000110000011101001
0000000011000000001011111100110101000001
0001101110000101100000010100000111011000
1000000010101010100011111001101111111001
1110110011011011110110111110010000111010
1000001101011110011011110100100110110101
0111111010100111110101111110101101001001
1101010000010011111111110000010010000100
0010111110000000100000001001000100101011
1110100111101000011110100001011001001101
0111001101101101101111000110101001000011
0001000001100111110010000110011101111011
0101101101101100010111101101000100101010
0001100111000001010000010010010000000011
0101101001110100101010001011001000101111
1110000101000011100100100110111101101011
0110000110000001110011010011111101110111
1001000010011000101101001001010100000010
1001101001010010111011010001011001111001
0101100100100111111010011001111111100011
0000010011100101000010010010100011101111
1001111011011100000010101111100000100011
0111001001011000101000111111011101111001
1010111101011001100010111000101000101010
0100001111011010001111110011001111011111
0010010001100011101000111010110101001110
0000101111010001111001111000011011101111
0001100111001101111010100010001011001011
0100001010100010001010111111011000100011
0011111100111010110000110001100100100101
1110111101110110100111110100100111000000
0100000110101010010001001000001111010101
1111101001111000001000010011000001001110
1011001001110000110000101010100010000110
0110101110011000101001010100111011001000
1001101010111100110001001100111111101110
1110101010111000000110001100110100011100
1000000011110001100110000001101101001010
0000011100101000101110100010100000011011
0001101100000101100101110000001100001110
1111001100000001010100101111110011001100
1000111001101110010001101111000001000101
1100101101100001100001100111001100100110
0100010011001110110011011010011100100000
0110000101111001100011111101010000001011
0001010011001110101001110011010101010010
0000010010100101110000101010001110101001
0000000000010010010111111101000011011100
0000100011110010101010001000011100000011
1010110100100011010111111011110000101110
1100111010011001110011011100100110110100
1110001110101000011101011010100010101001
0001100001011001000000010101001101110011
1001111101010111110110000101100010101010
0100000110101001110101001001101100100001
0111000000011010011011110101100001000000
0100110010011100010110011101011110001011
1010011100000110001100010000101110001001
1010100110101101001101110111101011111011
0111011011110011100011100010001001101000
0100001100000011001011001000011101101001
0011100110111110110100001000011100010001
1110000000110100010101111011111011111100
1001010101011011011100010001111000001010
1111000000000011000000010100010111010100
1111100010100000010100001110111110110101
0001000000001101101010011010000101110110
1101010001001001010110011011000011100011
1001101010010101110010111000111010110010
1100101100000010000110001011110100111000
1010111010000110110010111101001110000101
0101011011100000110001000100100111110011
0001010100001111100111001110001000110100
1100101111011010110100010011111111101101
1101000101100010010001001100000011110110
0010000111011000111010000100101000001111
0101111111000001110010001110110100101001
1111101000101110110110010111011101000000
0010001011010000100111100110110001000111
0101001100101101101110111110110011011111
0110010101100101010100010000010111110111
0100100110011110010101111011110011110110
1001110000011101001111011110001111000100
0001111111100000000000110001000111110110
0100011011000101111100110100101011010001
0011111010001001010000111100011111101110
1010010110111010101110101010010001110111
1100111011001001100000000010111111110110
0010011101111001101111001000101000101011
1101101000110101111010011010111011111001
0111111001100110000110001011101001010111
0011010011010110011000011110101010101111
1111100011011111000110000110000001000101
1110000010101100001111001001110111000100
1000110010101111011000010111001011000000
1000110010101100101111110111011110001000
0110111110010001100001000101001100111010
1110000010001001001111111001001110011011
1010110111011011100011110101101111110110
1110010011111110111001111011001011000000
0111110101101100011010101011000001101100
1111100110001011110111101011011001100110
0010110101111001010110010111000000001010
1011111001010100001000000101010101000101
1111110101010110011101110110001011100001
1010101101010010000000011000001101010011
0010011101001111110110000010001011100010
0110101001111111000001101110110000000100
0010110100001110000111101111011111101100
1000101101001001101010110001001100111110
1000100101101111001101101010011100001010
0101011111011011110000100001011010000001
0011011011110011011001010010001111001101
1000100000001011010010011000101011101011
1011111100010101011001110000111101101110
0110000110111010110100000110100011100011
1100001101111001001110100101101001011110
0101100111000101110011100100001110011111
1111011001100011010100010001000111100100
0000110111001000110011001000010001100111
1100001010111100001111100000011010011000
0010101010010101101001100100010000101101
0011111111100100111000100101001000010110
0001001010110010011111111110111000010000
1110010010011000001110100000111101000100
1001000100111001110001000011100001110111
0011001100101010100010100110111101100011
1110010101011110111110010101011101111011
1011010111100100010111010111001101001010
1001011001111110100011111001100111011100
1101011110011110010011010110100011010100
0101001011111111000010100011110001000000
1011011001011100100110000001100111110001
0011010110111101110101010001101100111111
1000101010011110001100011111000111110000
0101001111101110111001110010000010001110
0010010111110000011110111001000100111011
1111101001111011011100000101110110110010
1000111100111001111100001000101100101111
1010010110111001110001110001101111001010
1010010010011101000011111110010101101001
0111010001101001011000000110010111001000
0000100110000111010110011011010010010111
0001000011000110001110100001110011001011
0101101011001010000011000101101001101110
1100110110000001010000001110001110101011
0100000001110110110110001000111000010010
1110001101011001000010001110110011011110
1011010000000110111111011001010011110010
0101100110011011100101001100100101111010
0011010110000111011111000111100101100010
0011000010110001101110110011111001111100
0100100001001110000100010101000000011110
0111001011100011001000001001101001110001
1111000011101111111010110100011101000000
0101001011000000000100001110101111111110
0011001010011101000000011110011001010100
1000101000010111011010000100010100010101
0011010000101110111100001101110011011001
1010100000010110010111000101110010101100
1110001001010000111011000111101110011110
0110000010010010001101001001101001011100
0011010010001101011110111110111000011010
0101101011101001100100100111110000110101
0000011001101101010000101110011001100011
1011101001001100011100111101111010000101
0001011111110111111110010001100000011010
0000111111000100010010011001101100000111
0001010001011111101111000000101011001000
0010100010000101101100110010011101110101
0000010101100100000011010011111011100000
0001000011011101100110101001010111110111
1000101110100001100111011011011011111110
0011001011000100000001111011100110011111
0101100110100011001001011000111100110001
1010011010100111101101011010111100110110
0100000111110010000100100101011010000101
0001100100001101111100001101010001100100
0011111110000111001100110011000010010000
1110110000100101100000011100001000001101
0011101010100000000010010001111100111111
1000100001101100000110001110000011010000
0111001000101100101000110001101000101001
0001011110110111000111101011000110101110
0111010010110111001000011011000000001001
0001110101110100100101010111100011001011
0000011001011011100110110101100001000111
0101010001110111110011101011100100111011
1011011001010100101001000011111100010111
1001110011100000100111111010110111101011
0000100101010011111111010000110010011001
0001000110111011110101111000110001001101
0100001100010000101100110010101010110110
0101000001000001110010010010010011100100
0001001100000010010111111100000011001001
1101101111110011001101011100100100101010
1110010100100010111011001001110010001100
0111101010011101101101100001110011101100
0000011010111001111001000111101111111010
1000100110100000111110011100101001101100
0001011001011001011011000100110010010101
1011111111101000100110000000000000000110
0010111110010010011011001011000011011011
1100111000011011001100110001000011111011
0010001010110111100111111111110010010100
0110110100100111101111101101001111001010
1001000111111100101111010101000111101110
1100001011110000100001010010010110011100
1010100110100111010000011000000011101010
1000011001000011111101001010001100000011
0111010011110110100010011100111101100100
1001100110011001001101101110101110001101
1110010100100101110111010100010001101111
0011110001000110110000001111111000000000
0001010010011100100001100001001010011111
0101110001001001110011111000100000111100
1111111000011000100110100010001101011111
0101100100111010101110010110101010100000
0011111010111110010000111011100110010111
0010010001111101111111010011010001110100
1111111101001000001100101011011100110010
1110110010011110001010000101011100110011
1000001010111110001100111011011100100110
1111000001110111011000000111001100000000
0110100010110101011111001111000101011000
1010101111001110001010100011110001110101
1110001101100000101000000101110001101011
1101010000001110011111001110010110001111
0111110001000001010100010010001000000100
0110100101010111111110111110000010111110
1110011110011111110011001111101100010011
0010110000110100001100100001101011110110
1110101111101101001110000001011111001011
0110010111011101111010101111101011110111
0000110101110101011101111010000101100001
1101111111101100100011010111101101100000
0100011101011100100101000011100100011011
1011011001101010001111111100000011110000
1000001111010010110010010110101101001000
0100000011010010000011000111110011011100
0100010101001001110011010100110011100011
1101110001001011000010011100011110101110
1000000011110001001111101111101010100000
0110001101101101111001110001000100111001
1110001110100110001101100111101111000010
1010110111101011011001001111111101110110
0111110000111110010000000100100011100101
0100101001101000001001001100010110010101
0011000100100101000111001000110000010100
1100001000001110000001001010110110010000
0001100000010001101011100101111000000000
0100001001110011111101010010110010111101
1110111100000001010110110111001100001100
0001001101011010100000101000000001010111
1011101111011010010001011000101011111111
0010111010001100000000101000000010100010
0000111110011001110011100010000100110110
0011110100000001000110000100001000100101
0011001010011011001001110111001111111111
1111101101010010101000011000011001010101
0110001110110001100000001110111100110110
1100111010011011010010011101110010010011
0100001100011100010010011001011011011101
0101110000001100101000111110001000101110
1011111110110010111010101110111110101111
0010111111111100001010010110100110000101
0110100100001101000001011001111111111010
1011001011000111010011111100110100000011
0000001100000010011011101011111111100101
1100000111110101101010000110111101111010
1001000000010000100111100111011101000110
0110101000101010101101011011011000011100
0111001001100010010111001000010000101110
1111111001111010101001011001101010110111
1110100000011100101110101110111110100010
0100111101100011010111011001011001010110
0111000000101101110111001000111010110100
1100011110111100111110111110000011000010
1101110111110010110001001110011110110011
1111010001010110110011101011100001010001
0110110011010001010111110110001110001000
1000001010010111101111001101010110011111
0110000111111000010101001010100010100110
0010100011111010000100010101100000010000
0001010011111000001110101011101100101100
1001111101001101101001100001101011110100
1101000010010101001010101011001110111010
1111101011000101011100110011010110100111
0010100010111110100011011011010111100110
0100101011010011000000111111011000110110
1101010010110001101101000100001110011011
1101010111110011010001110001101111100011
1110100001000110001011101111100001001110
0010101110111010000011110011001000101000
1101011101000001010011101110111110100111
0111000100101001101101110101100000110000
1110000011011100101000100010001101001011
1001110100101000110101101110001010000100
1011111100111111011100101010110111111010
0111110011001000000001100001001100011000
1010110110000000101010010001110000110000
0110001101101110001111011100000101011011
1000111111001000101110110111001000110011
1111000001101110100010010010000110111011
0110110101011001110111001001001101010000
0000010100001001111010010010101111111001
1001011110011011110001101001101010111000
0110000001000100100011001101111110001101
1110000010100011100101101100000110111010
0110011111001000111010101101010100011111
1111100100010011100101111001010011011000
0101000011001101001100100100000101001111
0111011011110011111000011000110001001000
0000111000100001111011110011011101100100
0001000111010110101000101111001111101100
0011100001101111100010100100011010011100
1100111101100101100010001000110110000000
1101010000011000100001011011110000100111
1001000100101011011101101011011000110101
0111110110001001001110010111101101100010
1010100111111110001011100010010001101100
1000100111000011001100101001101000001000
0110101010000100101011000110011001000101
1100001000000110001011111101010011001100
1001100010101110111110001110100011011010
1001001110010101000111100110000101001110
0001111100100100110111000110110000111111
1001101010011001011001100000011001010101
0110000010110101100111000000101001010011
1011011111111011011101001101110101101111
0111010011101010011011000100010101011101
0111100111111111010110100001001010011110
1110010111000011011000110000101110010000
1010001000101001010010110000001101100010
0011101110110111110110110101101100101000
0011011101110011011111101000100111101010
1101000111101110111110010111000100110100
0100100101000010111111110010000011010011
1100011001111000011000010111101111001111
1011100110001000101110000110010000100000
0100000011001110110110111100000101100001
0101011101100001001101101110000110000100
1010111000100011010110000111101010100010
0111000010011010101110110011111001100011
1101001010111001000101111000000000111100
1111010000110001110110100110001011101101
0011011101111010000100101010100110111001
1001111000011111011000100010001011110010
0101101100001000000010000011110000011110
1111000011101001100011010110000111001010
0000010110000000100100101101101000000110
1110101111000001011000100100010100001100
0000111111100010110111010010100010101000
1001010001100110110111101110111110110001
1000111101101001011010001011110011101001
0101010000011101010101100111101110101100
0011001100000000100000010101000011000100
0111010000110010001110010101110101110110
1101011000001011110001111010011011010101
0010001110011111100000101111011001101111
0000111010111110000011111001110101110000
0110101100100101111111001001001100001010
1110101110100011011110010000110000111110
1100110100011101110000001101111001000101
1010011110110011010000111010110011100101
0011110101001110010001110110000100111111
1001101000011010001000110000100000011010
0011111000110010110100011101100000101011
1111001110000000111001011111100000010110
1000011011001110111101000110111010011100
0110010010011110000110001001000100011000
0000100000111110010011011100111001100100
0100111100001000011100100111011100011000
0010111000100011101011011000000110111101
0011101100001111011110101000001000111111
1101110110010111110011100100110110011011
0100011101111000001101001101111000111110
1010001011111101110001100001110001101101
0001111010000010110001110111010101100111
0001110111111101101010100101111000011011
0100001101010000000100101111111001110011
0101110100100100001100010111111110000111
0010001001001010010011000011111010000011
0011001011000001010010111111111100111101
1100001101010101001101011010010000010001
0110010000011011111000100001010101000100
0110100100101100101001110111111110001101
1110110110011111010101101110010110001100
0100100001001000011101001110011011000110
1010011010010111101101000001101011010100
0111101001011101100000111111111010100001
1001010000010100000111000001101010110000
0001101100110011110110011000000000101101
1110000111100111010100001000011001001111
1101101010101010101110111111010011111001
1100001010011100011111001000100010101110
1110000110111010010001001010001001111010
1100110110001000011111010110000111110111
1101101111111000111001010001100001000111
1011001001001010001001001100010000100111
1000001000111110100111011010100100111110
1111000001101001011000111101101100000011
1110100000101110001111001000110011010101
1000100111010010000111110011000001000000
1010101100000001011000111110100111000011
1111011010110101110011000000111101100000
0011011111110100010010100101100011001011
1010010010101011001000000110001011011000
1000000110001010101000000000000101011001
0011000010000001010100111111101110001110
1001010000100000011100111111101100101111
0100001000111110111111001110001000110010
1100010111100110100010110101001111111001
0010011000011010010011000011111101000110
0010001001000011111010101011110011000100
1000101011111101011110110111011000101111
1110111011011011011101101010111110001111
1101001000101011000111011111000001001111
0001111011000101011101100111110101010110
1111000010100001110011000101100101010101
1101010001000000001000111101111101001110
0000011100101111100001100000101111001000
0010010001010001001100101111011111111111
1101110000000110111000010011010110000010
0011010000110010100010100111000000100001
0100001100111101101011001110101000011101
1001001010010100010001010001111101001010
1101111011010010000000010000110101001100
0010110010011100101000101111001100111010
1101011010011000110101110001101111111001
1000000101010000111100111100111000101110
0010010101001001011010101100000001100010
1010011101010010101110111111011100010100
1010010111111001111111000101011100000010
0001000010001110001010011100110110001000
1101011111010110001100011001100100100011
0011010101011111111001010000000001100111
1101110100100011001010001001001110011001
1110110101010010011010011110010101111111
0100010111100101100001011110011110000100
1111111101111110111011110001001111100001
0001100100001101111100111111100011111110
1100010001100100010000001110000101101101
1111110110000011001000100001010011111100
0011001010001011001000110001100101101001
1010001100100101010111111110011110100010
1001100101011101110000011111011100000111
0100011101100100100010110101011001011000
0100001100101000100001000101111100001110
1101011011001111100010101010101101101011
0000110001001111011100111000000000110100
0100001100101011010100110101111010110111
1000000001100011101101000001100000011010
0011111100000100001001001000110000001100
1011000000101110100001101110110000011111
0010101000111101110011001101100100100110
0001100111110110001011101001001000101010
1111111111100101100111110101000010100111
0011111111000100110010001100111001100001
0000100100001011100001111011001111000001
0101001011100100001110011010000001101001
0110111110000011010000001100110000000001
0110000110010001100011100111100111110110
1011100011001000010101010111001100111010
1100010111101011011011010011101011100000
1110001111010111100010010010111100100000
1000100101001101101101000111110000010011
0000011110110011100110011111000101001100
0110011010001000101101101001111111100101
0100110010000111001000000101101111111101
0111111010000100101011000101111010011111
0001101010111110100010001000110111000011
0001111111010111101000011011101010001001
0011111101000111100110001100011010010010
0101011100110001010010011000000010001001
1011110111100111011010001001011000111111
0110010110000101101110001010001000000001
1101100100100100111010111010110000010111
0100111101000100001101010010111010110001
1110110110101111010010101110101100110100
1100011110111000101110010100101000000011
1001011001111010010011110111000001000001
1100011000100011010110100111110000100001
0010111011010010110111111000011101010010
1010000011101101110010101011111010110100
1111111011010101011110010000100101010001
1001110111010111110100001000111100001111
1010011000011100010110101111110100000001
1110101010101100001100101101001011011011
0001101111001101111010100101011101101100
1000100011010010111010111001000111000000
0100110100000010000011110001101101100010
1100001111101111110100000000111100111000
1101001001110001111001100000110001110111
1111110100111000100011111000110111111110
0010110101010001000010001000010110010010
0111111001000011101111101000100000011010
1001001111010010111000110001111001110111
1011001100110100111101111011100110011101
0110100000001101111101100011011110000000
0100101100111101000111100011010010001011
1000000110100010001011010110010000011111
0001100101101000010111001011001000010000
1001100110111100101010011010011010110011
1100110010011000000000111100110000000110
0011110111001111110101010011011010111111
0110110011111111001001111000111110011011
1101111100011011110111110000111001100100
1110101101011000001010111110101010110111
0111000100111110100001010110101000100010
0110001001111101000011001111111001000111
1101011001001011111110000110011000000001
0000110100001001001011000010011001110100
0100110011001110001001000100111001100010
1111101101111100001011000011101110101011
1101001100000111000010000001000011001100
0111010111000010110101001011010111010010
0100110001100101110111110111101000110010
0010100000110100101000101010110000001101
0000000111000101101111000010101010111001
1010000001100010011101010101111101011000
1000111110011011000010001111101110001100
0000101011100100000111101010001100100111
0100000101010100001010001000110001111001
0011101001100000010010111011001011100010
1010100000101101011100111011000101100101
1111000111110000111111000111101010001111
0110000001011110101100010011100111010000
0011011100001110101011011000100011111101
0011101010101001101001110010100011110000
1001000001101111001001001111011011111100
1111010001101010001111100010010100000101
1111000110001110101111110000110001110101
1111110011100100111110011001111110100110
0101111001000110010101000111010010110100
1000010011001000110010011011011010000111
1100100111000110011011100101101010001000
0100100111001010011011010011011010111101
0110000111101001011101100000111110100100
1011101011000000011010010011001101100010
1100011101110101110010100101001011011001
0011110100000001110101000011011010011110
1101000111110011000110100110101101010111
0000110011011101100101100000010101100100
0110110011110001110010111001000000100010
1000010101110110110001011001111110111011
1010000011111001000010100111001110010001
1110001101101011010010111010101011101110
0000010010001111001110010111101101001110
0100100111110110010010101001111100110001
0000011010111100010010100001010011110001
1011111000101001011111001101011111011001
1100000000100101100010110010001110011111
1110000010010011010001100101110100011010
0011101001000100110100000101110111100011
1011010000100010100111110010110000010010
1010001101110011001110000111111101000001
0101110001010011101011111111101111000100
1001001101000010000001010101000010110101
0001000101101110111101100100111001111101
0000001100111101111100010010111101000111
0111100100100010001111100001010000011011
1001100010000001101101000011100101100001
0000011011101000110101100011100111100111
1000010000110011110000101001010001100011
0100011100110010010001100011100010111011
0001101000110100101100001001101000001111
1010111000010101010101010100100000011000
0001011000011110001011100110010000010101
0000011110101011000111001001000001010101
0010001101100101100101011101101001100101
1000110010101100101101000111111111000010
1001111100001100011110100011111000001100
1100010101110100101001011100110010011001
1011110111000000111010110010100001011001
1111110010010000011110111011011010001100
0111110101100101100011111100001101000100
1001001110011000110001010111110011010110
0011001010111110001101100001110100111000
1111000001101001001100110101001101000010
0111011110100000111000000111100101111110
0000001010011100001000001011101110000110
1111101001101010111010001001000111111110
1110100010100000001011010111011110011001
1101101001110101101100010001000100000011
1111000100001111101101000000001110111110
0000011001101010000010110100101100010111
0110111100000100000010000011011010010000
0110000011000001100001000101011010111100
1010100101111111111010101000001011000011
1000010101111100110110100100001000000001
1010000000010011001110100100100111100000
1000000011001011100110101011001011111110
0010010100110000100000000110001100111110
1111000110001110101001111010111100111101
0010010010100110001000010110010111110001
1111110110000100100101011111111011000101
0011011010001000001111001111010101101101
0111010001010101011000011000111110001011
0111100001110011110110011110010100100001
1110001111110101111011000001001110101001
1101111111001000010101010001010100010000
1011100000110100001101010000011001001111
0010100001100110010110001010101101000111
1011100010011011100100100001010111111000
0101001011110001001010111100000000001000
1101010111010001001101100101011110101001
1010010101110010011010000001000101011010
1000000000100011111011111011010011111010
1100001001110101010000000010100000100100
1111011000011010001001011010101101001010
0111011000101011000010000001100010011111
1000000111111111110111110101001000100001
1000000101101010100111000000011001001111
0101001000011111100100110000011101010010
1011100001110110110110101111101001101100
1011110110010100101110100100100011000001
0001001111011011101110001110000111111010
0111101111000000100001011001001010010000
0000110001011101111110011000101101110111
1011101001101011000001100111100110001111
1100000010111001110110011100111100010110
1011000000110011010011110010110000010010
1000100000100100111011101101011001000100
1000001010100111100100111100001001111101
0110000100011011110100010001011101111101
0110011111101111001111101011100000100100
1010100100011110011110010001101101011011
0010111101011011110110010001101010101100
0110111000111010011100001010111110111001
0000111011111111000101101101111011110011
0101010100100001011011100100000100111110
1010100110100111100101010110100100100011
0101010001101110101010011100011101110110
0101101101110010011101011100110100010001
1100001011100111000010101011100110010110
0000001010110110000011101011001011110001
0110110001110111101001000111000011100001
0100010001000101011100110011001101101100
0110100000101111011101010101100000101110
1110000101100000011101011110110001010110
1100011000011111011010100001100010010010
0100011110010010111000011110111010001001
0011000111110110000100110000000011010110
0111010100010100100010010011111101001101
0110101010100001010100000010001110110111
0001000001010100100000111000011111010000
1111101011110001000101110111001111100001
1011010111100000011101101001001100101111
1001100110001111100100010000000000100101
1001110111110101010000000000010011010101
1011010101110101001101010101110110101010
1010101000100100001101010100011101011111
1011010011000010101011101000101001101011
1101011011100001011011000001000011110100
0001000100000110001101101100011010101001
0110110101111111101101001111000101010111
0000100010000011110110010100110011010001
0101010011100100100101001110101000100101
0001110000100011110101101001110111101101
1001111101101101110001100000100111110111
1010001110110001110011001100101011010111
1101010100110010101011000000001110110101
0001000010000001011111010101010111110010
0010101111001001011110001010111010110111
1011111101000111110110010011001000110101
1101101010100010000100000100100001000111
1010111010000111010011010111000110000110
1010100001011100011001100100010000010000
1101111101111011110111100010110011000101
0011001101101010100000111011011000100101
1101100011011111111111101100111110000100
1110110011001110011001010001001100001110
0111000110110010001101111011101001001000
0111111100110100010000001111000010111001
1111101000010100101110011100001010100110
1110010111111101001100111100110101110011
0111101000110011101010101111101001110000
0010001000011110110011000101111011010101
0101101001000010111111010111010110100011
0101101000000110000101000001001001011000
1101100100001011111010011011101000110110
0111011000000001111011011011000110000110
0011111000100010110110011101000111011001
0100011000100100011111110100101010011100
1101111010011110011010101100011001100001
0000011011000110111111010000000001000110
1010101000101011110110010101101011110011
1100100100011011101110000100110001100010
0010101001000111110110000110001111101111
1011111000010010010110111100001010111100
0111010000010100111010010011010011010001
0111111110101011111010101001000111010001
1000100110010110111011101111011110100100
0111000111100110001010000111011100010010
1010011000111101111001110111111010001100
1001100001110011000111001100010011101010
0010011111011101101010010111011010101101
0111101000001010101110010000000111110101
1011100111101001110101000011111100100010
0001110100011100000001111010111011101101
0011111110110100101110010011111111011001
0011101011011110100010011001100100111001
0000101101011011010001011001100110011101
1100100011100010111000000000110100111111
0001001110100010001111100000011000100011
1110011000011001001011111110001111110011
0001011100111101010101010001000000010110
1110011111100001010010101110101011001111
1111110111111100010101110010111000100000
0011111011000011111001110110011000001011
1010101000010100010111010011101100011011
1011111011111101110100010100111111000101
0001010011000101011111101111011110100101
1100010001111100000101011100100111100101
0101101000000010100101010010010111010100
0110111010011000100110100111011110111001
0100100110010100011100111101100010111010
0110100000010010110000111010111111111010
1011101011101000110010001010000001110110
0000000011100111011111100000000100110001
0001111001001011101000001010100011111110
0011001010000000101011110110111111100011
0001110001001010111011111011101000001010
0111011010101110110011010100011011101100
1110111010011001010110001100010001010100
0001011100111101001101001011100010101011
0100101000101010010010000101011010100010
1011000100100110101000001001011000001100
0000000010101101011111011100010100010100
1101011001101001100001101100011101111101
0101010000111110001100100111001011111111
1110100010011000111000100110100011001101
1011011110000101111000000001100110001001
0010000111001110100010101111100000001101
1101110010101111101011000110001000001101
1011101000101111101010010101000101100011
1100010100010000001100000100010011100011
1000101010000001000111100101000100100101
1001000111101100111000010111101001010010
1001010010110110000001111111100100111110
0000101011001001100111010110010111010100
0101001011110001110010111101111001011001
0101011110110110100000010000110101011100
1001111001000111101000010001111001101000
0010101000111011111010000100011101100000
1100010100111000110000100000100000101000
1011101111110111001101010011110001111111
1010010111100100001000100111111010100011
1001011011000110100000110101010011000010
0111011010110110111000111101111101010010
0010100001111101100101000100110111111101
1100000011110100111001110111110011011111
1010011110000000111110101000110110011100
1011111011111011010000100010010000011100
1001001100010000011110000000101111010110
1100111010111010011011101111110010000011
0111111010111100111001100100000101011101
0110110000010011001101100111001001111110
1001111100001110101001000011111010010110
1010100000010110110010011010011111101111
0101011110111100100011000111011101000010
1011011110101001110001111100001100111101
1001011011110100001110111110101001000000
0000101110101111000100111101101110101111
0000110010011111000111110011110111000011
0111110100011101000100110000110001010100
0011010101000100011001111110010110101100
0011011101111101000001011111111011011100
0110111111101111100000100000010110100010
1001110000101100100000000010011001011100
0111000001011010101000001010001100110100
1101100000110110011010011001111101001101
1110100110000101011111011010011100010110
0110011001000111101011100000110000011101
1000000110101001011101000100000010001000
0011110111001101111110001111100011111000
1101101101100000100101000010111111001110
0010110101101001011001010110110111110101
0110000101110000010101111001001001000111
1111001000011000011001111000011001010100
0010110101011110101111011100101111011011
0010111111010100011101100111100111100000
1101001001110100010011011011101101100000
1110000011001111011010101100101010110010
1010010001110111011100000011101010110110
1101111110101001100011111000011010100110
1010101000110110100101001100101111010100
1111000101100111100101111011010100110100
1010110010001001010001010010001100000101
1011110111111101010100000000111101100011
1000010011101010010101010010010110101001
0100010100001000110111011010110010111110
0110011011101101001101010011110010101100
0011001000011000011110000110000001011100
1100110011001101010110101110100110111001
0110101010110010001100111100110101010110
0101100100010011000001111100111011100001
1111111011100111101001110101110011010010
1111011101011100010010001100110001000010
0011001011011100111100001100011110110111
0111101110111010000011100101000100100000
0010111111011001011010110011001011100110
1010111100010010000110001101110101100000
1010011010001110101111111010101101001111
0001100000101011010100000100100000101011
0101001111011000111000100010010110111101
0111011010001111001010111110111110111000
1011010111101101100011001001010011100111
0000110000001101111011010101101011101111
0110001000010100111010111100010101110100
1001111101110101101001110010000000000101
1110101011000010000110100000110101111001
1011110110001010111001111101101101111110
0110101101000111101000111101001011010110
0100010101000100100000111110111110001010
0000010100110010011100111011100010010000
0100110110000000110000110010111010100001
0100001010101110011011110100100000001101
0001101011001110111110011011000000100010
1101100010110100101101001110000000010100
0010011101001011010011010010010110001011
1001001000011000011110000010111101101000
1101011010000000011110110111011010111001
1110010010011000010001110100001000111110
1111100010100111101011111011011110111000
0100100011101001001101111001010001000100
1100010111010101101001101000100000100010
1100011001110101000111110010010111100111
1101111111000000011001101100000000000101
1010010100111010101110011000001100001110
1100010101110111100101110101101101011110
0110110001100001011100100011001000011011
1010001100100011110011001100000011100001
0011001101111000100101101011111001010100
1111100100010001111110000010111001111011
0111110110010010100111000110100010011111
0110001100110111111100100110101010001001
0110001111110100110100110100111101001011
1100100101110001110011101101100010100101
1000100000110001001000110110111000001100
1101001110010000010101001011101001111100
1110101000010111101000110111000011100100
0110010001000100111110011001000011110111
0110110110101011011110000101110010100010
0001000110100011001001011001111011001111
1110111000011110101101010100011001111011
0101101110101100110111110111100110111010
1100101000010000011111110111100011001100
1110010101000100110101100100000111110111
0111011111100011000000000111010111010010
0011000001010010010100001011000000111000
1110000011100001010011110000011100010110
0111101001111011110100110110001000111000
1011010010011101000001100001111001000110
1100110111001100110100110101011101011010
