40 1023
1100011010111101111100010110100101011011
1001011010110100110001111111000010001001
0000101110100111111110110011101000101010
0010111100111001110110101101110000100111
0101101100111110000100111100111110010001
1001110101011011000010110010100110100111
1001100011111001110100101111000000001100
1001000001101000111010100111011111000101
1110001001100000111010001000110101000101
0011001100001010110011110000011111011100
1000111100000110011011100011011100000010
0011010100010100010001001011110100100001
1010101110101010010100010101000001011011
1000000111110110000101010101100011100110
1000111011101011110111110101010000000101
1000110011001011110011011001000010001011
0000100011100001011011011010001010111111
0101010101001010000100110110011101110001
0110111111101101011001110101111001011100
0011110101111101001101110100111000010011
0000100100101000011011000101111010010110
0100100011110101100110111010011011110110
1111110110111011111000001100111001101110
0110001110100111100011000110001100001010
1111111100101011010001101001000001000111
1101100101001000000101110110000000100101
1111101110111000010110001001101110011010
0000000010110001011101111100101000000011
1101001111110010110010101100100101011101
1110011010111100101111001001100001110110
0101111010011110110000011110111101011100
1000001001010011011001001010010110100010
1101001100011010101100011101101110111100
1110001110101101001000101011001111101101
0010010011001111110010101110000111001101
0011111110011101101011010101001111110001
0111101110000111100000000111011101110110
1111000100100011101101000000010010011000
1110101011110100010100001101110011110100
1010001111010111111001110010100000101110
0110000011110101001100000111111011010010
1111000010100001010011100100100010110011
1001100110000101110000001001011101000011
0000001010111111101010101001011101101011
1011001111011010110100111111101110001001
1011010101100000011011100001111101101011
0100111110010010110101000000000010011110
1111111000001001000001000001001110001010
0100100011000111101101111011010111110010
0000110100001110110010010101101111100111
1001100101100101110111010101111011011011
0111001111100011110000111111001100100010
1101001001001111100010111011110001101110
0000110000111100100010001011100110100011
0011110110101011101101011011011010111110
1010001101100000010100000010001011111101
1111110101100011100001001101111001110010
1111010110011111000011100001100011111011
0110001000101010010010011110100000110011
0110100010111010111110101001110101000001
1000010010110100110001000100011001110011
1011010010111110110000100101010000011001
1010000011010110011110101111010110111110
1111001011000000010111001010101111000011
0100100111101110100111100000010101100010
0100011111000000110011001001011111100000
1010110101110001001011010110000001110001
0011000001101000011101100111000110001010
0111000101111111101100010011010100100000
0100111000101000101001101101100001001111
0100100010100000110100101111100101010000
0100001000010000100000111101011111010011
0110000010000011101100001010100101011000
0100010111010100111011011111001111111110
0000011010010100010010101100100011011001
1101001001110010001100101111100010011001
1100111010101101101101000010101001010001
0011010010010110110010110101011100001110
0010010100100010100001011001001010010000
0001010010101011010000101010111101000100
0100111001111000110111111101110110001000
1000111000011100111110100001010011011011
0011100100010110010010100001010111100000
0010000001010100111010000001101011100011
0011110011110000000000100001101000101011
1100000010001011101100111101111000110011
1111010101101111111111100101111111011100
1001001101111001000000011100010001001100
0010010011111000000001011110100100010001
0110001101100011111011110110111101101111
1101100001010101000011010001101101001110
1010100011001000111101101010000110100101
0010111100100111010101110101110000001100
1100000101101111001101101011111101111011
0010100010010100111110110110110010011110
1100000110101101100111101000000001110111
0101000011110110010010100000000101100100
1000110001111111001101111001000011001010
0111111010010000001111001101110111011011
0001101100111101000110001110001010101101
1110100101010010110110010010111000101100
0101000100101011011110010000011100010100
1010111101010001001100111010111001111000
1110001101110010111100010001101110101010
1111101111011011110110011010111001101100
0111100110001110110011011000101111110111
0101110010000110100100110010001101010010
0100010111011001010011101001110101010010
0110011110110011110000111000011001010111
0011000101100101011100011110010111011101
0110010001100111100101110111110111010001
1010100011101011000010011111011001100110
0110111100110101110110011000010110010000
1100001110110010001110100111000011111010
1111001110001111111110010010111111001000
1100101100011101001001000001010000100111
0001110011010010101000100011000001011101
1001001101010111000001111111001010100010
0101101011101101110110010010010110000010
0001101001001101011010001110011110011000
1011111010100110011111111100110101111110
0101100010111010111011110011011100011001
1111111101100001010100110110011000110010
0100110001001111011111110001001100010101
1000111011010101101010101111001100110111
1000110101110101001000101010001001101010
1001010111010010010000011111100101101001
1101100110011100011101110111111010110001
1110100101010000001010100011000011111011
0011111010001100010100111010011000101010
0011000001001101101011110110000110100110
1010010100111111001010001011100100110010
1001100100011100000000001001111001101110
1110100011100110010101001001010000101111
0010000011011011100100010110111001110000
1010101010101111001000011010011101100001
0100001100000100010110100101010011110001
0100001010000011110010101001111101101101
1010010001010111011011101001011100110101
0000001110000011001110111010110100010010
0111100010101010110001101011111100011010
0110010000110001110110001000110011000000
0011011001011001000011111100101111001111
1011100000010101000110111001001110100011
1101000101111111100101101000001110100010
1111110100011110100001110000000110010011
1000001101101011010111010000100110011111
1010110001101010001011110001100010010000
1010010001100010111100110101111100100010
0000111101101000111110001101011111011111
0110001100111011010010010101100010011000
0010011110010000101000010010001111100011
1001110110101000101110111100000101110001
0010011111101111110001100010111010011101
0110010100110111101001100001001011101111
1010111011000100100010100011001100101001
1101001110110110011101001011010010010110
1000010000101111101000111110100100000101
1101110011101110101110011011000100101100
0011011000111101011011000010011111110110
1000011000010101100010101100101101000001
1001000010001110101011101100100111111011
1001010101000110011010100001001001010011
0100010110110101010101100110110101011010
1010101010000001110111010101111100101011
1011000101101001101101100010101101101100
0011100100001101100011111011111101000100
1010011000111100001111101111111000101000
1011010011100101100111000001101100011001
0011110001001111110111001101001101010111
0100110111111010111011000100100110001001
0110101010000010011101111111100011111010
1001011100010100011000100010011001001011
0011110011011110010101101100110000000011
0110010010110011001001100100111101110101
0011011000101110011111101101011010110000
0011000000101001101101011001010100100100
1100110000001011001110001001010111100100
1010100100001100010100101011001100011101
0000100100000110001110100010111100011101
1111101101011010000011010010100011110111
0011011111110111000000101010101111100100
0001100011101110110111111111001110001110
0110111111111000101110001110101010110101
1111011001101000011011111000010001010110
1010011100110111100000000010011001011100
0101000101110011110000100011010100011101
1011010100110010110111110000011101011010
0101010100000000100010101011001101000000
1101101101010101101010001110010110100010
0011101100011111000001100000011110110100
1101110111010111111011010010110000111011
0110101111011100100001001111111111110011
0100001111100011110101100100111111010101
0010111001000000111000011111111011101010
0110011111010000001110011000101100111100
1011111000001001111010001111001010101011
1100110100000010011011101101100001101101
1011101010101101111000110000000000010111
1100001111101001110011111100000011110001
1010010001011111101011110001111101101100
1100000000101000010010101000010100000001
1101111001010111011000010000010011011110
1101000000110001100101110100011001101001
0010010100011101101111111010001000111011
0010100101000011100011100110000100111100
1101100101010111000000100101101001010111
0000111011100001000001001011110111110001
0111010011010110100101011000110101000001
0010111111000010111110000101100100100100
1010000001011101011000111101101010000100
0000100101001100010011101110100000111101
1111111111100111000000001010011011010011
0110001000111010010001101100100010100011
0100110110010001011111101110111010100000
0100111111110110100100111100011011010010
0001010100010111101101001101001111011111
0111111000011001100000011101001000100100
0000000001000010011000100010001101111101
0010010110000111011100110000111101000101
1001001111000000010010001000001001101000
1000010011011010000110110000101100000001
1001111001000111000010101011000110111111
1000000011100111110111011100111110010011
0011010001100101000111011100100010010100
1010001110101001011011010100001011101111
0101001010111111110001011111000011110000
0111010011101011011101010011111001010011
0010111101100111001010010111101110001101
0110010100100101001111010101001110110101
0111011110011111110110011001110111010011
1011101111000111111000100011010100010101
0111101111001101010010001101110001001100
0101011101101100111000001000000001001100
0100000011011000011011101001101101011110
0101110010010110100000001000110001111101
1010100110001010110111011001011110100001
0001101111000101100111100110000111110111
0100010001101011100101011101100100011110
0100001100100011011010100110100110111110
0100101111010000010101100011111001010001
0000001111011110001100000000001100011001
1100010101100010110101101110111001000010
0000000100100000011100010011110110000110
1111011000101101001010011000010000010111
0001000111011000101101011101001010000010
0101111100000110111100011011101010010001
0011110101101100100010101110001001011110
1101000100110001100111100001111100100000
0011011010100011100111110110100110010011
1011011001110101101111100110001010010110
0000100001100000110000100111000110111110
1101110011000010101111001101111111100111
0001000011111011000001000011010111110011
0001101111010110100100100000100011011111
0000000111010001001100000001001100011111
0100100011001000000001110001011000101101
0110011010011101000001101100011000101011
0111011010000010000000110010001011001111
1111000011101100110010011001110001111001
0000001000001110001110000011001100100101
0101010111111000101001110000110000001000
0100000010001011111110111111011010000111
0101010101011100100101101100100111101010
1110010000000100110101101100100110100100
0011010000001110111010000110110111010001
0100100001100101001110110100101001111000
1001110000111110000001001001000001101111
1010000000001100000111111011011101011001
1011001011100010101110111111000000111111
0010001001100001110110111001011100000110
0001001111101101001100011000111101010000
0101000111101110001001011111001010100010
0011010101110100000110111000100110100100
0011100110100010111100111110100101011000
1111000100001100001001110110100010101111
1010101000110011010001111100110000011110
0110100110101100001000010110010011100100
1101110011100100011011000110011000111011
0101011001101011111010111011010100111011
0110010111100001001100011100010111100011
1001111111100000100001010000111010111011
0010000100001101100011110000011000000101
1001001100110111111000011101110100100011
1000010101111010000011111110101011101000
1101011101111010100011101011001101000101
0100011000011001011101010001101010010001
1100111111011110111101011011010001011110
1011111001000000101001100001000111100110
0101101001101110100100110101111101110001
1010001000001010110101010110010101011001
1010011100011001101000000101100000101100
0111100100010001001010101010111100000011
1011110111111100001111111000010101110010
0011000001100101001000011111001000100011
1110111011101110100011110100011011100000
1011101011010100110011111100110100001111
0010111011111101110101110010010001000100
0010100111100100101100101101111000101111
1111011011011001011000110100010011011101
0110001010101111011111100100101101000101
0101010000111000100101011001011011110110
1000111111010111100001110110100101100001
0011110100000101000111111110010010111011
1010000001010011001110000001011110111010
1011010101001110011110011110010011100011
0110100011010011000010011011000101111000
0010110011110110001111010011100010100110
0010010111010010011111001100111111100011
1010011001001000001101110101111010111111
0100010010010011011111100010011011011110
0101000001111110010001001011001111100110
1101110010000000010110101101001111010010
1001101011110110110001001110101011110010
1010000101101011001010110011111000111101
1001011110000100101011011101110101010001
1100011100011010111011100101011010101001
0100100000000110100001010011011001010111
1000100011101110001000110010110100101111
0001111101100001011110101010111011110000
0100100111011000111111011010011010001110
0001001010011001011011101100011110011111
1110011100000001111111110011101100010101
1110001100001110001101010010011101011110
0000010011000100111101111110101101011110
0011110010111101101011010001100010110111
0111011110010110001010001110100100100001
0010000000010000110000000010011011001000
0001001101110110000100100000100010001101
1011111010000101001100000111110100011111
1000111110111000111111110010110000010111
1011111010111001001001110010110100101011
1101001110111000101100001001100011001010
0101100110100110011100100000100100010111
0010010010111101011011000100101100000000
1011100110101100110101011111000001000111
1001001010110001101011011011000110110110
0101011001010001000010000100101110101100
0100000110010011010000100001101101000000
1100001001111001011000011011100011001011
0010011001011111101101100010000001101100
0101011111101101100010111000001001010010
1011101111111110101101110111110110101110
0111000010110111101110110111000111001010
0011010001111111001101111100011111111011
0011011101011100101101010111111100101111
1110010111001111110101011011000111100001
1010000010111111110000101101100100011100
0000111000111110101011011100011001011100
0100010100100110011000111100010100101001
0101110101001101000101000011010000010010
0101011010101001100011001100001101010100
0000000111010110110011010110111000001111
1010111000010110101110101010100010010000
0000111001110101100110101110001010110110
0111010011001010100010010101001101110111
1010010001101011101100110001110101001000
1011011010010001110110110111111000101011
0000100101010010010001100100001100110010
1010111111001010101111011100011110110010
1100011011101011110011000100010100100101
1011011000110011011011100000000010010110
1011000010001000000101001101101011100000
1101011111010101111110010010100011111011
0010011101001110000000100111001100111000
0001000001000110001110101111101100001111
0000110111110100100110000100111111001101
1100010110110100100110100000011010010110
1000101111101010110100100001011111100101
0000000111010011010110110101100010111111
1011001110000001000000110100111001011100
0111000010000100100110011110111111011011
1111100110101000001010001110101111100100
0011111001110100111111111101000000010100
0001111000111001110011110101000111011001
1111111101110110110001010100010000101001
1110100111100110010001111101001010100111
0010101110010011010101101100110111101111
1000001100000010101110101000101011111101
1000110000010110010111000000001111101100
1010111101110000001010001001001101100011
0000100100001110111011100110001011010000
1000001101101111111001100011000010110110
0000011100001100111111000101011111100001
1101010000111100010000100000111001111100
1101011111100110010000111100011100111111
0101110011101100111001001011110101000011
0011011101001011000010000111001001111110
0000100101101000100010101100001010101000
1001100011110011001101110110010001111101
1000011101001000101111000010000001010111
0011100011000011110010010101011010110011
1001111100100111100011110100011010101011
1000011100110011110100000110011100010010
0010100001100110000111111100111100000000
0000011000000111101011000110101101110010
0000001000010101001110100111110111101010
0000100001001000011100001010000111111001
1010101101110011001111111001010001100100
0110110011010101110010111011000011011110
0111001110010100001110111111011100000000
1011101100111001001011100110100010011110
1100000110111100111111111010001001110101
1101011101001010110001011011001111000000
1001100100110101101101000111001000011010
0111100100101000101101100001001101010000
0001011001000000111001100110100001001000
1111100100111011000101010110110100111011
1101011000001101111101100011101010100110
0110010100001101010011000001111101100000
0111111010101111100111010011111011011000
1101001001101110000010011110011101100100
1010111100101011001010111010111110001110
0100110110001001110011110101010101111111
1110100110110101001101101110011000100001
0101111000010000110010000000011001110010
1011110111111011110011010111001111110001
1000011111101011110111000000111110101111
1110000001000101010000101001011010101111
1111001101001100001001000001011110110100
1111101111011000000100011011111111000001
0001001011000001100100000111010110000001
1011000000011011110110000001111010101010
0100111111101101010101101101110001000011
0000001000100011010001111100011111010011
0010111001011011110110111010100100001000
1010010011011101101111111011011010000001
0111010111110010010001100000111010101110
0111011101011110001100000111011101111001
0001101100100001110101100000101101000010
0001111110111101111100001000010101101011
0110101111010110100101001000010010001101
1110000101111000010110111101111011000011
0101100110000001110100101111001110011111
1110000011100110101010111011011110110011
1110010100010101000110100000011010000110
1001000101111100100000110010011000110111
0000101011010010010011110100001001001011
0010100101100111100010111000010001000100
1110010100000101000101100110011010011011
1100110100001011100110101101010011001000
0011010101011010101111100011101101000010
0111110010111101111001001011110110000110
1010011100110011111101001010101010000110
1110110111001010000110001010100000010011
0111100100010001011100110111001011011001
1010111000011000101000000011010101000110
1111101010101111101110011101111000110001
0000110111110110011011110010110000100001
1010001000110100100110010000101111000101
0110100110111110011111010011001001010100
1101111101000101000001111101110010001100
1100110100010000100000101111111001011001
0001000111010100111101001100100011000101
0001111110101101011001100010000001111111
0011001001101111010010011000100101110101
1010111001100010000110011110100111101100
0010010010101010101000111010101111101110
1000000011111110101101100110011010110110
0000001101101000001011011001010101010111
0010000101101011010010001001110000111110
1100000010011001101001010100111101001110
1110010111110000010011001101100001100110
1000010000110000011111010001000001001010
1111101011100011111100010000101100101011
1011000000011101100010010100110111100000
0011111001101100100110110010101000101010
1010010000100010101111111011010101010000
0011000010111111000000110001011101101110
1101111111111110100110100001001001011000
1110010001111111010101111001111000100001
0100110100011001110100001010001010010101
0111111010011010001001101100001010010101
0000110111001010111001110101100001110011
0000011110001010111001010000011001101100
1011101011110100000001101001110010101111
1000110010010010101010010111010111000111
1100010110010111110111110100101110101011
1100101010010100010011000101000011110111
0100010100101011010010000001110111110100
0101110110110001011111010000001100011001
1100001011000111011101111001100100010101
1010101001101111111100001110011010101101
0011011110111100011111001110110011001011
1000000011101100000000011100010101010011
1101110110000110000111000111011110010101
1000010101110010011000011100110100101111
0011110000110010100010101100010010000011
1000011000110100010100011111001001000111
1101100110001101111010010011110011000101
0100000011011111011000000011100101001101
0111000000001001011111011001000111000101
0111010101100110100010010111001010011010
1101110100010101111001110011111000000111
1001110000100001110001111011101010000001
1100000000111000100010111001011101010011
0110000101110001011000100010001101001001
1011111010001111101100101100101010111100
0000010010000000010000001101111110111101
0110111100110111001101110010100011010000
0100111001110100101111110010011010001110
1011100011111100100000001001000011010010
1000101110100100001011011010010101011111
0010110000101010000010111010001001010000
0101010110110000000110100010101010000010
0100001111110100111110101110000010110010
1101010110101111111000001110011011010110
1101101101011101101111100011010100010111
1101010011101010100000111110100111000011
1011001101000101101010010110010010110010
0001101111010010001000100111001101111101
1111001111001101100010100010001011110101
0001011010001101100111000001000010011101
0100001100000000010010001100011000110101
1011000110000011010110111011010000111001
0011100001110001011010011111000110101000
0101110011110111111000000011110101000010
1111100010100100101101000001000010110100
1000101101100010000000011010111001100000
0111011101101001111101011010100101010111
0001011110000101000110010100001001100100
0111000101010011011001111101111001110101
1101110111010011100010100110001000000010
1111110100010110000100010100100111100001
1100001000111100011101001100110100110110
0001001010001001110011011111000010010000
1100101011001001101001010111011111010011
0000110101000000000000011001100110001011
1010101011011001110011111001111000011001
0000101011101001111111111011000110011001
1110000000011101111011110101111111100100
0011000000001110111000100010101110000010
0101010000100011011101101011000111000010
0111001110100110010010100000011111101100
0110010100010111011101100011111000010001
0011001111111111111101101110011101010101
0111000101110000001111110011000001001100
0111000011110011011000100000000000110101
0010000111000010100010010011110001110001
1001111110010101111101111011110010101100
0010011000101110101111011100100111100000
1010011011001111000111001111001100111010
0111000011010001101110110010100010001110
1001010111000101100101000100010111000110
0010111010100100111111101111100010101101
0001011011100001100100100000110101011110
0010101100100110100011100001110010000100
1001110111100011111000101100101100111001
1010100110001011111110100000100100111110
1110001010011000010010101100101000111001
1001010111101001111011000010011111001011
0000101001010001000010000001101111011101
1100110001100011111011001101100100000001
1111101100001101111110111101011011100001
0011001010101011100001101010010110011011
1011101110010010101000101110110101010110
1101110111110000101100010101010110000100
0010010100111010001100000101001011100110
1110101010001001101110100010010000011110
0100011111111110100011110110111110100111
0101100011001101101011100111101111100001
0111011100111110001110001110000101100010
0110100001111010100101111011110100001111
1011010110101001000100111100000101000101
1000101101110101011111000110011010001011
0010001000000010001011101100001011001100
0101000000110010111111011010101000011100
0110110110000101000101010100110110001110
1011111011101010100011001000010011011110
1101001101111010110110001010010101100001
0000011001101000010011111110110011111111
1111000000110010001011000101011100101111
1101011111010001000111010101000111010100
0000010110100001000001110111111010100010
0011111110001101111001110110010001101111
1110010001000110001111110110010100101011
1000100001000001010001001110010000110111
0000001101000101011111000111011101000100
0010110000000110010000001011100101111010
0111101101001001010000010010110000000100
0011101111001111011110010111000011111111
0101101000011111111110110010100101110100
1011001011010010001110011111110111101101
0001011101001111110000111100101011101000
1011001110100100010001111011000001100011
0110001001111111001011011000001001001001
0010001001110111011000101010010111101111
0000110011010011011001110100110100000111
1111100110111100011011001011010100010010
0001011011011000001010111010110010110100
1000111111101011110001000010011101101100
1001010101000100100110011001010001010110
0001010110101111010100001100010011111010
0111110011000010110011000100000101010101
0110001000010110100000110001111111110110
1000101001001111101110001000011100001111
1000111011010111100111101101011101110101
0100100111110111000010101010011010011011
0111010001110001100101011000000001110100
1010010000010101010111111110011010100011
1001101010101100111000001101010001010010
1000011100011100011001101100111000100010
0101001011100001100100110001110101011011
0010111011000110111010101011011100100000
0010001100000110101010001001011000100011
0110011111100110101101010100010010110101
0010010001100110100100011101001101111111
1101100000111000111110000010000100011000
0010100010011000110111101111101010100100
1001010000010111100111101111011000111011
0000100101000100011101001010101101000010
1000100111100101001111101010110011010101
1001011011010110001011010011001110001111
1101000011011011101111000010000000111010
0000110100011111110011000011111101101100
0010110101001100010010110100111111010101
1111100000111011011010110000010110011000
1100011011101001001111010110001000111110
1011001000011010011000010010011110000011
1110011010011011111001111011000111010000
0110110001111110001111000011010001010100
1010110110011011111111110101001110011101
1011110011100111100000100101010100111110
0010010100011000111100000000010100110001
1101100111110100001100111000000010001111
1000110010110110001100011110100001100010
0010101011111101110011111001100011100010
0110100001001100011010001100010001000110
1111010011111101111000000010000011100101
1110101110110010110100001010100001111001
0010101101110101110000101001011000000001
0110110010001011110101100111001010000000
0110001111100011111111000110011100001100
1001111011000011111000001111010010110010
1011000101001100000110011001110110010001
1101011111100010101110001010101011101000
1111111101010100101110101101001100100011
1011010100000111101011001110101111000001
1001001100011111001100100111000111101100
0111111100000101011100101100010100010111
1101011000100000110001001000010100110000
1001101010011011110011101011010110010101
1110010010001001011111001111101111001100
0001100011110011001011101110011001010001
1111110010000111000011001000000011011111
0110111100011110110110111001111101110001
1110110001010000100010001110001011100101
0001000100101100001010001110011001101001
1100110100001111011101100101010101110111
1000101111010000011111001111000001001001
0111110010110011001010110110011111110010
0110101001011001011100001011010111001111
1100101010011111101111110010110010000110
0001100010101101100100000010001110111101
1001000100111110010100100111101011011111
0010001011000000101010000001000100111010
1100000000110111101010000010001100010010
0011101100000101001101111110001100101111
1100011111001001010010101101101001100010
1010100000110011111011100110100101111010
0011100111110110000000000111101011101011
1101110000111110011101010110010100100110
0001011110010011111101001001000011110111
1011100100001011011001110100100011001011
0100101000110001010000000100101001000111
1111001001011100001101111000000100001100
0100011110011101001101111100011101011001
0011000100110110100001100110001010011100
1101101010000101011100110101010000100000
1000101111100100001110111100111100000001
0111001100010001110111001101101101100100
1110000010011010110000111001010011100100
0000010010111001101110110111100100011001
0101110110101100011001010100010111010101
1111111101100101110000000001001010110000
1000110111000000000001000100001100010101
1101111000001001000111110110011110011000
0001010010001000101100111110111100100101
1001110000111010001100001011101100010010
0110101011010110000011001111001010110010
1011111111111111111001100100000011010011
1100110010100010001011101000010011111010
1000000001011011111011110110000001000000
1000001011101101111001101101000000110011
0101111111100111001100100001011111101001
1011000011101100110000011000010111010011
0001110101101100110100100110000001011111
0111101101100011101000111101101011111010
1000110100100011001011011110011001001111
0111011011111111011100100110011000010111
1011100000011011100111101010111011101110
1001011000111100000010010011001110011101
1111001010100000000101101110000010010111
0000010000110100100001010100111001110100
0011010010100111001100100000000100000001
1101111111010110010100001000000010101001
1011100100010001100110001101111101010111
0011110101100110100101100010011111111111
0010111110111011110011001011110000101111
1001011000010001001101101110110100111010
1100001110100010110010101001110100011010
0010001111011100001000001000001110000011
0110100001110010101001111111000001001110
1000011111111010111001000110101011110000
0000110000000111101000010101000010001011
0000101000100101011100100000000011111011
0000111100011010101111101100010100111010
1010101111111000001000101000100101100010
1111111110011110111010010101011010011111
1010001001010111111111111011110001000110
1111110010001001011110110110001111101011
1001110011110100001110010110110001100010
1101010011001100001100011110001000111101
1000101001111100111101010101010110001010
0000000011011010101100100010110010011001
1011011100111101111011110101001100101000
1000101001011110000001110111111101101111
0001011001001000101100011110111010110110
1000010101011001001111101100101011110111
1000100011100010010110010111110110000111
1000011000010111100010110011100110001110
1110010111100100011111110010011100101011
0101000110001000110101110001001100000111
1011101011011000001110011110001010111011
1000100011010010010001100110101000001000
0110000110110100101011111010101010101110
1101011011100100010101001101010101111110
1000011010110100100000100000100110010000
1101101000000111101100110101100100010110
1000000100111101010111110111010101010101
1100010011100110011000111101000110000111
1011101010001000111011100101111011110011
1011101110010011010111111111001110001011
1101010010100110100110001000011100001001
1100100110110101110110111001011100110000
1110111110110001100010100011000001100110
0000111000111000001001010111101100110110
1000100111010110011100011101101101111101
1101011000010001011001010100100110001011
1111110000110100111101111110011111000101
1001111010000010001110001000101010011111
0011010111011000011100110101010100101000
0010001001011011001000001011111011000010
1011111011010111111110001011101111110001
1000000110000000101110010111001000111011
0011001001111111110011100110110001001010
0111011110110100110111011111001001100111
0011111001000011010110011010011111011101
0011110111000001111101001111010110110010
0000000011110011100011010111100000011110
1010111010000011111101111111010011100111
0110000111011101001000001101110111110011
1110100110100111000111111101011110111001
1010100101000010001001111001001000011110
1110011010100010010011010011011111101101
0100011111111100000001110111001111010010
1110100111010101010001101111111110010001
1000011110101010001100101101000110001010
0101110010001100010011000011101001001110
1001101000110001000010011101111010110111
1001110000010001110010100100110110110100
1110111010100000110110010001111111001110
0000110110000100110101011111110011101110
1100011010110011101110101101101100100101
0011111110101111010010101110110111110010
1010100010101101010011010011011001100111
1001100101110011101111101110001111000011
0100000001001101000010001011100011001010
0111111010011110101100000001110001001100
0011101100001011111111110010111110100100
1101010101100000100011101010000101111000
0111100010000000110000010101100100010010
0001101100100100010010000000011010100000
1101010011000001011110001101101000101111
0111010011000110111111001111100100111101
1110001011111011011101110111111111101101
0011111001100110000100100110100111100101
0001010010101101101110111111101010111100
0101110011100000100011011001000101011000
1110010100011000111001011100111111100000
0110111110111111111010110100110110111011
0111001111000001000001011110111110011100
1011100011000111101011000101101000011010
1011100101011110110010010101001100000100
0100010100101100100111110011001000001111
1111101100011100010101010000101110111000
0000000111011010001010111000010111010011
0000001101100111111101011000001011110001
0110011001101000011010010101110011100011
0001001110101010000101101110011011010100
1001000110001000001010111111011110111001
1111100010111111001010000110001001000010
0101010100101101001010001101111101100111
0010011001011011110110010001000111100011
1101001000110111110110101010000010101000
0011111011110011011010110000010100011011
1110000111011110100000101001011110111011
1010011100110100101000001001011011110001
1001010101110111100011000001010111000101
1110100010111000011000100101011110101011
1000100110000011110010010001100011110000
0000011100101010111001010011010001011100
0100010111101001011011110110101111110101
0100100100100010101111110110000110000101
0011001101001110000101010101100111000110
1001101001000110110000110010010111001000
0100011011011001111111010101010110100101
1001110101100100101110010000110000011110
1011101010110011111111011011110110100100
0001010101111101111011010001100000100110
0100001101011000011111100011101001101011
1100111010011010010110101110001100110001
1000111111000111101001011111100000100111
1001011000110111111011010110011100000010
1100010101001011010110000000000001001101
0010001011110101101001100110100000000101
0100000000101011011010011110001001100100
1001101010000100010001101000001110000000
0110110011011010011001111101010001001001
1011101000001101100110100001111110110110
0100010111000011101110001011111100101011
1101011000011010010011001011111000011001
0111001100000101100100000010000010111010
0011010011011111100000011100111001001011
0101000110011011001001001111000001100100
0001011111110001101011000111101100101010
1000110010111011010101110101100010110101
1001110000000001101111110110001101111110
0100111100111000010100011111000110000011
1010111000011101110000100000101110110000
1110010110011000111000101100110011111101
1100000001111000111101111001001110111101
1001101000110111100100110100010101111001
1110110000001010110100010000101101101001
0001110101110010110001010111010011001011
1111111100000001101100011110000001100101
0000111101110011100010100111011101001011
1001101011010011001111101111011010001011
0000110010001011111100000111000101100110
1000111110100110110001000111101101000101
1101010101111101101100111111100110001100
1001111101000001111101100101111101101001
1100010101011110010111010011100100000010
0011110100110101011100101000011111111111
1101010011001111110010110100111010001111
0110100011000000000100111111110100011001
0110010000111001111010001110001110101011
1100100001000111110101111111000010100001
1000101111011101001011101001100011100101
0001001001111000100000101001101000101001
1101010100011110010001010101111011100111
0101110110001011101010010100100011011101
1110101011100000100001011110011011000000
1011010101000111000010011101010100110011
0100110000110111101010010110011000110100
0000110000000110110110101010100001000100
1100000111111111011110011010011010101001
0011011110111011000000010100001001010001
0011011000100100000011010001111000110010
0100001001101100101001010100100000110100
0011101100101100001100010001011110001000
0011001100101110011110000011100111001010
1001100000001011010010101110110111110111
1010001110110011111011001101110111000010
1000000100110100001111011011010101001111
0101001001001011001101111111010000111001
1000111100101110100000100101011100010111
0010000110111000000111000000011010000000
0100010110001010100101011111000101001010
0000100111101001101101010101010011111001
1110001011101011011101000000001010011100
1110011111001101111111100010110110001101
1010100101000111110100110001011101100010
0000001111010100010010100100001111110110
0000100111100011010010010100011000111000
1010010110101110100111000001110111100101
1011010101111111111001001001100101111001
0001100011101001110000000010011101010111
1011001110110001111110000000010101001011
1100101100111001011111110100010000001011
1011000110101101100001110000101101101010
1001100011001000010000111001000011000101
1101001100010001000111110000101101110011
1010010101010101000000100110111111011011
0100101110110011100010111101111111001101
1001111001010011111101111000101000111010
1110010110001110101011100110100001011001
1001001001101001011011011000001110010011
1010100010001101001001110101010010101110
1101110010101100010111001000101100111111
1001110011011110100001111011001001100100
1110110111100111110111011111110011000010
1100101101110010010000001011000001001011
1000100100001100011010100011111000010000
0101111011001100100001110000100101000011
1110010101011110010010001010011100000100
0010000100001111101110110110100110010001
1010110011001011001011110010010001111100
1100001100000010011010100010011000000111
0101010011000001101011111001100011010001
0000001111101011110011111001100111001111
1001100010000110000010100110010000001101
0001010101110011000100110010101100000011
1001000010010111001110000100010111011111
0011101001111111010110011000001101001011
0000101101100100011101010100111001100101
0001010000011111010001001010011110000100
0100100010010011000101110111010100001000
0011010001010111010101001010110001000000
1110001101001011010111000000101011001010
1011111001000100011111110111011011000011
0100001010011111100111011100111011101110
1110011111111000110111111000011110100011
1110011100101001111101100110101110101011
0110111101110100011001011110001101011001
1000011111011011001010000111000110001000
0001001110000010100001010011100010001100
1011111110000001011010101001011111000110
0100101001111100010100001110000101010001
1101010100010010010100111110001110011111
1100110100101000011110111011011011011101
1110101000100101011100101000001000110011
1111000100000110001010010111110011011111
1101100101110110010001000011010000001100
1000011101011100100100101111100001011110
1000001011100000100111111001101100101001
0011111111000100111000001011111101110110
0110000101110010111101110110101101111111
1010010101000111011001110000011101001110
0110001101001010010010101100110110111101
0000111011010101100101111010010001111101
0110101111000110001101011110001111000100
0110110100100111101110011011011010000110
0000110011011101111001110001001111001111
0010011011000011001111000110000110001001
1000000100010000001100111011100101011100
1101010001110100100111001011000001001100
0010101110010011010110000001011010100001
1111011000010001001011011001001110110010
0001011100110111010111100111010011111100
1011001000010011001100011010100100000001
1010011001101101011000110101111001010001
0101001000001001100111010000111010101101
1001101000010111011010011000000000011011
1011110001000010001101011001010001110101
1110011010110111111101100010111001000100
1010010111101111111010000111001100010111
0101001001001111001111010111111000100100
0001100111101010000110000001101001010011
0111000010101000010111011111000000001001
1100100000000101101111010111110000010100
0001110101001001011111010100100110111100
0001101000001000011000100110011111101011
1101111110001110001010100010100111011110
1100010100010110010001111110111011011100
1001110100111110110101111100101001000000
0110101011100000110011001100011001001011
0001110101000000000001100100111100101101
1101000010101110101000001000101001111101
0101001001111001000010101111010011000101
1010101110000101010110010100010010101110
1011011100001001110101110010011100101001
0000000110100011111110100011111010001110
0001111100000000101110101110110110001001
0010000011111001010001111011011001001100
0111110000101011111111110001111110000010
1101011000101010111010111111000001011111
1010000010110101100101100100000000100101
0101101100000010000011100111001011110101
1110000000101011010010000011000010001100
1101000100001111011001001000110100111001
1101110000001101010100100001000000100100
1110000001000001111010000111111001011111
0111110101010101010011011011110011000010
0101000101111110110110100011100001000100
1011111001011010101010010110100010011010
0111010000010010000101111010010001001011
0101010100000111100111000100100100111111
0010001000000101111100000100010011010110
1000010011000011101011000100001000101011
1001100011010111111111000000011000000111
1100010010111110101100010000010100100110
0110110110010110110101100110001010000100
1010110001111010110111010111001111010100
1110110110011111110000000001001001101001
0101100101011101001011100111001000101001
0001010101100011101000001101101101011011
1100011111000101111000000110001000100111
0110000100010001110111010111111110001001
0110100111011101110100110011000110110000
1111100000000111011001000010001001100101
1111011110100111000010000100101011111111
1111101001110111011011011101001000011101
0001000110100010011111111011011110110110
0001100101100010001010101000101000000000
1011110010011011000111001110010100111010
0110011010001010001011100001011100010110
1000010110001010110110000111111110110001
0110110010111010110110100100010101110010
0010010001100110000000001000111100100000
1100011000000001111111100100000101001101
0100011100000011111000000000011101101011
1001110110111000000001111101100100101011
0100010010000000110110110111000010001011
0010001100100110011010011111111110011100
1100110100100111010111010001101001010001
0111001001111011000000111001100100100001
1000100011100101010001111010010111000101
0111101010111101000111111011100101011110
0100000000111010001100001011110110110000
0100111000111010111101101011101110110011
1000011110010110111111010010100011011101
0100100111111100001100111011101001101001
0101110011101100011110010011111100000110
1110000101001011011010001100110000000100
1111111111010011010011111010011100000100
0010001000110010110010000011011101000100
0100010101110001101000000001001111100001
0000111101100000011111111000101001100111
0001111010011011000111110000001100110001
1011111011001101110001011011111010000010
1111011000110010000000101001110110100101
1111100100100100010010110001110001011100
