40 1023
1100001110001000100110011111101100101010
1010011000011011010000001000111111100010
0100111111101111100101101001011111010010
1011110010100001000100011100000101111011
0101101111001111001001010000011000010001
0001010001100111111000011100101011011001
1100000010001011000101101010100000101001
1101110011111101011101001111100000110110
0000110000010000110101110100000010110110
1110110001110101001110011010101000101100
1100110001110110001111001100110100111000
0010001110001101111111100000000011100110
1100111000001001001001110110011001010011
1000000001110011101000011101100101001100
1000001011111011001101100100011111101110
0101111010110000100010001101010010110111
1001000111101011110101000111000110111100
0010010101000001101001001111000100011010
1101100011010001101110101010101011101001
1100110101000110101100000101001101000011
1101110010111011101010001110011001001000
0111010001111010011011010111000010000111
1001111010001011011001100011111011000101
0111100110111010100011010100111010100000
0001110110011010001010001011011010010000
1100011110001010010110101100110001001011
0000000001010010001000111101111000110110
1101111010101101110010010111001010011111
1010110011110111110011111111101111100010
1110110001001110101010101101110011010001
0110001110110000010101010001101011000000
0001110010010110111111110001011000100010
0101100110001011000110110000100001000010
1001101110010011010100100110011011100110
1011100111011111100100000011011000001100
1011010110100111011001001101110100000100
1011111010110010101011110011001001110111
1001010011101110010010101000101000111001
1010001101110100110101101111001010010100
0100100011110000111100110100110100001110
0011101110100001010100011001110011011010
1000111101110111111000011101011110000010
1010001100100110111111000100011100011111
1000111101101010010000111001011010100111
1111100000111000101111101100000100101000
0011010000001110000110101011010101010100
1111011000110101101010000101000100011000
0011111100010011010111000001010011111000
0011101111011111010110101110000000111000
0001001111100100101010101111101101000000
0001000001011010111101000101010101000010
0110001001010001101000010110000110000110
0000001011111000010000000100100111100001
1111111111111001110000111011010111010101
1011111100010101010000000010111010101010
0000111101100101100011100110110000010010
1110001100001100111010111000101011111011
1110110101100001101001000010010001111101
0110110101110110110111100011010101000100
1011100000011110101000100001010010100010
1001101100100111111100100101010100111101
1111111110001000101100110110011001111100
0100101000001000110110100111100111000110
1100010100100011110011111000110101011110
1010010010110101101010011000100011010110
1010101110101000011001010100001110001110
0001000101011001010010111011110100101010
1100010001100100011000110101010111010011
0110110010101010110110111111010101101011
1111010110001100000100001110010110001101
0111011000010000010111100101110000011001
0010111001110100001010111010101111100111
1001011011111101000100100101001101100001
0111000001101111100111001111101010010101
0010100010111111000001010011001011100111
1000100110010010110011010111111010101001
0100011111011101100001110100001011100000
0001010001101111100100000111111010101101
1001001001110100100100011010001100010010
0100111001000111111000000011001111111010
0110011101001000001101000000110001010101
1001101101100001100111101100100000011101
0110000100000101110111001100100111111000
0000001000001100100010001111100011101100
1001000111100110110110111110101100001000
0101111110100101011001000000111000011000
0000000100011011011100110000001100000010
1001000101101110000000110000000010011101
1001111101001111010011011001100011101101
1100011000010100100011100010111101001100
1011010011011101111011010110010110010110
0011000110010110000111110011000100001111
0010100011000000110101100000010100011111
0011001010111110100011110100011000001101
0111011111111110111010110011101101110111
1111101001000111001000011100101100111101
0001100101101000110000010001100101100000
0001110011100111001011101111111101001101
1110111010010101001110011010001111000111
1011100110100001011001101010110101000001
0100001011001000100010100101010111001001
0101011000110001000111101100011110011111
0110110100001110110100100010111010100010
0100000011010000101010010111011011000000
0111010100010101100001101000100000111011
0011101001000101011000000001001110111000
0000101011110110111011011111010111010110
1010001010011011101110100110111001110110
0111000111110111100000010001001111100101
0100100001101001111101001111000111000011
0110101010001111110010010010001101011001
1110000101011100010110000010000001111000
0001011011101101101110101001100100001110
1111111011000111011111011011111010000001
0111000100011101111011101011010110011110
0101111100111110101011111111011001110010
1101010001110011100101001111110111110000
0110111001100001111001100011100000000111
1011101101111110110001100111101110000101
0100101100000101110011011010100001111000
1001010100110100011100100110100100001001
0010101011011010000100111101111111001100
0111101100101101010100100101110001101010
0001000010000101001000011010110101000001
1011011110110110000110101101100001000011
1101011101111110001010110110001110001111
1110000010111100011111010101101001111110
0001110111100000011001100010000001001010
1100101011001010110000111011101100010000
1101011010010000011101110100010110010101
0100100000101100100101001101000011000101
0001111010110101111000110011011000110010
0110100100110011101010111110111000110011
0101001001110011100111100011101110010101
1011000100001011101010101011101100111010
0111111010001100010000011001101110111100
1100010110010101000010011101100110111001
0110100010001111111110011011100011000011
1010010110001011001101110110110001101000
1110000100000011000101110001100011100001
0000110001101100010101010101100100111101
0111010111110110000011110001110100011110
0011011111000010011000111110010111110100
1001110111100101101100010110110101110110
0001100010100000110000111011010010000110
1101101101010011100000010000010011001010
0110010101111001000110010001110000111100
0110011011110011101100111000111111110001
1001010010110110000110011001001001110000
0011111001110110110000111011001100001100
1101101111010111101010111111101000000001
0111001100111100011011010111011010010110
0101000111001101010011100011001001000001
0100010001110011101011001011100001110100
1011011011000100011110111100110110100111
0011011101000000000011101001010101000101
0011000100011100010000110101011011111110
1111111000000100010000000100011010011100
0010001111000100111000111110100100000111
1001001111100000001001111110000110011000
1110001100100100000100010000000101101100
0001011010001110110101111011110011010100
1100001011111111010100000001001101111100
0011001000001110011010000101011111011111
0011111001010111010111001100111111000100
1100101110000100010111000100110110011101
1011101001101010111100001011001101101001
1001101100101101111110010010011101000110
1000101011110011001010000000101110100110
1001110011001110100101110110001010110010
1100111000111100110011001101001011110001
1011010111001001100100011110010000010101
0000110110111111111100001110001100111111
0000011111100100010111110010001010100101
0111111110001101011011110100100000010010
1101110100010100110100010000011101110111
1111110110011000110111100001100000100011
1001011111011011010001100110101100011101
1110010000000001100111100010000111010101
1001010000010111010111001011101001101110
1010111000101011111110100100001011011110
0000001100001100000000000011010100001110
0110010101100100000011000101100011010100
1011111101000110100011011010010000011101
1100001011001101110101010000011101010110
1001101100001010101100011010011001100100
1101100111101100010111101000100000001011
0000111010111000101000000101111101011001
0101001111111001100111110111001111000110
1101011110001011000111100111010100000110
1100100111110001100110111111000101110111
1101101001100000001110111001011110100101
0101101110101101111111101110000100110011
1001010100011110101001100101001011111100
0001100100001001100111111101000011010010
1100010101011101111011101100011010101011
0011100111001110001010111111100001001101
0001000100101000000010000011000110010111
1101100101110110011010111110101101011100
1101100111011000110010110110001101111110
1000101111000011001101110000000110001010
1111001111001111010101101001001110101010
1001000010010100110010001011011111101100
0101101011110100010101111101110010100100
0011101100010001000000000111010100000111
1001000110010010110001010100011101100100
1101111011001010000110001100010001100000
0100011100000011101110010000101001001100
1000101100100111100101100001000010101110
1101011111001000011011100101111111101011
0100100110110110001101010111011111101100
0110010011001101100110011011110100000111
0100011110110100000110100001110111100100
0111101000111111100111100011001001100101
1011100110101001101010100101100010011000
0111101010000101100010110001111110110110
1000001010000010110110011011110001100011
0011110001001000001100000001011101010111
0001101000110000100111000100110110111010
0011000100110111010111011110101100110100
0001101100000010001001100000010000000101
1010101100010001011100011010100010001010
1010010000101001001001010111010111001101
1110000100010011111101011111100111010100
1000100101011000010010101101000101101010
0001011010110110101100000000000100011101
0111000100110010011000011111100111001101
0001111010001111101101100011000110111011
0010100101100101000101111001110010100000
1011111010001011000110111110011010101110
1000111111110011101101011100010000011100
1110111010000000111010100111001011000100
1000101101000000100110100000001101110000
1000011001101100011010000010111001101000
0001100100010011100001010111001110011000
1011011001001010000110011101110001111010
1100101010000000111100011000110101100100
0010011000100110101101001111000110100111
0000000011000001110010001111100000111101
0000001001110001000010001111011001011110
0011011111111111100011010011110011010100
1011011100100110111010101101111000100010
1100101000100110110011000110010011011101
0011011111101110111000100001101110000000
0010101100010111000101101001011101010110
0110111000010111111000100101010000011000
1001110010101101000010101011011010111110
1001000100101011111110010001000111111011
1110101010111001101100100011011000001110
0011000001100001001100010110000010100011
1010010000010001110101010000110110010101
0001111110010101101011011010111010111101
1110100000011110100010011010001100010001
0100010000100110011101111000110011001100
0100011101110001001101110101000100101110
1100101001100011101010111101111011101101
0110111001110010001000101010001001011011
1111110011000101100001100011111011110011
1001011110011110010010111011010111010111
1101111010110011011100111111000000111001
1000000110100011000101100000110110100111
0010010111110111111101001101000100100011
1111111100011011101100100010110101010100
1110000000100001101001110011110110011010
0010101111010111000111000010110001011000
0011000111010000111100110111110000110100
1111110101111100101101110010010110010010
0111001010101000001110101100110111110110
1001011110110110001010101011110101010100
0010100100100001100001011010100110110110
0110100100010110001100001001100001010100
1011001001011011010011111110011000011111
1101001101110011010111011001111110001111
0000011110011010110011010110011111001001
1100000011111011001010110010110011101000
1000010011100010110100100001011101111001
0100111100010101100001101100111110001110
0010001111111110011010100011100111100000
0110000010110110111110111110000111001110
1101010001001101010100000100101011000110
0000110011001000001001110001010110111010
0111010001101110011111111100100111010101
1110010011101101111110011100111001111100
1010010110000000010111111101011100001000
0010000100101110110101110110000010111000
0010000001110110011000111101110101110011
0010001100001101010000011011010010111110
1100011101111010001111001000110000001000
1001001101010110100110111000010110111011
0111101100011111010001101100010010010111
0111000000101101101101001011011001011110
1010110000111100011101010101000010111011
0100010000111011011101011111101100100111
1000100111111011010011111011110101001100
0101010011110101000001010100100100101000
0101101000011010001110011100111001000111
0101011010011011111001001111000000101100
0110001001011111110111011101110100000011
0101100111110010001001101011100110000101
1000011111000101110001110011110111010100
1000101101000001000001100111110110010001
0001010110000011111110100001101000100001
0010010101010000100000110111110000100000
1000000110011100011110100100001001000111
1010011010110101101110100101001101100000
1111000000111011000111000101000101011011
1010101111001111110100100010111000110011
1110100111010101010011011000110001010010
0111011000111111001000101000011101000000
0100110011101101110011110101101001001101
0111111001100011001111100110000110111000
1111010010000101110100010110000101011000
0110011000111011111001010000111001000110
0000111110001101000100000011110010010010
0001110101110100100010101010001111100010
1011111000110001101000000101110101000010
1100111000101101000110101100010100000011
1101010111100110001000000110100110111111
0011010001011101010010100111010000110000
1111110001100010010110000001011111001001
0010011010001110010011110100011010011111
0100011011110000000011111010101111100110
0110001011111110001000111001010011111100
0000101010110000101001110010110110110010
1110111101100000101111000100100000010101
0001010101101010110000001100000011110000
1110110011111000010111111111110010011110
0000011100000100111110011010011100111111
1000011110011101000011100011110010010110
1100001100011011011101101100101010110111
1001000000011100101000100101110110010101
0010110111000110000111110000100010000000
0100000001100000001111100010000110111100
1100011010001001010000101010101001010110
1011101110000110110110010001011110100110
0110001010010101111000011000100101110110
0001010111111101110100110100100111000000
1001111001010010101010101010001110111010
1001110010100001011011011011010111010111
1101000100010100010010100101100100110011
1001001011101011010100111001111100100111
1010100110000010111000111111111101000010
0000110001101011011100111100010110011000
0111011111100000011100100011001000111101
1000000010110111001010010110000110111101
1101010111110111010011001000111111011010
1001101011110111001110010001101110010111
1100010010110010110100101011111100001011
1001111101101101010100001111001000111011
0111100000110110000011000101001100011101
1000111101101001111000010101000011110001
0100110111111101011000010010110001001110
1011010000101001110111000101011111001101
0011010011011100000110011100100010000110
0111010011100111000101100000110101001110
1100111011001110000011100001100100111011
0001010011110101001101111011010001110101
1111111011010011101001010100011010000110
0101010010000101011001100101101010100011
1010111100111110101111110101100000111111
1010001010011000100000000000001001010001
0101011011110001001001010110110001011000
1110000101001101111001110010011100101001
1101011010011110101010100110010111111000
0110101100100001011011001101110101101011
1000010011010101100101011001001100001110
0110100111101010110110101010000011010101
1010110111001101111110111011000001011101
0001010011010100111000000011010110111101
1000111111011111101000101000110100010011
0110000111111110010000001100100110101100
1000000001011000001010011000101010010110
0111101101101011101000001100001101000000
0000110101111011101110111101111111101011
0010101101100110110100101100111010000010
0001111011100011111110100001001100011001
0100111000100011001110101000101010000010
0110100100001000100100100001100001110100
1000100000110000111100100100011011001111
0011101111101011110100100011110100010101
0010010000101010010010110000010011101011
0010011100110110100000111001000110101011
1011010100100000111001110100101110111111
0000000101110100000100110111010000110111
0100010000011010011111010101110110000111
0111101101110010000101100110000111000101
0100001111000101010001011101010101111110
1000101111001111001110001111000100000001
1011101001011111100100100001111110110001
0111011111001100000011000110001101010000
0111011110000111111011110001110001001110
1101101011100101100110100101110001010001
1010000110101000111100110101110100111011
0011000000111011110001110010010101011111
0010010000000011001010101101000100100110
0110110110001000000000111001100110110000
1011001011011010011000111010001010101001
1111001001011001101101101100001010100100
1101101010010101110010111001000000110111
1101100110100011010000001111001000010001
1111111110000011011011101101110111000111
1011010101010111010111110000110010011011
1111010001100110111111110000100111000000
1101010110110000011110101111101011010001
0110100100011110011001000011010100101000
0101001000010111000001101000010110001110
0010010111110001101010011110100111110000
1110101010000111001000101001110001001100
0111000001000110110000011100101001000110
1110011101110010110101000111010000001001
0010100001001011000110000000010100010001
1001111111001011011111000111001111001000
1000001010010101100001101010110010101001
1110001011110010100100001110100001111111
0010000111100001000101011000010100000110
1111010101001101001001110000000101010000
1000110001010100101101110011101001111001
1111011000100010011101111110101000111000
0011110100001111100101100110111001111001
0001111011100100100010001110010111010100
1100010011001010101110100111100000111111
1000111101000110100101100011011010000110
1001001010101001011110110110100100010000
0110011001100101001010000111110110111011
0100010010001111001011010100000110111101
1111100111010100011010101111011100101100
1101010000010100001011000000010110111100
1001100011010010110000000000100111011111
1101000000011000001010111100101010011001
0100100000111111100001011010011001000100
0001101101110111000110101110001101111111
1011011110100010000111100001111101111010
1010110010111101110000111100010101101000
1000011100001111101010101100001000011100
0101001101000101110111100011110100000010
0000101001000110010010001101101110011001
1011111011100110011100110111111111111010
0111111111100000111111000000101110010111
0011110100100100111000110111101111000110
1001001011000011110111111010000000110110
0101000010110001101011010101010001111100
1111101000011101111111100101010100100000
0000010010101101110100111100010011110011
1001110001010011111110111101010011011011
0111111101100101000001111101111010001111
1101100110110100000111000111011101001000
0101101111100101110111110000110100100111
1111000011100111101011011111100101001000
0101000110110000100100101110011010101000
0110100111111001101101011010000100110011
0001110011101111001101010111100110101111
1100000100101000110010100110000010100100
0011101111000100000001001000010110000011
1001000111001100011100010101100100010101
0010010111101101000010011000011101110011
0110001110000001011110011001001110011110
1000111010101001101001111000110011010100
0101100000110001010101011000101101110000
1110001010011010010100010111000100111111
0100011000010010000001001000000010011100
1010010000111101111110101101100111000111
0111100100010001111011100010011001011001
1101100101001100010011100100110010100110
1111011100100000011011100100110110001011
0010000100101001111010011000010100000101
0101000011111111111101100001111010111111
1101001000111000011001110101000000000010
0011110001000110001011111111110111101010
1011110100000000000000110001111101110011
0010010010010100001011011100111011100010
1001111101000111110111000101011010011001
0111111111101101110010000011011100011111
1111111010000100001101010011101001011000
0010111010110000100001100010111111111100
0101101100100001011000100111001101010011
1110101111110001000011110011001010011100
1110110000010101100001110110111100110101
1101001111001111000110101001111101011100
0000010010101100111110000011111101100000
0100010011011111100100111110011110100100
1000011001001111011011001111010010000110
0000101101111101010111110010110111001110
1010000100110010101100001111110101111000
1001011010000100111010111111011000110000
0011010000001001100110101000101110010010
0100101110111000111000100010001000000000
1000100010000001110111111101010101100010
1010100011110000010010011011101110111011
0110000101010100011011101110000000010110
1010111011011111011000111100111010000001
1000111101101111011001111100011010111000
1100101010000101001000110111000111001010
1100000000001101010101011001000011010011
1001011110000010000011011000001110110011
0001010111101101111010001011011011011001
1110001010101100111000111111100000101010
1000001010100100011011010000111010000101
0001101000001101011110001101111011000001
0011110110001011100100010100001110110100
1011100000100101110101010000010011010011
0110010110101111100001110010111011010011
0000001110010101011000010101000001101011
0000000000100100111101000010110100101001
0101101000011000010101110010110101111111
0100101001011001000000101100101010111011
0001101001010011101110111001011010011000
1000100001000111000001100110111101100010
0111110111100010011010001001010100111000
1110101111101100100110101101100110110000
0000000000000000010001100110100110101010
1101011010100111000101101101110011110110
0101000011001101100111001011101101110010
0011100110110010100110100100010100001101
1000110010111101011101010100110111111101
0100110010001111101101111010011011001111
1110011000100101101011101100010110001001
0111110100000110010001101100101001110111
1101101000111111001110100101100011111000
1110000101110111100001110100111001011000
0000101001010001000100110001010011100001
0100101000010011001111111100110111000100
1110010100010100100101101101000000011001
1100001110100100111011100110000101101111
1001111001001001110011000101100100011101
0100000011100111101100101111001001101100
0011110011101101100101001000000101110000
1111111000000111110000110101001000100001
1110001011100110110000100010110001011010
1101111101011101000001110001111101110000
1010110011000001110011100101110101110100
1110001100101010100010110100000010000000
1111001000100010001101110011000001101111
0110100101011100001101111010100110101000
0010010001001100011001111101001100010111
1100100001001010110100011001110111011010
0000110011111110011110100011101001100011
0010000010111000000000001001000001100100
0111101010010100011000111101110111100110
0100001111111010101011101011101010011011
1111000110110100101001001010101010001101
0110010101000100011010100000010011100001
0010111011001010110011110000011011000001
0111000101011011111001100111010000111001
1101101001111101010110001010110100100011
0111001100100000011110100111101001000011
1010010110010010100011100011000110010100
1111111011000100011000010111001000111111
0100011100110101011100110101010110000011
1111101000011111101001001001011111101011
0011111111000111111011101100110110100011
1001100111011000100011111100100100010010
1101111001001101010111010011011000111000
1100000011011100111010000000110000100101
0000001111000101100101101000111000111001
0111011110110000001110010110100010000011
0011110110000110111010010000001111110101
1001110011000010010110011100111110100010
0111101011100101110111101101101011111011
0011100111100101110010101110001010110011
1100101110100011111100111110100101000111
1011000010101010001110001110000001100110
1011001001011010100100010010010101001000
1110010010101011100001011000000111001000
1100100000110111011001000010011101101011
0000000100111101100001011110111110011011
1001101110111111011000101111110100001111
1010111000000110011111111101000101101001
0010101001011110001101000010000110101000
0110101010100001001010111001110111110001
1011001001100011111110111111101010010010
1010111100111101000101100110011110001010
1101111001001001100100110111011011010011
1100001110011010001010011000011101011010
0111101111111110101010000110110101101001
0101000010011011001011000001010101010011
0010111001101010011010111001100010101010
1000000111000101001100111001101101000110
1010100000100010001101001101110010011010
0011110010111111000000011100010100001100
0000101100000110010010000000001010011101
1000010110011110110000100001001010001111
1111100110100111011100110100111010010101
1001000101000000011010010000000001000011
0011100011111111110010101000011011011001
0001011101001010010110110101111110011100
1011010001001101001010000111100100010111
0111001011001010101100001010100000100101
0000011110011011011101110001100110110100
0001111011001000011000111101001100101010
0011110011001001110101010110010000010100
1010110110001101010110111001110000001101
1000000001000101110001110011001011110001
0001000011101001100111111101011001101011
1000010001000001101110111001010110111111
0001001001001101010110111011110010100100
0010011011000111000001000101010010000000
1011000101010001011010011010001101111011
0101110000011111010010101010111110101001
1111010111110000001100001000011000100001
0010010011011101101110111001001011011111
0110001110011101110110010111100011011001
0101000110000111011111101000001001101010
0110111000001111010010010100011101001000
0111101110010000011001110000100011001000
1010100001001010010111000001110011111001
1101111100000001100111100110001001101100
1001000101000000010101110001100000010100
0110101001000110001110011011110111110101
0011011111000010111100110111011110100000
1101011111100110000011001100011101111101
1110010010101001000011111001000111100100
1001101011101100010101011000000001110101
1100111110001000100100110101011100001001
0110110011011010011011101100101100001101
0100110111010110111000100110111000101110
0101010100111100010001100101011101001111
1100011011011000001011100000100011010110
0110010001110010010100011011001011111010
0100011001100001010111101001110101100111
1100000000000101101000100000111001111011
0001110111111100000001000000011010111101
1011110001100110111000010100101010110110
0111001111100111101011101010101110100011
0110011001110111010010100001000100100000
0000110111000000000100001110100010101011
0110100011001100010001101101001000111010
0011100011100101010101001001100000100000
0001101001111010101100101001010011110101
0000111100000000110001011010111011011110
0100010110010011010011011111000111100010
0100110000001010001000110100010010111000
1111110000001111010101001010110110100101
1111110001000111110001100001011001110111
1101110000010110100000110010110011101110
0001010001011110011100011110000100000001
0111011000001001111011100011001000010010
1000101100000010100001001001101110111110
1111010010110010001001101100010111101010
1010000111011111000001010101001101001101
0111000010001010010111000111010000111011
0001011000011010111010111111111011100111
0010001001000001000101110011001111010011
0011011101010110111100111100100011010111
1111110011000000110000101110000011100110
0011000010010100011100010101011010001100
0111011101110110100011000110100001100101
0111100110001010001001110000001000001110
1111111000001000100010111100001010000110
1101100000001010001001111010010110010001
0100001100011111100001011100110100110101
1100100001000101011111001101001010100011
0011101111011011010000000001110101011011
1001011010110111011110100001011001010000
1000111110101011001000000010111110000001
0100101111110011100010111001010101111110
1100110001011101111100010101010000011001
0100000111101010110110111010100111001000
1110100001100110011100010101001001100010
1101101110110111101000010110001101111001
0000000001011100100010010001111110111011
1110001000011001100110010101010101101001
0000101111011010110011101101000110001100
0111010101100101000000001100001000011110
1011111111111000000001000001101011110011
0010111001100001001010010010010000101101
0111110010010011110101100101110101001001
0101100000001010000000001110110011101101
1010010011001011101100110011110000000000
1000001110001011001111000111111011001111
0110100001110001011110100010100101110010
0111010011101000100100110000100101011001
1101110001100111010100101011001010001001
1010100101011001110000010100001000011000
1100011110000100100010010000100111001111
0110001101101111001111010010010001111011
1101100101001110111000010110010100011010
1000010000010010000110110000011100101101
1000110000111100100000000000011010011111
1011001110011101100101100011010111101010
0110010110001110010010000111101011101101
1111110000100101101111110000111111110011
1100111010011110010010011001000111111110
1001000110000001001000001101101001100010
0111100000000101001000011110101100110101
1101001111001001001001000010001111101100
0011110111101001010111110101001110001100
0100001000110011110011111111110110011001
1011011010000000000010010011100001011111
1000001110011000111010100010001110001001
1010000000101101110000101110111011100110
1110000001001000011100110111111101100000
0010110011100110111011001101000110111001
1000010100111101111011010100100010011111
1101001100000101010001101001111010011111
0001000001101000001111001000010011111010
1010011101101011100100000001011111001010
1010101001111001011000101111001000000101
0010101001000001111001111111010101111111
0010101010100010011010010111001001010011
0011010000011110101010100000111100111010
1010110001011010110111100101100001001111
0000111000101111111000001100001101001001
0111101011010101001000011111010110110000
1001101000110000101000110011100100101110
1001000110101011100010101100110011011011
0000000100010101011000001110000000010000
1110101100001011011001011000100000100010
0010001001111011111010110100011110011000
1111000000101100010100011100110111101110
1001100000001000000100001001001111100011
0010110001110001010011101010111001011001
1000000100000010101101110101110101111011
1010001111010010000001001101100110011000
0000001110011111010110101100100110001110
1110001011011110101000000001000100111100
1011011000101011110110010001011111000100
0100000011101110111001010101111011101001
1001100000100001000100011111111111101010
0001111010100010011000000001011010010100
0111001110101111110110000111111100000010
0101111111101111011110111001101111011101
0100111010011101001001110100101000111110
1111111111000111101000010110100101101111
1101100110100100011000010010010110010011
1001110011111111011000011111110010100111
0101011011010101100011111011010011100000
0110111101101110000011111010100010011110
1100101010000111100110000111000100001001
0110001111110000111101110011010000110110
0110011100110110101111110001000001000110
1101111100011101110100011110110110011100
1011010000010001011010110100111010111001
0001101000110101000100101111100101101101
1111000010001101001000001011000010110001
1010100111000100010000101011011110111110
1000011111111000100011000011000100100011
1111010010001011111011010101110111100011
1110010001100000010010001110111100001000
1011010100000110111110110101011000010110
1011101110001100010100101110111100100101
0100111010111010000011011100110111011100
0000000010101010010011100110111001111100
0000111110100101001110110011010011110101
0011010001011001110000101111111101110011
0110110010111010011000011111011001011101
0100100001100001110100101011101111101000
1011100110010110011010100101011110110110
1010100100000110010100010001010100100000
1001001010111111010011100100100110000010
1101110010110010000000001101011111011101
0111011111101011101010000100100100010010
0000001101001101010111110110001010100001
0110110100101000111110001010001110100011
1111001010101110010100001111000110101101
1110100100001101111110100100111010000000
1001011101010000100000010001110111110100
0001111110111011000010110100101011011101
0011010111011011101101011010100110111100
0000000000101101111011100011010001100100
0001000001001101000000110010010011001011
0110010111011110010000111000011100101101
1110100000111000010000111110110011010010
1011001101100000011001001010100001010100
1111010100011011111001000100100111101001
0100010100111011100011000101110001101000
1000101100011100100100001011001101010001
1111110100100110001000111100000010111100
0111100110101001010001010110111100000011
0000001101110101001010111010000011000011
1101100010011010011111111100011110111111
1111010011010101101010110000101011111011
1011101101010100010111001011011111001001
1000100011011111000010110010011011110010
1000100101111111100111100110011011010001
0101110101101101100110011100100010110011
1101001010000101100100100110110111100100
1000101111101111011010011010111000111010
1010001001101111110110100101000101010010
1000011001001011011101000110010111110000
1110000110101100100111110011010011111010
0111111111000001110111111000111111111011
1100111100011110111001001100101100001001
1111100100000101010000110011100101111011
0111010110001101111111000001110101011101
1111101001000101000011000101100110110000
1101010011011101000110111110000011000100
1100111111010001010100000011100101110001
0000000000001111010011101010100111111110
1010100000000110111010011011100011100001
1110110100110011110011001110010100011101
0101110001001000011110101110010010111101
0100001100000000101000111001010001100101
1001100011100011101101101110010110100000
0000000010100101011111111101111111111111
1000011011111011101111001001010010110001
1101001110111000001110100101110001111001
1011101001101101110000010011000100100011
1110011111001000110101010000100110111011
0110000000010011110001010000011111011011
1111101001010100000010001101010010000110
1110101000001111000011011101101000110010
0111101000000011001100000110011110101011
0111010000001110011011100110011010010001
0000111001101010010110000011110100010001
1001011110100100010100101111100100000011
0001010001000010111111111110101001010000
0111111101000001100111001010101000111111
0100101000111001000001001101110111011110
1101001010000011101101000111010010111001
1010110001101110100011000110011101100011
1011101101000100001110101000100100110111
0011011000000111010100011100100011100011
1111010000011111010011010110100001101111
1001011100110101101110001101001100000001
0110111111010111111010101001001011100011
1110100011101110011010011010100111011111
0000011001011110001001001111111101001101
0101100001100111011101011100100000010101
1010111001100111010100010010000110100000
1011100100100100000100110011011001010011
0111011111011011010000011111110111100111
1001100000100010111111000000010111101000
1010110000110011101110000001011100011001
1111010010011010001101101110011000100000
0000110101000001110100011011010101001111
0111010101010000110111001100101000100011
0000001101110000011101010010001000110011
0110101110101111101010111011010100011110
0001011110100100111000111001010101000011
0010100110001111010101110000110101000100
1110000000011100101100111101110111001011
1111100100000100010011101111011001110100
0011010101110000001101111001101000010001
0011100100001111110010101100111001110100
1011010010011011111001110110011001101010
1111111001011101110001100111011001011000
1100000001110011111000001100000011010011
1110100000101110110001010100011100000100
1110001000110001000001001000101101011111
0100010110111010101110101001001100010101
1010001000110110101110101100011110011100
0001100110000010001110111111011101010100
1010110011000111011010010111110101001000
0110111111000011100010101110010101011100
0101010000100011101110010110000111000101
1011010001000010010101101010001001100010
0010110100010101100110001001101111110100
1001101000000101001000100101101111111100
0111110000011001000001011010101101001111
0100101001001111001010001101011010100010
1110101111111110100111010001000001100011
0011000001010011110111001101000011101101
1001010101101001110101011100001010011010
0110001100111111110110001000000011001100
1011101001010111110010000010110111010101
0110101000110101011100100111000111011110
1110001101010001011000101010001101001010
1010101010010000100100100100011110110000
1000010010000000000010001110011111100100
0011000110010010101101000101110011110010
1101001111000100100011110100011101001111
1011100110001110010001000010000010000010
1010100000100000100110010110100000101000
0000001111110011111100011101011111000111
0010001100100100001110001111000000010101
0001100000101001101111001011101011111000
0111100000100100100101011101001111011001
0000101101110001111010000000111101000001
0110001110001101011101111101010101001100
1001011100010110010101010010101000101011
0011100100010101110100100110000000100011
0100001011011011101101101011101011000011
1011011111101101111010000101001111111110
1001010001011110100111011111001001000111
0010011111110111000100101000010111110100
1011001110011111100111100110010000110011
1111101011000000111100111110111001000001
0111001110111010111010001001101100100100
1100010111000011111010110101011010111110
0110110100100011100101011100011110101100
0111011111100010110100101110101000010001
0011100101000001011100100110011011001101
0101101010010101101100011111001001001000
0100100000000011111000111010110100100001
0111110100110001110100001010110100111111
0110011100100101100011011111101011011110
0001010110000100101101110111101010110111
1000110011100100101110110110101000000010
0100001000001111100100010110001111111100
0111110001101000001010000111110011111110
1011100000010011011000001000011100011101
1001010111001111111101110101000110100111
0101001011011011001000000011101100100010
1100111001101000110111110101111001001000
0110100010011011010110111000011110110001
1011111000100101100100100111111010000010
1011011010011101100010010110111010111110
1001001100111000111010001011100101001011
1010111011011110011010100101000010100011
1101110010000101010101101000110111100010
1001011100010001010001111111111110101111
1011101100000001110110011101011001000101
0001000010001111101100001100100011111010
0100101100000111110110011011001001010101
1100101110010001001111000100000001101000
0101111001100011110101101101100101000110
1000101101111100011011110001100000111000
1110011010011110011000001110001110011001
1110110111000010110011000000011000011001
0011100111011101011110011011000011110000
0100000111011110100000101000110000010111
0001111001011101011100011011110111100010
1000100101110001001111010000000111101000
0011010100110111110010000111100000110011
0010111000000011001111100010111110110001
1100100100001001010111010111111101001011
0001011111110111111001001101101111001101
0010011111100001100010100100001111101000
1111100100001010101110001110000110100000
0011000111100000001001110000000010101001
0000101100111100011100000111011011011101
0010100111000010100000111101001111011100
1110001111110100011111111000010001111010
1000101010101001101101110100100010010010
1011011100001110011000011000100010001100
1010111001000001011111111010010100001011
0100110100001010001100011101111100100001
1010101011000110001111111111000110000000
1111111000101001111101101011000000011010
0001000011000100011000000110110010001001
0001111011110001111010110010001001011101
1010001101001010000100001001111101100011
1100110101011110011010001110011010111100
1100111011010001101000100101001110101010
0000011110010111111101101000000101100110
0100100010111111011101110110001010111111
0100011111011100010100001001111001111000
0111001001101011101110011010010011010111
1010000011111011011101000111000000000011
1111000011110111011111111111011010111101
0111111001011010001000111000011001101010
1011001101000111010110101100001010000100
0100111010110000100010011100001011100001
0010011100101101011101000000100000111000
0000111111101010100000100100001111001000
1101111111111001101010111101110001110010
0110101101001010011111111111110111110000
1111100100001001011111111001000000010111
0000111111000011011110100101011100000110
1110110110100101111101101101010000101101
0000101111110000000001111100101001111111
1011101011110110100101001010000100010110
1101011100011001011001111000101001011011
1100111001010110111011010011011110001011
1110011100010111111111001110000001110100
0100100011001001110111101101101010000011
1000110101111110110100101101100011010111
1110100010101111111000111001100001111101
1100000111011010111010000111101000011000
0010010110011011011011010101000010001111
0110001001100001101100000011110100101000
1000100000111111111100110101100001100001
0101110101000000110010000111001101110101
1011100101101111011110101010110110110110
0100001001010010100100000100011011111010
0011101010110111000100110101000101001100
0111111011111000110110011001110000011111
0101011100110101011111110010101101010100
1111111111001010100000111010000101000110
1101010100100111111001010111011110010111
1010001000001101110111110100110111101001
0111100010010101010000000100110111001111
0110110110001111101111011100110000110101
0101000000101011011100011000111000101110
1100101001101000010001111110001011000000
0001100101000101100110011000000000011100
0101000111101010100011001111011010110010
1111011111000110100111100100101011100010
0001110111010010011010010011001111000000
1000101000001011101000010101100101001101
0110111101110110001001010100110101101001
1110100000110010111011100110100100110111
0010011111100111111101110010001011111001
1001000000111100011111010111111011010001
0010101010100111100000000011110010001100
0111100101001010110011001001000111100110
1111100010011111000110101111110100001101
1000111000011010010010010111011010111101
0000101110100101111000111111010110000000
0011100001010101110010011010011100100101
0100100001011010001110111111100100100001
0001001000011111110011010110110011011110
0101001101000000111000110010100001010101
0101111111111111110110110001001001001100
1001001010010101010110110000101011000111
0101110111011010100001111011010101101010
1000010011101010001011000010100011110001
1110101100101011000001110010101001100001
0001000000110000001110010001000001100010
0010111100001011111011110111100111110111
1011111000010110000101111110001110010010
0111011010010111100000111010011011010011
1010001111000110011011110111100110000100
1001011101001100001100101100010001011010
1100010000000100100111011001010001110001
1010001001011011100001101101111110000101
1001101001001101111110100001111001111101
0100001110001110110111000010111011001001
1100010010000000101000100001000100011101
0011100000111110101110101000110111110101
0101010100001011001011011100000101011000
0101010010111110111110010111000000110110
1111000010110110000000000000011010011000
0011010011110001010101100101111010101100
1101000000100001101100010111001011110000
0000001111010011000001001011011011010100
1100100111000011100011110000100100101100
0100111001011001011011110110011010111100
0110110010010000010100100110010100110000
0011101110111101010011001001011101111010
0001100001110010111101111111000000111000
1101010000011011110000101100011100100100
1111010101110010100010110000100100100110
