40 1023
1001010101011001100101001001110001110111
0011110111111001110010101001111000010000
0111011110100001101000100100000110000010
0111000010000010101000110101111100110001
1101111001000001100000001111001000100011
1000100100110101110100001011111010000010
0100010111000100111110011001110100011010
0011101000100000110000111110101000101101
1001010010101011110110001001110000000111
1010101001100110111001000000100111011010
0000101000001101011110010111011100000110
1110010100011110101100100101011110010100
0101110010101001011001011011101101110110
1111001100000000010010000100100110001001
1100110000011011001011100110100001100111
0000111100000101000110100111111011110101
1000001000110110101100100000100111111000
1111100000010011110101000101001001110010
1110111111001000010001011000111110100100
0001100100101111111011110111111100011101
0111001101100000011110100000100110111010
0100101000001001000101001011001100001011
0001100001011101000000011111011001001000
0000001010100110001011000000010001011010
0011100011011111100001001101001000111000
1100000111000000011011010100111000101000
1010101001001101110111011011000110110001
0011101000110111010000000101101101101110
1100111010111101111011010110100000010000
0000101001110000111011000100011111010011
0100011101110010101001010010110011000110
0100111010010111000101000100000010101101
0010011100010111100011110111100010001001
0001000010000100101001100001010010010001
1011011101010111001011010000101001001011
1000110011111110000001010100000010001001
0011011010000010011100100110001001110000
0100001001101011000111101010010001101111
0001000110000100111110110011011011100001
0000101001101101100000100011110001001011
1101110111110100000010001101000011110111
0110111110000100111100001110011101011100
0000010100000011101010101111111011001000
1100110011110000011101011100100011010001
0111011100111000010110110100001101110110
1110100101100110001000110001010010111011
1011111110000111001101011001101101011010
0101001100001000110110011101111000000001
0110110110011000101111100100100000010011
1101011011000111110011101010100011000100
1100011100010101010010001111111101011110
1101011000101001011000001010010110110000
1001110101000100010011010001100000110100
1100001110111010111101010100100100000000
0011110011010101100000110100111011111110
1000111000011010101010000101111111001011
1101011000011001011100111110111011101110
0101100010101100101110011001010011110100
1101110010010101100000111010000111111100
0011111101110100111001011000010100001101
1101111101100000011001011101110111010101
1111000110010110110000100110000010000010
1000010001111000100010010001001000001111
0100000000110000110000100111110100010110
1000000110110001110011101010001111000011
0000011111101101011111000001100000101101
0111011100001011011111000010111110101010
0100001100111010101100011111110111000100
1000111110001010001010000101001111101000
0000001000011111110010010110001111000000
0010011100010100100000111011011001101100
1110101010011101101000111010010000010011
0010111010011110010011101101110001101000
1001001011110110010001000111110010001010
0101101101001100110110001010010011111001
1001001000001010110101100000000110100010
0010010011010110011000011100001111001011
1010000011001000010111110010000001110000
1110111011001001010000010101101001100100
1110110000011110101010000100010101000000
1001010000100001101111001101101011110111
0010100011010101010000110011011111011011
1010110100100000110110100000100101101100
0001000011001001111011111010011110111001
1100011101111110011011001100010111001111
0001101111011111010111000101011011001010
0011110101010101110101101100001101010000
0111110101101001000010110000001000100110
1111111111010110100010011010100100000011
0010101110100111101100011101100000010111
1101000111010110100001101011110111010100
1111100110011111111010011000100110101101
0110010010111110010111110110110110000101
1001111111101011000111110011111001000100
1100101111111111100111001001110101111010
1111001111101111101011010011000101101111
1010011101010110111111000111011001101010
0010011111111111110000111111000111001101
1011010010101111101101100101000101001000
1010110101000111111110111001110000110000
0010001110110101010101110100101111000001
0110100111101001110111010111011000100110
0001111011110110010001111001111000011111
0011010110100101100001000001101010101101
1000100111110011100101110110000110111110
1101110110111111110000100100011101101000
0110010010001001001010101100010001100010
0001100101111001000011110100100010011101
0011011011001100101000010100101111011011
1110100011111101011101011101010010011110
0011001100010011010100010011100110011001
1101001110011001111001110110111100011111
0111110110001110110001110011100010011011
1011100101011011010110010010011001001010
0011111101001100010001010011010011101000
0111111111110001000001100001010100011101
0011001010001101111100101100100010100100
1011111000101011001001101000110100111111
0110110000010100101000110101101100101011
0110101010000010011011101111101010110100
0101111011101100000100101110010011011001
1000000101111000110110100100011111101100
1111110110011000110000101111010010010101
0011110110011101000110101000001000010110
0010111000011010010101010101011011010101
0100111110011100101010011010010011001111
0101110110000010100011000011101111111001
1011110111010110100010101011000000010110
0011101111101111111100110111101111101001
1110110001010100100111010100110001000010
0111011011101111100111100011111011000010
1011001011000111101001111111100100101110
0001111100101011011100011110101111101100
1111100001000001011001100000101000010000
0100010100110100011000110111001011100001
0011001011010010110011010101110111001000
0000101111100110111100000010101110100001
1010011101010011111110000110101110011010
1101011100010111111111000000001010001010
1011010101011110000100011000010000100011
1011000110110001110000111100011110101111
1100100010111110100010001000101000111010
1000110111000100000000111011000100100100
1101100111000101111111000000111001111001
1100111111101110000011100000111111111100
0100111001111100101001100100011010100000
0110010001011000010011001101010010101010
0010111001011001111000000000001001011111
1111011111010000010000101011011111101011
1100111111110010110110100111010010011101
0100101000001100011001101111001100011110
1110010111101000000111001010101111010110
1001101001000111011101101111100000001010
1101100001111000111000011111011010110100
1101100001101111010010100000100110001100
1010110001101110110010111100110101100101
0100001001001101111011011101010111100111
1011100001010011111101111101011000010001
0010100011000001011010000001011100010101
0001011110011110001010100011011101110000
0001111001111101111110111111011001111010
0011011101100011010100010110010100001100
0101011101110111010010011001010101111001
1001100101101010111001010101001100101101
1000110110000011010011101111000100011111
0000100011000110001000101101111000111010
1010101100100101101001011101010010100000
0111010000001001010001100100000000011111
0011110000011010010010111110010110000010
0010111101101100111110110101010001010110
0000111001001011010000001001111101100100
0101101110101100111011010011011000010111
1101001100001101001100001111101001010010
1011000010110010000001010000111011100001
1010111100110101111110000110111011010101
1001010001101101001100101000110111010100
1011000011101111100110000001001010000011
0001011111110110001001001001010101111011
0010100101101001000011111001001101001100
0011101001000111110110011101100100111000
0010100101011100011000110010101110001001
1001011011111111001000101100011100001001
0010111010100110001111010011000001000001
0000000011011101001110000000001100110011
1111011010110100101000011010011110011111
1101100001101001010010000101110100001111
1001010001110111000101101010110101101111
0011110100011001010010011001100011101010
1011111010000010111001101100010011011001
1010001001110100001101100011010000000111
1010110101010001111011001011111110001001
1101010101001010001000011100011100110100
1000011110000100010111100011100100010111
1001001111110000101000000110000000000010
0100110010010101000110000101010001101111
1100001000111100011110110111001110000001
0001011000011010100000111000000111010110
1101100110110001010001010100010001100100
0011010101111001100100110100110110101101
1101100010101011101011111100000101011011
1101101111000111100000011100111101000110
0111011001000101010101110110010111101111
0111000100010000111011111011000111011110
1010011110101110001010011010101100011000
1110011110001001011011010000100011010011
0000000110001011000110111010101000001010
1001111110101111110010110100110000100011
0011100111110110001111000011110101011011
1111010000000100101111001100110110010111
0000111101100010000101100110000010011011
1011101100110001000010000010010011010011
0101010010000011000000000001110111110011
1000110111010010001011011110111010000010
1001110001101111001001010110110100100101
1101100101100100000101101011101110110001
0100110010100000101101100011001110110100
0111101010011110000111111010001101101101
0101100100011011110011010100111011011111
1110110000011010110100011011000100011000
1001100110110100001111100010110110011011
0011101111110011011100101000111000011101
0000101011111010111010100101101100011111
1111100100111001000011010100110110100011
0001111110001011011001000000111110100111
0101010001110101010011001001110000100011
1000100010011010011000111101100110110100
0111011011000101101100001110001001011111
0001000101101110011010111001010011000100
0010011000111111110011101000111000010010
0011001000000100100001001000010101111000
0101000000011110111010011000000001011101
0110010110110011101101011011000010111011
0011100001011001000101011110110111000110
0000010001010000011101110101110011010000
0001111010011000111011010001000111100101
1101111010110011000111010001101111001001
0010001001110010001111010000000101110011
0100101101111000010101101111101000001111
0101011001011010110011100011000111011001
0100010010010000111111000111000111010100
1100000111101010010000010010000110010010
0101011001111010010110001101111010110011
1000100100001000110010001011011000101000
1100011010100100011011110000111110100111
0011110011101010111111101010010011110011
0101000010110100000110000000100100111011
0011101110001100010001110001111111000111
0011101100100100011110011110110010011100
1001000110000001001100001011110111100100
0001000010100100101010111110100100000101
0000101010111000000111110001111110111110
0011101110001000010010011011011101010001
1011110000110000100110011000001100100110
1101001111011010000111111101011100110011
0101100110110000000101000010111000000010
1111110001011010100100100010000111101111
0111111111100000001100110100100111111000
1010000001011010011110000011011111111101
0101011010001001110011111011010010010100
0010010100010111101100000011011011101010
1010111010011000110011110111110010011001
1010101011000100011110001100011000011000
1001000111001011010001001110100100100110
1101000110111011011001001010100011000101
1011000010011001111110101000100101111111
0111111010111100001000001011010011100010
1111100001010111110110010011011100111100
1100011000011001010100111101101000000101
1000010101001110100000011011101100001110
1010110010000111011111100001111010101110
1001110111110110011111110101001010011110
1111010011110000110110110110000010000011
1101101011100000111000011100011000001000
1000101011000101001011011111100111111101
0011100101001001100110011100110010011011
1110010110001100101100111111010001011101
0111001010101100011100001001100000110101
1001100000111011001111110111111101011011
0101111000011101101000110111000010011000
1000110011111110110111011101111000010110
0001011110110101000100100011010111000010
1000100111011100110111010101000010001010
1100101001010110101100100010011001010001
1100111100101100110011000100111101000101
1101000110000110000011001001010010101000
0110001011100001100000001011011000010010
0010011101000111010011010100001010011101
1101110100100010110101010000001000101101
0111110110001001111110001100101110110001
0010010000111111000110100000101110001010
0101110111010000000111100010101001110110
1101010000110100001000101001110011011010
1101100111101011100011100011101010110000
1111010110110110000111001000001111000111
0010000000011010000001100001010101011000
0110010111111111011000100101000101010101
1010110101010011011110000110100000001100
0011001010000000010011010010000010011111
1011001101101010101010001011110101010110
0000101110111010110110100001100100010101
0101100101001001011001111100110011110110
1111000001101001001010111100111101101100
1001100010110010100001000001100111111010
0000110001001101100100111110001110001011
1000101101011111011111011100000011011011
0001010101011000110101100110000110011100
1010010100011100000010000010010101100011
1001100100011101110101110000110111100011
0101110001000100100011011101010011010100
0011010111010000100000001110010111101001
1110111010111110010111010110010101111001
0000110100011100001100000011011010010100
0000100100101111001011011010110011111100
1111000011011000001010110011010011100110
0001010000101011010011011011101011011110
0111110101011011011000111100101101110011
1110011101001101000111000010011000010101
0000110001100000100011110100001101010100
1011011010001001010010010011100110100101
0111111010000010101110101010110001101111
1101001010000000001011001101111010110111
0000010011010101101101110100111000011011
0000111010001011100011001110011011000011
0110010011010011110001001111001011110001
1010011000011111000100110111111011010001
0001100011110000101010111001111101001110
1010001001111100011011011000100011101110
0011100100011100110110010010111010000010
0110110101000100110110001111101011110001
0100100100011101010001111000010000111101
1010110001010011000111101100001100000011
1100101101001101010010011010001100101001
1101001111001101110000001000010011000101
0011000101110011010011011101001001011111
0100110110100001000010011101110011010010
1111000011001000110001010100000110001110
1011111010110101110011100000110010001110
1111100001110001011100100100000010100001
1111011110100110111100100000100111000010
0101110111001110101111101111010100111101
0010100010011111110100011010010010110100
0110100001111010101100011001101110011001
0111011011000111110001100011011101111001
1011110010101110010000100001111000111011
1010000010011001101010110001011111100000
0111111111100101000100000111010111100000
0010111001100000111100101001101000011100
1000010010010101111010101001011001010010
0011000000000001001101100100100001011011
0111000111011010110011001101001101010110
1000111101100000001111011010110100000110
1011101001010001101110010111010010111001
1110101111101110111011100100011111101101
1000011111001100110011010011101011001011
1010010111110101110000001111010001110001
1101101010011110111101111010001111000100
1111000100010001001100000011011110101000
1111000111000000000011001001100011011110
1000000010100010111011010001001000111100
0101000000111100100011110001010110111110
0001110111001000111001110000110001100110
0010001101100010110111010101111001010111
1000101110110100010010010011011000000010
0100000001000011101001011100011111110010
0001110100111000000011101110001100000100
1010010011101010000001011100001001101001
0001000010001111110001100100011111000101
1110110100001111110010000110100110110010
1001001111001000000111101000010000010100
1100000100101011100010101000011110100000
0011000101010001101010101001011100001101
0111100111111100001110000011011110101011
0010110010001110111000000110110011011000
0000110011111000101110100010100101100101
1111111001110101011000010001010010011110
1111000111111101011111011111000100110101
1101011110101100000100111010000110111000
0010111111100011000110111010111010100000
1000000110001001110011101110010110101101
1111010010000010110001111000010011100111
1111101001001011001100001101011001011011
0100001011100011011000101101110000101000
0111111100100010011010101011101010110010
0000000100101011011111101000110011110010
1000110101010010000000000000000001100101
0010000010100101100000101100110101011111
1001001101010000000010100010101111110110
1100111010100101001110011110001100001010
1100001001001111010000010100111101101000
1001010011000101111010011101110011010111
1111011011000000000100000110011011110000
1110000010101110011100011001100110101001
0011101100101000001000011100011010101010
1101111000000111111100110111001110011111
1111111010100011010100000011111100111000
0000011000111001010101000110011010000000
1011111000001101100001110110001011100010
0110111100111000101010110111001001010000
1100000001110110011001101010001000000001
0111110101001111100001110001110001101011
0011001110001011111001101101110111000001
1000101000000010011101000110100001111010
1000101000010011111010001101001011000101
1100111011110011000101111101100100110111
1000000100010100000011111101011111100011
1010011110100010001010011010110110010010
1001100001011100010110100101010010010000
1110010011100101001100011011010101001101
1000010111100010011001010110110101111100
0000000001011111110100111111100001101110
0101111111011010101001101110101101101010
0111001001001010011000001010011001100111
0110111110001101000110100010110000110101
0010100111001100111010111001111101001011
0010011011010100000110100111000000110110
0010110101101010010101111110010101001011
0001100010001110101110100000010011001000
1010001000011011011001111110110011001110
1110001010000110010100101101100011000000
0100101000101011011110111001001110100110
1100110101000000110011011000011000000101
0010001001100110001110111111101110100001
0111100001010100110000100111001011011001
0001011100111110010101110101010011101111
1011011111111101111000000111111001010000
1001001110101000010111001000011111010101
1100010001110001101001111000111111111101
0111110010010000011010010110010011010000
0010110001101110110011010101000001001110
1100000111011000110101000111111001101101
0111011101011010001011111110011000001000
1010010101000001111000100100001110001010
1110100010001110110010101110111000101011
0011011111000001001000011110101100100000
0110000110001000010010111111100010011011
1100000111001100000100110111111001011000
1100010101111101100110101111100000111111
0110011001001111100110000001110000000001
0011111000101111000100100101000011001110
1100101010111010101110010110110000000101
0110111010000011111101111110100101110100
1100110001110000110100110010000010001101
1011110001110011100111011111001011001101
1111111000000001111011101011100110111101
1010110111101010101101011011110010011111
0111011010001100101010100110001001101001
1111000000010001010000010100100010001101
0100100000001110011010001000000110111011
0100011001011001100101111000100001101011
0101110110110111111001101010101000101111
1110010100010100111000001100011110001111
0111011101110001110101110101010100101001
1000111100111010110101101001110111101010
0111010010101100001100101010110111111000
1110001100010010110100100110100100100100
0000010101100100001100011110100110111010
1010100110011111100110101100100010010001
1101101110101001011001100011101010111011
1100000001100101001100101111111010010100
0101010001101101100111110110101011100010
0001001101010001010110000110011111110110
0000011100011000011001000010110101000000
1011010110001001001001110101000010001000
0110111110001100011000110000001100001000
1111011111001101100001001110101100011111
0100110101110111110111000011101010111001
1011001100111000011101010000110000010000
1111011011000110101000110100010001100110
0110011000000011001011111001111100100000
1110100111111100010010000010001111100001
0101111110001000110100101001010011110101
1111011110011010110011111000011110111001
0110100110110010010011001000101110000111
1101111011100100000101001100100010000010
0000010000101001001010001010000010011110
0110001011110110000011000100101001110111
1110111011101000110101111011010001011001
1000100011011100110111101011010100010111
1101010010110100101111111110000110010101
1001100001000110000101000110100001010000
0010111010000001110101100111101011110100
1111001010001011100011111100010011010110
1111100001101111000000011100101000100111
1100010011010001101101011000010101100000
0011111000000101011101000011001011101111
0100110111001100010101100010011100000101
1011110100110010011110101101000110010111
0111110000111100000010000000011000110101
0101101100110100111101010001100010011011
1101010010001110000111111111010100001001
0101000011111001101010100011111101001111
1111101111010110101011110001000101000100
1101101101100000110000010000010111011001
0011000100011100111100000111001111010000
0001101001101001111111000110010110010110
0010110001111110101001001110111110111011
1101100000100011100000011101010001111111
1100001101011111110100001110101110101101
0011100100010011011101011100001101011011
1110111010011000111000110000100011101111
0011100101101111000110010110000100110010
0001010011110001100001000000101111110110
0010010101011111100000110000100111110110
1011110001000100110110000001001000010000
0111001100001011010011000101010001100011
1011001010010110110101100100011100100011
0100101100101001101001101010100110010110
1100110101100010011101011111011100001000
0110111101000010011111100101110110100000
0011111001010100000000100000101111100101
1000010111001001110000111110010000010000
1010111101100001100101010110111010110111
0001010011010101110110010111111100000010
1110001001001101111000000101011001011011
1001111001101001001010001011110001101101
0110110100000101101101100000011110000011
0101001010100101111100100110101101101000
0101010000000011100110111000110010010101
0110101110001011110010011100101101001001
0011110011110111011000011001010111010100
1100111100111011101001001110110111011010
0000000010100000110011000111010101110111
0101110111011010010001101110000110010011
1111001100001111110101100000111101000111
0000000101110110111110110000010011110110
1010010100000100101001110100001001000111
0111111010010110110100100000010011010100
0110101100011111011101010111100101110000
1000000011010100111011010101000000001110
1011010000001010100010000000101110001011
1011001011111110101001001110010010101000
0101100001010001001001011010001010110010
1010101100101111101000111001111001101011
0001111001011111001001001001110110001011
0010100110001001000010001000100001101110
0100111100100001001011001110100101110110
1101000110001110100001000101100010110110
1010011010010110001100001101111110000100
1001000111100010101110001011101100111011
1010101101011010101111001110011000100010
0000111100010001000110010011000011011111
1000000010101001000100101100010100011000
1101110011001000010011000101011110100101
0101000001001110100101011111100001011001
1011100111111111110010111100101010010100
1111100100011100000000100101000101110001
0110010111111111110010010110010000110111
0000011001110111111101010101111100111001
1000011110111111011010111101010010011001
0000100001010101111100100101001101000011
1111000111011000101110010000010100010100
1100000101000110001110110010111001110010
1001100010111011100111000111001101010010
1011101011000100011100110010010000011100
1101000011101111110100000000110000110110
0110001101001000111001010010110010101101
0101000011101000010001011001001110010101
1001101011010010110000010101001000101110
0010011001100011101111010101000010100010
1010110010000010110110100010100111001110
0010001100110111110010101111101010100100
1010100010110011011110101001010101100101
1000100110010101100111101000010110001111
0010011101010011110110101000001101101001
0110011101011000010100111011110011001110
1100011000111011011000110011010000111111
1100100001000111100110000011111001001101
1000100000011010001101000100100100110101
0001010001000101010011100111001111110010
1110111000001010011110100000110110110101
1101000011100001011000110100001001001101
1110111000001101000100110111111001111010
1100101000011111111010100000100011011011
0001011011011011101010001011101010001011
1010001100100111101000110111001111110000
0111110100001001011011001001010110011010
1100010111111110100100000101011010000010
1100010101000101011110000000000001011000
1100100110000010100101111000011100110010
1011100011001100110110100001101011001111
0001110100000010111110100001000000100100
1111110101110011111110111010100110100000
1010101110010101011000100100011001010000
1101011010100010000000011010000100011011
0000000010000011100010100001110100001111
0101001011001001100100010010111101100111
0011000001001001110100011111000100100110
0110011101111111010101000000011000111100
0000111011001011000010101110101010010001
0010110110100110100010000100111110101010
0110111101010011011000101111100011010100
1110000100110100010000110011100000001001
1001100010101111010010011001010000101011
1101110101100001011011010101011111101000
0110010110111101000101110010011000101111
0110100101011011111001110011100101000100
1001100010000111100001110000101100000100
1110010010010000101110101001011000101101
0100001000010110010100100000111001000010
1110111000000100010111100000111101100000
0001101110001101011100000100011101110111
0000011100011001001101110101111000110100
1000111000001101001110101100011011100111
1001011011011001000111111011010011111010
0101001111010110000101110001110000001111
1010110100001001011000101000100000001111
0000001001110100001011111111010001101110
1101011111000011011010110010011011000100
1010110010001001111100111101110000010101
1101000101111010000010000010110011010001
0011101100111101101010011011110011010001
1101110100000000011010101111011111111000
1001101110111010000010001100010111010001
1101011011110001101011000000110111000101
1100010100001011111101110000100101101110
1011101001110110011011111110011001101010
1110001100100001000010111100011100111010
0100011101000100101110100110110111010110
1000010011100101110001000011110111011111
0101111100111010111110010110101011001111
1100101101110011101000001110010000101000
1101101110100111101100000101001001011001
0001011001010000110000001100011110000100
1011000110101001010100000000110101010111
1011111100001001100010000100101010100111
1000101111100101001010010001010101001010
0111010001010001111101111111000111101101
0110110100010001001101000101010100001010
1010110001101010001111010111100101000010
1000110010111100110101101100110100010010
1010010011110110101111010000101010001010
0101001111101101010101111100000010010010
0011001010000001001101001000100011111111
1010001110100001001001010010110101001010
1110110001010011010000011101010101100011
1011010100110000100011101111001110000011
0001001111110010000011111010011110100001
0110010101010111111010011111100001000001
0000110100010101010001110011011010000011
0010010001011101101010001011001100010000
1001011110111111001000110011110100011010
1010111101111111110001010100010101101010
0101011110100010000100110011110111011010
0010010100000111000011011101110011010101
1111010001110010010101111000000100111100
0011011011011101110011100000110001111011
1101001000001000010110110100101010111100
0001110110101101101010110010001000100101
0011010100100011010010100100110111001000
1001000101001001010101001100110010100010
0110011011010010000110101001110100010010
0100011110011111010010101010000001001110
0010101000001101010000001101001110100000
0011100110010001100110100011100110000001
1011010101100011011110011010011000000101
0100100011100001001101100001101011011111
1110111011110110000101010001100010010100
0011011011001100111100001100100111001010
1011111111001010010111000111011001000001
0011100101101101000010011101100111101100
1111000101100111110110100111100100100101
1010111110000011010000101010110110110011
1010010110111000111110100110010010010011
1010111010001111100011010110100101111110
1010001011110010000100101001010110011001
1100110001000101010110001011101010100101
1001000110001110100000001100111101011110
0111001000010000100111100000110010111110
0111111100111010100001000111110010100111
0111011101101100011110010101100101001100
0100111110111010011011001001110011111011
1011111110110010011100100000110011111110
1011000010000111001101000100011010100010
1110101001011011111001011110101111000101
1110000001010111110101111100101111010011
0111011011111000011001011101010100001100
1101001010111110111000010111111111100100
1111001010010110101111000111000101111000
1111101000111101011110101111110101001100
1100001111010001001010111110100111110010
0010011100101100000101010101101001010111
0000001101100111101001101101100001000001
0100100100010000110101111111110100110000
1000101011000101011010111110111100000100
1011110111001111010110111100001010101000
1001100111011000001011011101101001101110
1101101100010111001111001100101001110111
0100111001100001010000111100011000000101
1010111000100010110101001100111001010000
1111100011011110100101001010011101100011
1010011101101011010001001001110110110110
1101111001111110100010011101011001110101
0001100100011011001010111101001100000111
0010000101100100000100100100011001110100
0001000010100001110011101011111100110010
1111000010101100100011010000110110010011
1011001101000010000000111101001001110001
0111100111001000100000101010010011101111
0011110010011101000001011101010101110110
0100101100101001011011100000111110001001
0110011011000011001100101000100101011010
1000010111010000000101011011011101011111
0001111101111000010011101011101110001000
1101111101101100100100110000000001010001
0010111011100001000001111100011110100010
1000010001000111100000001001110011100110
1101110111001011011011101101000000100001
0010010111011101000111100011001001001110
1011011000010000001011110110011001000111
1011101101101001000101101001100101000101
1011010100011101111101010101110011101001
0110110110111100101111000010010010110011
1101111100001110100101100101101000010111
1000010011011010000111010011011100100100
1001011101101011111111000011001000111000
1110001001100000110011101111001101000110
0100100000111101010000011101011010110110
0010011111110001010101101110111001000101
0110111000101011100110010010110100000001
0111110111101010110101111110011100000000
1101110100111101110110010011001100000010
1010101111110000001111110000101111010011
1100001001011000011010111111001010110111
0110101000111100110110100010001101011010
1000111110011110101100000101101010100001
0011011101100101001011111110010100010000
0000001001100001010110011010110101000101
1111001001010101001110010110010011111100
1101110000101000100100000001000100000011
1000000110001100101000111000101111110100
1101000000001011011101110110011100111101
0101101010111101011111101110110110010111
0100001001000111111110010110111101000001
0111100001010010111111000011001011000010
0011110010010110010111111110111011101100
1101101010010111011001100111010110111011
0111010011100101111010101110001001010010
0100111000111111001111010111101001100101
0100000000001011001010010001011001011111
1001000111011110110100011101110000000110
1001101011100101010101101110001111111111
0101101100100111101110001000111101001100
0100100010111100101001000111011011110100
0001110101000010001000000010110111111111
1001001111011000100110111011100101100110
1110110010000111001111000110111010101100
0111111011101000100001111110110000000000
1101000011000000110010111010101011101000
0011011001111101101000111000001000001111
0110000111111111011111110110110000000110
0011101010100000001000000010011101010011
0001110110001010111001111011001010000110
1001110101101101110011101001011011000011
1001001011100110100100001000010111000011
1001011110100100000001111110000000110101
0101010000101001000101001110101101001010
0001010001110000010011111001011001000111
0101000110001001000010110011011011011001
0110111011110100111111011110111100110111
0010111010000010010111101000100100000101
0111110110001001101011001000101111111000
0111010110011100010101101101111110111100
0010001000100101100110111101010011110001
0010010110010010101011000100011010001101
0001010111000001111001111010110110100011
0110101101110100011111000011110001000000
1011110111101111001101111001100111000110
1111000000110101111000011001101111101011
0011011101000100111010110001100010010110
0010100011011010100011001110011100011000
1110110100111101110110101110111000011010
1100100111001100101110000110010100101110
0111010001110011001110111000100101011010
0111000100111100111001000011101011110001
0110101100000111100111110000010011110000
0011011011010000111000111100110010101111
1010110000100100100000100011100101000111
1010111000011110001101100101001100010110
0011011000101010100000010111111010011110
0010001101100010100110111100001111001111
0101100011010110110110000111001001101001
0101100110001010111000100000000011011100
0101101011010100100110101100101000110111
1110011110101000101011011110010010110100
1100010011101110000011011011000010010100
0100000110011110001101101111000001101011
0100111001000011011101001100101100111100
1100110001010001001100110101001011010000
1101011101101110011011101111100010000001
0000101110010100001001011110101101000011
0010010101100110111110100111010100010101
0010101010100001101100110000100011100101
1101101001111111011010000101001101010110
1111010100110101010100101010001111110010
0101101101100111010000000010100110010111
0100110011110010000001110001100011011111
0101110001101010111100100001010101101110
0111110001111100011011010110100001001100
1110001000111110100000000111001000101101
0110011011111001011011011110110000001101
1000100110100110010110100100011110011010
1000100111010000000000010111111011100110
0010110010011100111101100110011001001010
1111011000100110110001001111001101010010
0001100000010100010010001001011111001100
0110001011010111101111000000000100110000
1001011001101001101001010000011000010000
0110101111001011101111011000100001110001
1010010010001101101100101101111101011000
1010100110111111110001111011110111110010
0101101011101000100001101010101111110110
0001010011010010000000110110110110010001
1011110001111010001110000100111000100110
0010100100001100111001001000110010010011
1100010010010111000001000100010000110000
0001101000100101111111011000000111001010
0001011111010000011110100000010000101110
0000000001111110001001110011000111011100
0011101000100110001111001101111111000000
0001101011111100001001011001100010101010
1110001111011000010100000110000000110000
0000000101101000010000011100001111101001
0001111010001010100010100101100000001010
0100101110010000011001011110101100111000
0000111110100010110101100101101111110100
0001001111101110110010101000100101111101
0011111110100111001000100001000101011101
0001111111011110101110011010010000010111
0111000000000001001011000101001010010011
1101001100100101010011011101000010111001
1111011110110111010101101010101101100010
0101111010100111110111110101110010101101
1110001110001101010111101000101111000011
1101101101010110001001100100011100100001
1011110000101001111010100111100000000000
1100111111011001101110010010100010111110
0111101101101110011011101100001111001010
1000010101101101011001111001011001001111
1100011000011001001110000001100111010000
1001001000011011010011111000000011011001
0000001001100001010100100001010011010110
0001110110100111011010101010010111100001
1110010011001000100000010000000100001000
1010110100100101011011110101100101011110
1011100000111000111001011100010001011111
1101000010111001000001110000001110000001
0001110001010101010001110011010101100010
0011010000101100101101010100100010100000
1101100000011011010110110110100100001010
1101010010011001101010011110110110110011
1100010101011000010111111111010011111011
0110001000011101100010011011000100011101
1100110100101100101000010101101001000110
0011010010110010001001101000110110010110
0111001111110000000101110110110101001010
1110100101111010010001110011010001010100
0110010111110010101100100101100010110110
1000101000101100001110000110011101110111
1101110111110110110010000111000100011101
1110000001010010011010101100010010111110
1000101011010011001011000100000101101000
1000111110100111110000000100100111101100
0100010000111010011011101101010110111010
1010111100000000110101011000110101101010
0110001011100011010111010110011001010001
1010110111000110101001100011011111010111
0010110101101100000101111011011100000011
1110001001000001001110100010000000011101
0011100100010000000101110000100010100001
1100101001011101101110100101011101100100
0111101111110111110010011100001000001010
0100001111010011110001001110011100011010
0001110100111011111011001000010001111100
0111011010011011101010000111000100100101
1000100110001011000011100000001010001110
1110110001110100111011001010001010101000
0000011111010011011100001110101010011011
0000111010111100100000001110001000010110
1011101100000000000001110100101101001001
1010111001011101001011001110100101001111
1100110111101100111100001001111111001001
0101001001000010110100001010011010111011
1010101001101110100001110100011001000101
1110101001100111111101101101001000100100
1011001100010011000100111001000101010100
1110010010100110000001011111011001100001
1100000111101100001111011001000101100111
1001000011110000100110111011100100100011
1110010000000110011001001101011010000011
1100010111001100110010010001001110000101
0110001010100000100100011101101111000010
0011101110111111010000010110011010110001
1111010011101111011011010000000000111000
1111000100111001101110001011101110100110
1001111001111000000111100101101010101101
1010000010000000010000001111101011010011
0001000100111110110111101010110011110110
0000011000100111001111000010010111101111
1100010110011001001100001001000100100000
1000011110010011101001101111000100011101
0110001000010100010111111110100011000111
1001000011010011010010100101111001010100
0111001010001010101000011101011101000111
0110101100000110110101000011010011110011
1100110110000110010111001110000100001101
1111111011000111010100100001010000110101
0100111010010010111110111100010000011111
0001001000101001100111001011000011100111
1110100010011110000011100001000111011110
1011011110000001100000010001000011111011
1000101000011001110010001101110000011001
0100011110110100001011010101110010111001
0011100111100101001011001111001110100001
0010000010001011001000010100110101000111
0010000101010110010011100110000000001101
0011111011010010111110101101011010100011
1010101011110001111000101001000000001111
1010110110111010001100100110101110110100
0101111110100010001000001101100010111010
0111010010110000101100000101100001111111
0011111111110101001100111111000100101010
0101101100010110001111100001110010110010
1010010101000100110001011011110001110010
0010010100000101111111011001001000000001
1001110000001001001100011000110101000101
0100010001100001111100011110001110111101
1010001010011101110111110000111011000001
0111000001010100001001010010011010101111
0000100111101101100101101101101001001101
0011111111001111001000010010100101111011
0000001111101001101000110101000000110101
0010101011111100100010110100100101110101
0011111010100100110001101111101001011110
0111100001010101111110110011010000100000
0001101011110011100011100011000011000110
1011001111101111111001110000110110101111
0111001011011011011111100000101111001100
1100111001100010000000111111011110111000
1011001000111000100010100110000100000110
1101111010001001101011110001101001001111
1111011001010000010111011010000101001000
1010010001001010101111110111001101011111
1111100011111111011110011100000000000001
1101110101100111111000000011111011011011
0001110011011000011001011111100101011011
1010000111001110100111101100100001101010
1101010010001101101111101101110000111111
0010010111011000000111010101111000111111
1010001110000101000110000100110001011110
1111101011101111011011001101001011110010
1000000011101001100000110111111010010001
0001000011001111100110000010111010100011
1000001011011010111110001001011101000111
1011000110000010001110101000001001000010
1010011110101010011001110000111110110110
1000110101101000111111101010010110000001
0101101100000000001110000010000111011011
1101101110011011011111110001111011010001
1110100111100010001111101001101000111001
0111111111101010110000011011011110111000
0100000011110111010100110001100101101100
1011100011000011001101110101001000011100
1101101001100000100010111000110111100100
0010100000110110111110010001001100101000
1010000000011110011001100011001100110101
1110000011111100000000010101000100101011
0010011100110000101101100111000001011110
1110011010111110100010101011010111011111
1001110110100011101010000011101111110100
1111000101011101101010111111000001101001
0110010110101001100011110101010101111010
0011011011000111101000110000000100110100
1101010011101110110101101111110011001011
1111011000111010101000011010100110001101
1001101110001001110110100101001110101010
0110110011100001110001101111101000010010
0100010100001100101001010000000000000110
0101001010010001111000101011100100100001
0001110010100001010111011010001101001011
0100100101001000100101111100011110100100
0110100100011100101000010000011100001100
1100110000111010001011010001001010010001
0001111001010101001011001111001001101110
1011110000011111010000011101101100110000
1111001101011111001000101001110011110011
0011011101010101100110010110001011101010
1000010001100010100110101100000010100001
1001101000010010000111001110011101111110
0000110101001101110001010000001011111000
1110000101001110110010110101110010011110
0010000100101100000001101010011110100011
1001101011111111111010101001111110111101
1110000110000011101000101110111000101101
0111010101100100001010010110110100011011
1110110011110011000010101100000110001100
0000001100110001110110001000111100101110
0100011110001011100000111011110000111011
1001011101001011011001111011001101101001
0110101010000101111001110101010001100010
0100101100001101111111101010101101100011
1101111100100110010100111000010000100011
1101011111100111010010011110100011101010
0001010011101100110111110010100001010110
0100111010010000011001010111001010011110
1000100000001000001111110111011101010110
1101110000100100101101000000100100001010
0010110011011110010110010101000010101010
1010110010000111111000010100010011111010
1010011101111100011100100010100000111110
1000111000111000100111000100101110010000
0010101101110010101000101000101111110101
0100010011110101001111100000000011101000
0000111101000001010001110101111001100001
0011111110100011000111010100111111100100
1101110011101101100101100010111101101010
1111111110011100111100010111100110100111
1010011000101100000000101010010011010001
0100110010111000010110001110010010100101
1001100110001000101011000011110000011010
1100001011011000110010101111100101101001
1001001110001000110111111101000100110111
0110100010001111010011110000100101000000
0010110100110001010111110111001100010111
