40 1023
0101011011101000100000001011000100011001
0110000011011000010010001001111100110100
1001001010101101110000010110011101100000
1110101100011101110111010001111001010010
0001001111000110111100001111100000000000
1001100110100011010000011010100011000110
0111110110001001101111111101010000011001
0010011111001001010100101100011111110110
0101001101101110110011101010011111010110
1101010100110011001000001001111111011010
0110010000000100100101010110001101100110
0101000001010001011110111011000010101100
1010100111011001101011101111110011101110
0010111100110100101100000110010110111111
0100111111101000000001111001011100011011
0000111000101001011011111111101110001101
0011010111101111101001011110000010111010
0101111101101100101001001110010110100000
1100111100101110011100011001100011000000
0010111000011111101100100111010001100101
0101100001110000000011001110110010001010
1000111101010010111000100101101110100001
1001100101011010011010010101000011111000
1011010101000010110001101011100001111110
0100000010010011010000101110100111111101
1111100001110011100101110011110010110101
1100010001100000100000010100110010110000
0010001111001101111100001000100011110001
0101101011000000100000101001111110100010
0111101001111010010000100001011011011000
1000000011100110011101100100100000100010
0101011010000110011011100100000110110001
1011100110011000101010010001001001010110
0110010110110110011100100001100100111110
1000111010001101110111111001110100110100
0110100101111100110010011000001100001110
1110000001010100100001100110001000011111
1101111000010100000101001101010100110100
1000011000101110100001000111100001110110
1101000111011110100110100110111110000011
1111001010101101010000111110001100001101
0000101000110010100010111010010011101011
1011011001110010001010000011100010001111
1000001001111010110111000100101100011100
1000110001010111111110010010011110101001
1010100001001010110001101111111010000001
0101011111101101011100110110101101101101
1111011100101111101111110110001010100000
0011100001101011010110111001111111101110
1111100010010001001001000110110001101010
1000010000110101000000000010001011100010
1100101000000011010001000000010011100111
1001011111011111101010001111001101001000
1000010011000001000110110010111010100010
0010010001100110111111011110110000100011
0000011010100101011111001001110100110110
0001110100010001110110011110100000011101
1110111010010111100101101110001111110111
1010001011100101101001010001011110000001
1001001110111111011001010111001101110001
0111010101111100001101010110110110000100
0100000111110001001110101000111000010000
1101011110100000100000000011010010111001
1001110010101010111110000110101100001010
1010111000001101100010000001011011101110
1100110110001000000010010101001111101110
0011000000011110110101110111110011100001
1111110100111110111110010011011100100010
0010011111010010000010000011100111000110
0111011101001101010100101101101101010000
1111000000101100000010011111011101010100
1010111011111111100110100010101011100101
0000101011001111110100100011101100000101
0111001110100101100101010000100111010101
0010100001101001010011111100100101111111
0111101101001000100101010100100100010010
1101001011111001001101011111001111101101
0001000110010100111000100000011011000101
0110001111111010111110110011100001000110
0010111010110001000010100000001011001000
1010010110100011101010010010110001111001
1010001010101101010000110000110001110001
1011000111001100101111011110110011001010
0000100010000100101100111110100111000001
0010110010011110011100101110101110001111
1001010100101010011010000011111110001110
0000101010001101010011110100001000110011
1101111001000000000100010110010001001110
0011100100101001111011010011101000100100
0001101001000011001110100101101011001111
0101010010101101000101110110001101111000
0010000100110101010000110101010011111101
0000110100011101110010001010111011011100
1110111011010111000011010101001111001011
0000111101110011011011010000010001110110
0000110100001111101000000001111100001010
0010011110000010001001011111101011011010
0111011001000000000110111000111110000111
0101000011010101101010001000110001000010
1011111010001110010010100000000011101010
0001110011100010101000100101000100010110
0111100101000101010010011110010010000100
1011111011001011101110001001100000010110
1100101000000101001110111110000110100001
0000110101100000101011111000111010010000
0010011010000001001001001000010000111010
0000001111110000111101111010010010000110
1011001011101111100111111111100001111100
0011110110010000100110010111001100011011
0100111101011101000111111110110010110110
0101001110001010110100001000100111100000
1101110000101011001100001111011010100000
0101000111010101001000001000110100001110
1000100110000001110111100000101101100101
1010000101100101001100100001010110010101
0110000000100010110010000010101010011101
0011010010110010101101101000000100110100
0001011011111001100111101101111111000000
0010000011010111110010001010111101111101
0001100100001001110111011101111100101100
0001111000010111001001001000100001000111
0100101100111111001101111110010101110110
1100100101001000010011010010010101111111
0110001010000011111010000000111101001100
1100010000010110010010001011010010110101
0011101000000111011001000100111100000110
0010000110111111001011000000111000000101
1001100010000000101100011000101010001101
0100100011100110100110001000010011111101
1111110000110001000000110100000000111001
1100010110110001111010110111101000000011
1011100011000111100001010010100000001100
0010100100100100001000000110100001111100
0001011100111101110011111000101111111010
0110011001010101011010000011100001111110
0111010100111011100100110111101000101010
1101011111000010000000010101000111100001
0100010010101001001110101001110110010011
1001000010101101100001111010110011110101
0110000111010101110010000111000111000010
0000010001011000110111010011011000111111
0010011110111100101101110011101001100100
1011101110001011001111001101101010101011
0110101100001001111011011111110001001001
1101100011001000000011111001110110101100
1001111000001001100001111101011010000000
1000111101011110000100000101101000101111
0011001100101000110010000010100111101011
0001000011001101001010011001101000011001
0110100000010101011111010111001111001100
0100101110100011001100100111100011010000
1001010111001000011100110000000110100111
0010011000010010010111111001011110010001
1111100110100100100100110101100000010111
1110110001000101010011010100011010110001
0001001000111100000100100111010110111010
1010000100000011001000111000011100101011
0001110011100001101100011110111110001100
0111100111010001111110101111111110100010
0100110010010111100000101001111111001011
0101011001100101110101001000110010001010
1011110011001011110111001001000000111110
1010001110011101000001000101001111110111
1100110010110001001110011000111100010011
0111111110100001101010101010111100110100
0000111011011011000111111110001001101001
0100010000100011001110101100001010011011
1001101100100100101011001000110000001100
1011111011111111000101001101000101010101
1111101010010100000111100001001100010001
0011111101101000001111111000101110100101
0000000101011000001100110110010010111110
0001100110011111111110000011010000101001
0011110010110001101101110111110000100110
0010011000110010001101010001101010000101
1001001101111001011100010000101100100010
1000100101000100111101000011111000101110
1000001111010000110001110000010000001100
1011000100101110101011010110101010101011
0000000101101010010101111011001111101100
1110010001010100011111100100100100111100
1101101110111010101101001111101011110011
0001010111101010000001000000000010011011
0100100011101011101111011000100000111001
0001101010000111110011100010011110000101
1110001100000111011110000011111010111001
0100011111000101101010101001000101101111
1001000011001100101101101000110100100100
0101101000100110011111111111111111110011
0001110000100000010101100011101010011100
0001100100100010110100001110011001001001
0011000001101111011000100001101110000010
1001011110111110100110011010110000111111
0101111110001011011000101000100000001101
1111000011011101110011011000010001001110
0000001011100010110111111111010101100101
1011000000011000010010111010011111111010
0100101001111001010111100010001111001101
0100101110101011111111111100000000011010
0110001001111011010111110010111010100100
1111110000011000000111110110010110010100
1011101010101011011111111011000000000111
1001101100101111101100111111000010001000
1101101000000110011000100111111011110110
0001101101000011000010000011000100111100
0010110000101111100010001111010111111001
1110011110111110001001011011111011100011
0111000011101101010100101000110010000100
0101011100010000111011001010100000011101
0110111000110100001110111010101101111010
1111010110101111011000110011011100010111
1110110011101010101100101111011001010001
0011101110000110111000001100101100110000
0000111111000110011010110011100111011110
1111000111111111111101101000101011100001
1101010001110110011100011010001110111111
0101000110011111101001010100001011010001
1101000010111010000101001100010000001110
1010010010001101101010110000100110111110
0001111000111011000110000010001010100111
1000110011011100010110001010110100010010
0011101011101100111010101001101100000101
0101000011101010010001000011011001110001
0000100011010000101011000111101001001101
1001101001001111011011001011101100011111
1010010111101001111111011001101110111001
0110111001010010110111010101110010010100
1000101100100001110010011110110110111101
1010101001110010001000001001101110111011
0010011100101110000101000000000011101011
1000011100101000000111011111100010010111
1000110101111010001110100010001101110010
1011010101100010111001101110101111100011
1101001100111001111100011000011011000101
0110010001011101010001110001111111011110
1101011110101001000111100111011111011010
0100010100100100010100100001100001011111
0110101000010000010111010111011101111111
0001011111100110101110000111100000101101
1100010001010101100000110001101110010001
1110000011001110011010100000101001111011
0111011001010010011001010111100101100011
1001011011010110001100101010010110011010
1111001011010011111011110000100100000111
0110111110101111010001101110101111100101
0010000111011010111001001001110011110110
1010010011111110100011011101101111110010
1000011110101111000100100001010000101101
1110011100110111000100010011001100110110
1110001011010011101101010011010101111010
0011110100011111101010001000011011101001
1111100101111010000100111000010001111010
1001010001000101000011101111111111100011
0111011101101110001011000011101101000101
0111101100010100010001000010000001101001
1011110011110001010000011011001110001011
0110100010001011011101111100101110110100
1110000100001110101100100010010010001100
1001100011101111000101011111010110111000
1101100001011010011011001010011101001101
0010110001011100110100101001001010010000
1011011100100001110111101100100110010011
0111010101101101000101111110100000111110
1001001010100010100101000101000010111100
0110110110001001001101101010101100110001
1110110001011001010011010101100000010100
1110001011111011110001010111111100010001
0110000000011001111101111010100111101000
0010110110011000010011011011011101000111
0110111000010010111011001101010010001001
0100111100111010111011101101001001110111
0010101111101001011100010000101100110011
0100110110001110010101001001101101001000
1111001100101100000111010000001010011000
1011000100001010111000111000101100111100
0101100101011011100110111111111011100010
1010110111100000100000101101110000000101
0010011110010010011101100111001001101111
0111000110001110010111100101010010011000
0101000111001011111100010000010100100101
0101100010001000111011100001100011000000
1000101001010010000100111010010111111011
1111110001101011101010001000000000101100
1101001101110110010001100010011100010001
0010111110110001001000011000011001011110
0101001000100110011000111110100111111100
1011011000010110101101111010100000011000
1101110000110010110111100011000011011000
0100100011101110101110001110111101000100
1101111001000110000011100011101011001010
1100001000000011011000000011101101110101
0101101101100011111111110010101111101010
1100100101000001001101000001111100111100
1010110101001011010011111011001100101011
1101101000011101011011101011110100101010
1100110111100111011111011101111100010110
1111111101000000111101001110101110110110
0100100010000101110001001110010001101101
1010010111010000000000100100100000010101
1010000000111100011000010111110001110000
0011000111100101101101110001110000010101
1110000000100100011111011001111011110101
1100101011011010001000000111011111111111
1011001001010100001100110100011000010011
1010111101011111110100100010000100100111
0010111111010000110011101011111000001011
0000000000010100010111001100110000011000
0101111001111011011010001101101001011111
1010100110110010110101000010000100110111
0101001000101101000000010000000010011101
0010101001111010110001000101011010011100
0010101110110010000011100111010011000010
1010100000100100001011110100100000100010
0100010001100001101100110100011111001100
0101100101011110101110100101011100011001
0110011110100010001100011000111111110000
1011111000111111111101100011101010001110
1010010110111010010001111110011111110000
0100101001000111100101011011100100000100
0100111001100011110110100111101001110010
1101101100111110001100011000100010110100
1111101111111001000100100000010101000010
1010100111001000100000100111110000000001
0110110011111011000010100111011110010001
1110001110101001011010011101011000000111
1000101000011010110010001100001101110011
1010110000000100111010111100110111010000
1111010010111111001111000000110001111111
1001100010011000101011011111011011001110
0101100000111111011101100101100001001101
0111011011111110011100111010011000000111
1011100110100111101101111100101010101001
0110100101110011001001010101111100110010
1101011110011011011110011101000000010010
1001100011010010011110001100100100001110
1111101010000111011000111011001000101110
1111001010100001101001100111100110101111
0011001000110111101001101100000111110100
1000001000010100011000100101111100000111
1001001101110100100111011110000101100010
1111010001011110100010000111100100011111
0011001100011110001100110111000111111100
0111011011101001110100100011101100001100
1110010010100000011011001110011111111000
0110101110001101110101001001110011110011
1001111101010111111000001110111010001011
1100110001111100000010110011001101010110
1101110000111101101111110000001101011110
0100010110001111110000101100000010000011
1101101100001100000000000110010000100101
0111001001100010010011000011111001000011
1110000011011101001100101000010010001111
0100100010100000000101000110111010111000
1100001001011011011000101111110100101111
0101100110010100101010001101101101100110
1100100001011001001010111100111110110101
0011000110001111110111000110001011101000
1110000101001001110100111000100010011100
0011011000111111011110011100000101000000
0010100100100100101110001000110000110110
1110000001111000001110111000110101010010
0011110111010111010111011001100011001011
1010100000100110110001100111000010111110
1011100110001110100010000101101111010000
0101000111111111001000100111010001000111
1011011110111110000011101100110101011001
1101011001111101100000000101100001011100
1111101010101111001011000000100110111010
0010101000101100101010110001100101110110
0000011110011011011000111010110011111000
0011101001000100011101111000110011101000
1101001101011110001001101101001001011100
0100101001101101100001100100010100110001
0010100110101001000010110010001100000110
1001110101000011100011100110101101010101
1100001011000000111101101110101011000101
0111110101111101010100001001011001000100
1101101101101101111001010011011011111011
1101100111110111100011001000011011111000
0000000001010100110110010101000101100010
0011110111101111101100000001000100100000
1001110110001100101001001010100100011101
0010110110110100000100101110100111101101
1100110111001000010011111010011100100011
1000000001100010110101001000100101001001
0111000000010110011000000110011110010110
1000100100111001101000101001101100111011
0000100011101101000100010100001101010000
1000110110010000011000011100101011011011
0000000001001011010101101101001010001110
0011111010101001111111110101100111101000
1000000011000000011011101111110110011000
0101001101001111001110001111110010011010
0011000001111110000000011100100010011000
0000001100101101101010110110100001110000
1011001100001111100001001000001111110000
1110010100000011110000000100100001000110
0001000010001110110100100011010111111010
0100001101101011011000001010111100101111
0011111101111010000011111010110100001101
0111110010100000010001010001111101011001
0101001100010011111110000000111100010010
0101101011011110110111101011010110011001
0001000111111011011001100110101000111101
1000011010110101101101000001101100000001
0101110110101111100001010010010000110010
0101000001111001011011001001010111101100
1110111001110010101110110001100101111111
1010010100101101000101101101101101100111
1100000010110001101010100101011111100100
0101010000110100001001010100111001000100
0001101110011010101110000010100000101011
1110100000010011100000000001011010110110
1000100010100011010100000000011111001010
1101001011011011001010101011010100001111
1011101101001001101000000011101111010011
0101001100111000011100001011010100011111
1111101110001000110110001001101010110110
1110010001001110001101001010100011000100
1110110111111000111000000011011111010101
1101101100111010010011100010101100110011
1010110101011011101011100001011011111110
0000000101000101110100010101001001110101
1110001101001110111000000000010011101010
1111011111010101010100001011100000011000
1000111111101111000011001011111101011001
0110100001000001010110100000011001111111
0000100100011010000011111001100011111011
0101100111110001110101110110000000100000
1111000101001110101101110011101010100011
1111000110110000000111000110111111100110
0001110000000001101000001110111100001011
0010100010000001011111100000001011101100
1111011011111101010010110101000100111010
1011011011100111100101101010101100100111
1010000010100000110010111100111000011010
1101110010100000001110111111010001110110
1100110011110001011100000011101001010111
0000010100110101100100000000101101000000
1110110101101101011001000101000100010111
1011110101011010111010000101011000101010
0000001001100010111011010110010100101100
0111110000111101001101111011001101111111
1001001111011110101101010100010001011110
1100101110010000101101010110100000000110
0000100010100100000000010110111001011111
1110111001110110110010100110101010100111
0101011010000100011010110010100001010111
0010001111101100101110100101001011010011
0011100111111001110000111111101100111111
0010100101100111011101001101001100100101
0010110001110101100101011010110011010101
1000111100001100011010101101110010101001
0101011100001111100100111000110011110000
1101111010100111000100011111010011110010
1010011110011000100100000011110001111101
1100011110000110001100000000001000000110
0110010100001000110101100011000010111010
1001111011010111100000101110011110101001
1001111100101011111101011100101100111011
0001011000000100001110001001111111010011
1011001101110001100000011010111001100111
1100000101110000001101101001000001000110
1000100100101001111100001010110001010001
1100011101001100001101101011100010101101
0111000001111111001110111011100001100000
0101100011000011000001011111101000110101
1110100100011010100111100001101000110100
0101011110101111101001011010011111100001
0101111010010101000100010010100110011100
1111101000110001110001111000110001111010
0000010011111111011110001011100111101011
1100001110001101010101010100100001101001
1100110110010000010001011000111100011100
1001011111011001111010000101111011010001
0101001110010000101111101111110110111110
1000010011101100110001001101000011110000
0001101000000011001101011011000100000011
0010001110100010011101101101011010101110
0101001100111001001100111101111100000101
0100101000010110100010011101111100111001
1011110101110011000110011011010111110010
0110000110101000001101111110100010011001
1101111100001111101110001110100110000101
1110001000001100011101111011100110001110
0000010100101101110010011010001110001111
1010110001001001010000100011111000001001
0110010101111000100111011111110110101101
0100000011110011101100001101000110000011
0100000111010010010010101100100010000101
1111010101110001010111011010110100100110
0101011011010101000110011001101001111011
0010100011100001110011000100100100111001
0001000011101101110011101100110010011111
0100101110110100010110110001010000101111
0001000100010101101011000100000011001101
0111001011111111010001110000110100001011
0010010100010100110011100111101100100100
1001011101101000011010001010100010101001
1001011000011010000101010100100101110110
1100010110000101110111101110111110011111
1110111010100100010110001111101101100110
1100101110110000111010100100000111100010
1100010010000111000111111000111100011101
0111111100110010110100010000000000011100
1110001001100011000001010011110001001010
1111010110101100010010000001101010011001
0001011011111100010100011010111011101100
0011010001001100110001000101010001010100
1001100100010100001000010001100000110101
1100010010111010111110110101010010011111
1000100100110100110100011011001110000010
0000010101111000111101110100101100100000
1000011101011110110110010001010101011000
1001100100111110011111110111011110111101
0010111100010010011110100110110000100111
0110110000101100111001111000011100101100
0010110101000100101001100111011010001010
1000010000000101110100001101101101111001
0111110111001101010101011100010111010101
0000011111111110100000011011000100110010
1010101000110101101001110011010000000000
1100110111111001001001111100001000010001
0111010110111111000101100001110010100010
0000110110001100011011011011111010101111
1001110001100000000011110101100111011100
0010111111111101010011101110100000010000
1010001101000000111010001010011010111100
0110001011101101101000101010010001001000
0101111110100001010000000111100100110010
1010100110010001000000101110110000100010
1010100001111111100110111101011101111111
0010111100100011110010101000000110000101
0010111101110001001100001010100010000001
1101010001111110101000111001100110100001
1011001001101100111000101011111011000101
1010111110001111101001011011110110011001
0011010010110100110010011010000111101001
1100100001010000101101111101010010000100
1100100011011100011010111010010011111101
1011100000001110100011101010011001110101
0011110111010011010010010010110110111101
0100011101000110111101000000100010001010
1101110110011000001111101000110101101010
0111111010111010110000001011000101110110
0011010011000111011000010110100011111101
0011111000001111010010101111110101010110
0001000110000100000100111011010100011010
1000011110010000010001111001000100101100
0111011000001000110010010001101011100101
0000101111101101000111010101011111111111
0011000010110001010100111001101100010110
1110110001100011101101011011000110101001
1111011110110011100110010001100001101010
1011101011010110111000010010011100000100
1001000001110101101111100000110111011111
1000010011110111010001111001011010011100
0100101011001000010011110010100000011010
1101100001010111101110011110001001100110
1100010001100001111010100010110000100111
1100100101001010111001010101000001011111
0010110010100000110110110110110111110001
0010011101111000100011000011001011100000
0010101010111001101110111110101010001100
1011001111110000001010000110100001101010
1010010001100111100111011111000000101011
1001110111101010000101011100010001000010
1101000111110010001011110011000110000000
1101011110111011000011110001000100000111
1000100000110000101100000110110010100111
1101011101101110100001010000000000011001
0010111110111010011011010110110110000000
0101111101010011010101000001001100101000
0101000010011110001001100010101101011000
1011010001010001000111111011011001011101
1111111111100000010111011101011011111111
0001010101011001011111111000101111010001
0111100101100001110001110000011111111111
0110010101001001010011011101101110001100
1010100001111001101001101101001001001100
1011000110001000011111100001110001100010
0100011111000101110101110011000101010001
0100011110011011011111111001011100101001
0011011000000001100001001100101001000111
1100011011011100001100010111100100010000
0011000110110100110111100000100010111011
0111111111001100111101111000100001010100
0101110011001011101110000011111111001010
0001100111011100110100010010001100110011
0111101101110010000110101000011111011110
1000100111110000101011101010111001110000
1010011011011101011111000101001011010100
0100110010111111000011011010000000010100
0010110000010001101100101100110010000001
0011000010010101110011010111001110000001
1001000001111100111011100010000111010100
1010100100110101110010011111111101001011
0100011110001110010110011111110100001110
0101110101000101011000101000101100111001
0111100110010001111000000010011100110110
0100110101000111100101010100110111010001
1000011011001100101101101000000100000000
0011110101010010001110001010100011000000
0110000100110101110110010100001101010010
0010100111110100000011101011110101001100
1000011001010110100000111001111011111110
1000110111001011100111001001010101000110
1100011000000111101111110011000110001110
1111000010101011111000001110010011010101
1110011000000010101111100001001100001110
1111110111100111110010001010110100011101
1001001010000100101001101001101011000000
1011100001000010110010001110000001001110
0010010100001111010001111011100000011100
1011101001011000011110001110101010001011
0101001001000001011001001011111110101110
1101010010010010111111011000011010000101
1001111110011001000001101010000101000011
0001111001011111110110001011001011011100
0111100100010100110111111001001111110110
0101011100001010100100011100011111000001
0101000000100010111011010010111010010011
1111011111001101110110110101011110001001
1001011011001101011010101100001011010000
0010010111011110101110111001011101100100
0010100111110111111001000111100111100001
0000110000011101010000100000000010000100
1111100001100111101110010111000011011110
0010000011001100100100100110110100101011
0011000111110001101010001000010001001000
0010000000000110010101111101100011101000
1011101011100010111110010110101000001001
0011000101100110000110011011111010000100
0110110010111100011101111101010101001010
1101010100010010011110001011111011110110
1100001100000010110011000111101100010001
1100001001100111111010010001111010011010
1000110111010101101011000110100101000100
1101001011010000000000000100011000110001
0111111010010010100011000111010011000001
1101110010011010110101001110000101100010
1010000011010001010101011000110000110010
1000011000110101001111000101101001011101
0110100000000011110100100000101101111101
0100001011100111101011101000001010111100
1111000111111011010111010000011011001100
0100000111100100100010000011101101001001
0011011000110110100010011111100111010001
0001110101010010100111010010111001110001
0010101100111000101011110010101010010100
0111100111111011001101001100100111101000
1011000100101010110101011111101100111010
1001101110001111000110010110110111010100
0001110111110111001111010111010111111011
0100110101000011100111010000110011011110
0111111100111001111110000100100010001010
1011000001111100000000110011011101101101
0111011100111011010010000010000110010011
0101100100110001001111010101101000010110
1110000110000101111000111101100001110010
1000000010001100001110000100010010101001
1000011111110010111110011010100000010001
1111011101101000100011110010011001110100
1111010100110000010001111010110010110100
1011100111111111011001110110000101100111
0010110000111101000110011101110011000000
1101011011101010011011011000101000000111
1011000100101111101010110110100100101110
1110100100001001011100001011010111100111
0011110000001111001010000101101010010000
1011011101001101000111100001111010001001
0101001001000010001101100010000011000011
1010110000101111111010001010010010101101
0010010001010101111111001100010011011110
0111100101010101100101010100111101101010
0100111000011110011110100000100110101111
0011100101011111000101110001100000011100
0001000100000010000101001011000111100001
0100000100110111000000111110001001111100
1110000001011000110011111111010001010000
0100101010101001100100111011110111101011
0011010011000001110001111110110001100001
0101010101011010110111011010000111100101
1110010001100001100000001110000110000001
1111001011101101111101000001100010000101
0001101100000101111100000101100101001100
1000000011001111110111110000000001000001
1011010011010011011100100011011100100010
1100001011001101001100000100110100100110
1011101001000110000010101111101010101000
1111011101011001010000101010100010101001
1100101001010110000101001001111001011011
0000011110000111000001010100101010000101
0100010001000001011011111011001001001000
0110010110101111101001000011110111110000
0011101001110110001111000000111001110001
1101110011011001000100110111100110001100
1000001001000000001110101000010100111111
0101100101001110111100011001010010010111
0010010011001110101100110111011010000001
0001110000100001110000000111100110001001
1010111010011100001001101111011010111000
1000001111010001101100000100000101101100
0101111101101101111101001001101000000001
0010001001011101011001011111100100000101
1101000011000010001011110010111001011001
0100101000100100011010000100110010000111
0110110110011011001010100111100101001101
1011001110100100101101011101010001000010
1011001111011100111011111001011111100001
0110001010010101100011101001101100101000
1010011111011100001100111001010000101001
1000100011011010100110110111000110001100
0001110011010011000100100111100010011010
0010001111000000001111000111101001111101
1110101111111011000100100001110001110011
0111011110101111010110110100111001100111
0110111001110001011101111111110010110110
1000110110111011000110001010001101000111
1101110111000100110111010010010111011110
0100101011111011111100111011011001010011
1110011100000111100101001001100110110011
0111111010000110101101101011010110110111
1101001010100111010101100111100101111101
1001011100000000100000110100010111000100
1000010000111001110110000100111011000110
1010001100011100101101011100101110000111
0001001101101001110001001101101101010011
1000111101001101100011011111111011000110
1111110010000100000001000100101110001010
1100111110001000100101101100101010010101
1000010110011010111010001100110101001011
0011011100111111011111100111010110111111
0000111101100010001001101101000101000111
1000000110100101110101100100111100101010
1101100000110001111111010001101100011000
1100100001110000011111100011010011000001
0100110110000011111100101110110101100011
1100000000111011100001001111001111001110
1111000011001110011100110001110000110100
0011100101100001100101111101101111101110
1100010100100011000100110111001110001001
1101010001010101110010011011000101011011
1011001101100101101001110000011000010000
0001000110110000011001000110100010101101
0010011000001100000011110101010101111110
1010111011110110111100111100111101110100
0011001001110000000000101100000110010011
0000011101110000001001100011111100000010
1000010100101110101111101010100001100110
1110010101110000101011100110110011001101
1011101100100110110110110010100001011001
1111111010010110101011001000011001011101
0111101101100101110011100001110101101100
1001101100000101111010001011101100010001
1100001110110001110000101001010101101100
0110110101011011001000101001101110110010
1011100001111001111010111011101001010100
0111011100100010100001100111100000000111
0110101101010001010011001101111110101111
0010101100100001010110110000100111111001
0000001111100000111100111010110100110111
1010110101001010100011001001001011000001
1111110001101001010111000101111100011010
1101001111101000101010110001011111011011
0000010010111100000110010110010110101111
1000011000100001100010110101011011111011
0000010001100100100000010010001010100001
1010000010011010011101010100000100110000
0001000000011000001111011100001001110000
1000010111010010010010000101111000000111
1000011111111011101101011000111011101010
1100000011011101010010001010010100101010
1101000000100110010010101101101101010111
1101110001011000000110010101110000100101
1010101101111101101011000111101011101101
0111110111011001101101110011010000110001
1001101111101101001011101011011111001011
1110000100111100110101101110110011011001
1010011011111010111000001101100001010100
0010000101010011011001110100101001000111
0010010110111011110000000110100110100011
0110100110011110000011100111011000101111
0011011001000110000000100010111110111011
1001101010001111001100000001101101110000
0000101100111000100011110000001011001001
0101100011100111000110000110010000110010
0001001010001111011111111100001100111110
1111100001001101101000100001101111010100
0100101011111011110101101101101111110010
0010100001111110111001001010110000000010
0111101100111001100101011101101100100010
0100000011110110110100101110000101100111
0000010100100100100000101000010111001110
1010111000110001011101101100011001010111
0010010111110010011100101001110001100101
1010111101000110101000111110011000001111
1111111010000110001010000110000001010110
0011011010101011011011001011001000010101
0110101110101001110110110001111011110110
1110001110011111100010001101100011111110
0100000111100010011010110000000110011100
0110001000010001101100111000110101001101
0101000101101000011011110111000010110111
0011010000011001011011011100011111000101
0011000000011110001100011001011000101111
0101111001100011101111110111011101011001
1110101001010010000100101110001101100010
1000000011011110001000000101110111101100
0011001010001000111001000110110111000111
0001010101100111010010100010000110100011
0110101111010011100110011000001110111001
1010100010001101011000101011110100111111
1011000101110010011100001011011100101111
0111011001011000110001011001100110011111
0000011110010111100111001001001010110110
0101100111010100010110010010000001101101
1110001110000110101101011111010001101000
1000010110110101111111100000110111000010
0000111001001001010101101001011001100111
0011110101110100000010110000101010000100
0101101001110010000101000111110111111010
1010111000111011100011100010101110101100
1110000101011101110111111110000011011101
1100010010101110011111100010110101100001
0010100101000111011001001010100100101010
0111011100110100000010001100001111100101
0111010011101011001000101010001101111100
0011111100110111111001011010110101001000
1101110101010000100010001111011010101001
0110000111010101010011101100011000101101
0001010011110000101100001100010000001110
1001000101111011111111000111100010110010
1000101111111100111111100110101101010001
1110011001010010110110111111001000000001
0000111100110010001010011010010000000011
1011001101001100000101010101111101000100
0111001010101001100011010010001111110100
1111101100010101110010011001011110011100
1100001100100010000001000100111011100110
0100111000111101111110110001010101001011
1000101101011011110111010011010101110111
0100101011010011110110111100011010110010
1011111010101100000000000100010001100100
1100101110011010011011100000001100101111
0111111011100111101100011100011110001100
0000010000010100011001110100011001111110
1010000010001111011101111111111111100010
0101011011110101101110111011111011011110
1011101001010000010111001110100101010100
0101011111101011100001111111010001011011
1001111100100000111100111110011100011110
0111010010111111101110100110010101100011
1010000111010101110100100110011000000101
0100110100011100101100100101001111110010
0110001010011011000110101100100110111100
1111101110000100111111010010011000110100
0110011111011011010110010111001110110010
0000111110010111011010011010011010111100
1111101111110001111011101101011010011111
1111011000101110001110010011100001010111
1110000001101001111111010111111101111000
0100101001100111100100111010111010110011
0011111110110110010111110111100000010110
0111001001110000010001001100001101001000
1001010101110110010101000011111101101111
1100001100010010101100010011111001001011
0101101001110110100100011000011011110110
1111110011110110001010111111100000100101
1011001000000100100111010001110101101011
0010100010100010101011010111001011101001
1010110110011011100000111010010100010101
0010111001011001100110011011010110100111
0110011000001110011111100101100000111100
0110011100111110111011110111000110100000
1111010101010101011100100010010100100100
1111000001010101101010010101100011000001
1111101101010101101011110001000011000111
1110100011010111000111001111111110011010
0001110011010111100011000100010011100110
0111010101110111000111010101111110011010
0101000110010101010110011100001111101011
0111100100000100111100100001110011001111
1000000001100101011000101110111101011111
0110010000101100001110001011111011010001
1010010010010010000001101011001000001000
1101010110001111111011010101000110011001
1111001111000000111101101110111011101110
0101100110100111101110111000000010001011
1000100111010011100001000101011001001001
1101011110001110101101001101111101111001
1000101010101111101001010101110111111100
0111010001011011001101001100010000000010
1110011000110011100011011010000001101000
0111010111010101011011110111100000111101
1001010100111011010110000010100101011011
1011001001100010000000100110111010010100
1010011111001101110100000001100101101000
0110011100101101011001101000001111100001
1010000000111110010110101111011001011111
0101110101001000100000000101110011001011
0100100011111011111010001001010000010010
1000100100101100001100111001000111010000
0000100100101111001010110110100010000000
1110000100010011110100001011010111110000
0110100110000011111010100100011100111001
0101100001000101001101101000101010111010
1001010010010001111011110100010011000010
0010110000111111011000101111001100000011
0001111100111111111110110000111001000110
1101010000110110111110101000010011011011
0111110010010110011001010010010100111100
0000001001100110111100100001101110011111
1011101010000110001101111000010111010101
1000000100011110010011110000010110010110
0101001000101000011011011000010100100100
0100001011001011001011101001111101101110
0001010001011111010010110111111011101101
0010010011000100000010101000001111000000
0010100000010001000101101111010101001011
1000110100001110001000011101001100111110
0010001001000111111000110010100101100110
0101100110011001001100001100110010101010
0000010100100011100000110011011000000111
0101011111101100000101111010111011010101
1111001101111001101100111001100101000010
0001111001100110000010000111000111100111
0110011011110101110000111110111101101111
0010111111001111110110010100010001101001
1101101010100001110001011110010000000100
1010010000100010001011000011010111001101
1001011110100110001101010110101000000000
1000110010100111100000001101000110001110
1111011010100010111001010110101010110111
0000010101010110101000000010010000100111
1010100010100110010110011110110011101100
0110110011011011101001111011010010000001
0001010110110100101011100000000000010011
0110110101111100001011000001110110010000
0100111110011000101010100110111111100110
0010111001011001010000111010000110010000
1111100001001011111101010101100011000001
1110000011011001100110100000010100010011
1000111010110100011001010000010000110101
0000100111011000111011110000000110010000
1010101010101110000100111101101011101110
0011101111101000001101010100101111100010
0001001110100010110100110100100101101010
1100010011100010100001111111011011100011
0101110000010111001011000100010000101100
1100101101100001011010100111100000011100
1011110110110010001011101101001011001110
0011110110000111001000010010000000110001
1110001110110101101010110011110101101010
0110011110111001100000011000110110101011
1111011110110101111011010001010101001101
1010000100110111001011100000100101111111
0001001000001100100000010111101100111101
1001000110101100011101010000011101000110
1101000000010110111000110100001110101000
0110110110011001111000100000001000010001
0000011010110100110110111001001111000100
0100011100111100011110011101111111111010
1010010100111011110001100011000100100010
1010001010110010101010010111101101000100
0101011000000110110000101011001111100000
0110011110101111100000111000011111000000
1001111111000100001111110101011111011001
0001010011010001100100010101001111000011
0001111000100011011011011111001110011101
0100100000100111010100010000110110110101
1111110011101100000001000001010101101101
1110011011100110100011101011111001101011
0100101101111101000110100100111000111011
1010001000010111001110100111001010111000
1000111110101101100110000001101010101110
1101010100000010101000000011111010100101
0001000110101110101111101101000001010101
0001111011110100001101001011110011011010
1000101001011111101011100000001101011101
0001000110011010000100111010101111111001
1000101110000110010000100010100000110000
1110111001001101100010010000100001000101
0100101110001011010000010111100010110101
1000010101100000000010011011110111000010
0000011000001101001101010100011010001001
0101001001010010010100000001101011011110
1000100000101110111001001101010110101110
1111110000110111011000110011110111100100
0111100100001000111011011010111001110000
0001000110001011011011011111000011000000
1101010111001101110000010001111001010111
1100110100011011101100110110000100111111
0110010100001011110010001011000001001000
0100101101101100000100011111001010101010
0100000100001110110101101101000011001010
0000010000101101110110001010010010101101
1010111110111011100011011011110110101011
1001101101011100011001111110101100111111
0010111000101000001110111111010111101000
0100001101110101101000111110110110000111
0000001001110001100100011110010001011100
0100010011110101101011100101111100100101
0010011100110111001111111101000011011010
0111100001100100101001001110010001101100
1111111001111010100110000001011011000011
0010100100000001011111111100000000010010
0111010101100100100111111110001011111001
1001100101000001111000001101101000001101
0001111111011000110011111101100100010001
1000010100001001100110000011111100101100
1111100100111000111101011111111111111000
0110100110011110011110001101100111101111
1010010110000110101001001000011011100010
0100110011100100001100001110110100000001
0011011011010000011110100111001101000110
0110101010010110001110101101010111100001
1001110000101110111101101110001001010100
0100100001111000000110000000111111111110
0000111000001101110101000100001001100011
1110001011110011111100110100000101110000
1111111101001111100110111011111000100100
0100010110111010111100101100000010001100
