40 1023
0101111000100010111100011110111101110101
0000010011110001011001111110110110010110
1110100000110001101000110100001110101100
0011010010000001111010111000000010011111
0001011010011111100100001101101111101010
0111010001111111011011010001001110000011
1001011111011001010011001101101001111001
0100110110010001100011101001111100011001
0101110000100101100010101110110000111111
0111111101101100001001001110011011111000
1011011110011111101101100001110010011110
1001110001111010011100100001100110000000
1110110011010101110100110100110111101101
1100111011000011000000101001110010101101
0110110011100111000101101111111001110010
1111011000100101011110111001000001000101
0100110111000101101000011110001100110100
0011100001001010100000000110010010111110
1101100101001100011111100010111110100001
0100100101010111111110001011011100111011
0010110001100000110100010011101011000001
1010010000000011110111110000000000100110
0001010101011001111011010000100110001111
1001010010101000010100110101001000100110
1010100100000111010101110001100110010011
0111001111011011111100110110010110010111
0011001001000000101111111010111001110011
0011100101100111101010100110111101000110
0001110000000101111011000010001001000011
0100100001110010110100000111010100001001
1110101100100101101011101010110011100111
0010111101111000001000111000010111110011
0001000101110010111001011111011010001100
0111001101111011001000000100001010110100
0000111101001111010111011101000011110100
0101000011101010100110101101001010010011
0000010110100011110101111000111100010101
0100010010100011101110111100111100001111
1100001001001110010101011000100100101010
0011010010110101111011000011111100001110
1000010100101011111101001100100000000100
1110101001001011000010000111111001100010
0101001110011001101101111011110010100000
1011010000111001100111000000000011010100
1100000001111110010101011011101101001110
1011001101111101110111011100111010101110
1000111111101011111100110110001111110001
0001011001000110011010110110101100110111
1111101000010000101001001110000110011101
1110011000110011011110111111111100001101
0010000000001111010011000100011011001011
1010101110001001000001111011000110100001
0000111100001000111100110100001010001011
1111000101001101110110001001101101001110
1110010010010000100100100010101010000001
0001010011011101000011000000100101011100
0000110101100110010010011101000100110011
1011011111110000011011001110100100011010
1111110001100001010011100010110111000010
0111010001111011001101100101110011000101
0110100001111111001101110000101011000011
1110011000010011011001100111110100101101
0010110110111100011111010000010110011010
0110010111010010101001000001100000000110
1110100010111100110110011010011000011100
0010001001101111100001010100111011101111
0001110111111001011000110001010100011000
1001110011100111011001010010111000100011
1011011101001100101000011100010001010111
1101110010001011101101001110001101001000
0110110111001001100100111101110110100100
0000011001001011100100101110000001011010
1110110110000000011001010000000110101101
0011111001111101111011101100111110010110
1001001111110101000011110011100000011011
1101101010101010011001001000111100000010
0111101110001001010100101010100011110010
1111111011000000011100010010010011110101
0111110100000010110110111110111011011111
1111100111011100001000110100010000110000
1101011000001001111111001010011111001100
0001100110110111101101110001000010011111
1100011100111010100111111000001111001110
0011110010100101000011110110110011000101
0001001011101110111010011111001111011101
1000010101000000100011000101111100001110
1011001000000100101111101111011011110110
1111111001101100011111101000011011001000
1110011110111101001011010111010000000110
1010110101000001111101010111100101100100
1101100011010111001000011000111011001110
0100111101101100001001111101000101110110
1101001001011111111100110000101000010000
1010110011100001001010110010011110111010
1100101000000111111110000101101110001101
0101011000010100110111110101110101001101
1000100111010010000110011110011101110010
0010001011011100110110101001000000000101
0100010111100110101111100011001001001001
1110011110101100010110111110001100101010
0010001101100000101110100000011001111101
1111010111101110010010010100111001010011
0100001100011011110111010111111101110110
0001101111000001001100110100001111011101
0010000011110110110101100011101111100101
1101011000001111010011010110110000100000
1111111000011001011000111111111100100110
1101010100010100010001100011010110101000
0011111100100001100111100010100000000111
0110111001100111000110011100001001010000
0111011011010000110101111011000001101011
0111110010101101011001110111101000011000
0110100101111100110100011101110100110111
0100000110010101111011000111111110111011
1110000010100111010101110100010100011001
0111001110001000110110011010001111000001
1101100000010001010011011001100010000110
1100010011000001010110010011110011100011
0100111000001000110101010001001000010101
0000100001101010000000110110010110001111
1111111001101010010000100101000111110000
0110111110001101100101001011000101000110
0100100010000100000000000001000010100001
1110100101010001101111111100101010111001
0001011010001110010100101100111111101110
0000110000011000101110101010111110111001
0010011110111010011111100101001111010001
0010001111100001101100110001000110100000
1111110111011101001101100011000001100111
0101011101010010101000011111001001010000
1011100000111000000101111000011000011001
0111001011011100101001000011100011110101
0010110010011100100100101010101100101100
0001101000000011110000010000001110011000
1101011110110111111010110110100011101010
0100100101001111111001111000000010000100
1000011001110100101111111110101101110101
0101001010100011001010110101010111111010
0011101100111110000111101110010100010110
1001001100011111111110011010011011110011
1000110000100001001100010000110111111001
1100101011111001010000010011111101110010
1100000101100101110001001000100110111100
1011011101111001101010100100111111110111
1000001011100011110111010101010111000001
1111011000101110001111000110101001101111
0100100001100100111011101010111100000010
1101111001010010110110101100101010111010
0010100101100101010101101011011100001011
0011011011000101101110111110000000111001
0101011010110100110011010101001000110101
1001101001010000001110110011010011100100
1110011110111111110001100000110010010100
0101101110011101111011110110101110101101
1011111100011110011011111011101111001000
0100101011110001011100101011000100100110
1001010010011001110000110100011111000000
1000110001001110011110010101001001001011
1011100111010001010001100101011111110011
1111011011101001000010110000000011111010
0110011011010011110100110100001011100000
0100100110110000110001001001011011100011
1110100110010110001011000101111010110011
0011100000111001000010111010001011010110
1101001111100100100000010100100011001110
0111100010100000111001110000001110111000
0001111010001100101001011000010000010011
0101111100000100001100111111110100000000
1001100010101100010001011111100110100100
1111111010101110000001111110011110110001
1101001010101000101000000011000000010111
1111011110010011101100111010010111011101
0101001011010001101101010000000100011001
1100101001111101101101010100111110001011
1101101011111101101110000011110001101110
1100101110111011111000110001111100111110
0010010001001001010011110001101010111101
1010111100000000100000000100000000100011
0100100011110000110010011110110011011010
0110111000001011010110100000010100111001
1100011100100000101111001010010001101000
0011011011111101111110000011100010010100
1011000011110010100111110110000100001110
0100001100110011100000010100101100000011
0000100111001010111110101101001111001101
1101110011111010100000110011001111000011
1101100100010110001100111011000001000111
0101011111011001011011010011100110001111
0010111111010100110000010111011100010100
1010101100111110001101000110010011100001
1100100011101000111111100111001010110010
1000111111110010101111101111111110001100
0101101100101010010101001110111011001101
1010011000111101111100010111110010110001
1100101011000011111000010100101011010101
0100000011011000110010110001110100000011
1100111110100001010110110101110010011011
0100100100001100110111111011001001000011
1111011010010000100011001111110100010100
1001111100100000011010000101100110101000
0001011010010110110000100101000011000000
1110010100110001100101010011000110001101
0110100000100000000001111101100011000110
1010100101001111010010001010100011010001
0010111110001101110010000101110101011000
0010110000110101000100000111011110011100
1010000111100111011000111001011100001010
0001010110001011110110011110001000100000
1001111000000110111101110001000100001111
0001100110110001101001111001110001001001
1100010101010101110001011110010111111111
0000000110001010001011011101111100001110
0100110101110011001001101011100111110001
0000110100000011101000101111001100001101
0111111001000100111111110000000110111000
1100111111000100011001110100101100011110
0100010110111011111101100101110110011110
1010010011001110010001010011100001001110
0111100110000000001101101101001110100111
1011111000110010110100011011011010011000
0101101001010100100011100111011110101100
1010100101101101100001010100000010111101
0110100111110111111010000001001100111101
1001001011110010100111101011111111111110
1001011100100111100110100001011010101000
1111101110111011000101100110111000110110
0100100000010011011101101010000011001001
1111001110100100000100101001010101011010
0101101100111001100100000010000110010011
0101001110000000101101111111011000100010
0011101010111110100110110011000111110110
0001110101101111001000000100101101111011
0001000010110000110100101011000101111101
1110101010010111101001110011010001101101
1100101001110100101110001101011010000101
1100010010101100110111110101101100010110
1101011101101000001000110101110100101001
0001110000110010110000110010111000010110
0101110100001001011011000011101100100101
1011111101000011101000111110100000100111
0100101110000111010110110100100010000010
1111111011101111000010101100100110100100
1111111001000100111011011101010100111111
0000001111111010010010011100111010111101
0010100101111101110111101110001000001100
0100110101001110101010110011011111001001
0011100101111000101011101000101110011101
0110100011101001101101101101100001011100
1100100000111101001010100010101100010100
1000000011000100011000111010011110010010
1110011010010011011100101111111111000101
1001001101010111001000101111010000001101
1011001011010111101010010110010100111111
0101011010100000111010101001011101011011
0100110101110010100011010101011010110011
1000111010100100011110111010101011111111
0010000100101100000100111011101011001000
0101000010110110110100101001110100010011
0001010011101011111100011110011010010000
1101010101111110110101110011000000101010
1010010111001001011001011100001001111000
0110001000101001010010100110110100110100
0000010000110110011011010001110011110110
1111011110001110101101000001000100000111
1111111001010010001000011101011111011111
1111100010100011000110011011100011100000
1101111111101111000010110101010111110011
1110001010100100111000011101110101110011
1011100011001010011100111111110101000000
0101100000000010011010000011100010110110
0011001001011101000001111001011110100010
1110100011111011001000111010100100001101
1010001001110111001110010111000100010111
1001011010111001110011101010000000111011
0111010011011011111000110001011110000000
0011111000010001010100110101101001000111
0111111011001000001111011110011001010101
1100000100010000110001011111101010101010
0010110111001111100101000011100111110101
0010111110011100101000100001110000100000
0000100110011111100001110110010011001001
1101001100011100000010101110000011100001
1001110100011100111101101011001000011110
1011111100001100111001100111100010101010
0010100001011001000010100100011111100101
1110111110111101100000101110001010001111
0101100010100000110100101101010100110111
1111001000101111100100110000101001011000
1000100001001110010010100111100011000010
1101010110101000000110000000110101010010
0110100000000110111001001101001011010000
0010001000110011001000101111100111100000
1110111011101000000101111000110011011100
1111000000110101100100011010011001111000
0110011100100110011110011011001110000100
0100111110000010111100011001100001010011
1111100110011101110011111000111001111111
1001011001110001011010001010001110000001
0001001111111001110011101100111001011101
0000011001111111110111011111100100111001
0011100111011010001000100010011000110111
1111011110001111011101111101101001001111
1110011010110010100110110000111010010000
0011110111000010101011000000110111101110
1111001101101110111001001100101100111000
1100010000111001101111110000100001011100
0101111110101010100100010011010111010010
1111110101110110010110011111001000010111
1110101101111110010111101010100001101010
1111101110010110111101001000111010111010
0001000110111001111001010110000110001110
0001011011110010110101010101111110001100
1101100011100101100100110011110110011101
0101101001111110100001100110110110100110
1011101010101010011101101011110011010001
0100111111000110100011011001101101000111
0101110100111101100000100011110001011010
1000111111001010001110110101111110101011
1111101111100110111000100111010010100010
0101010001000001001100011000001100011111
1110000101010100010010001101110000010110
1000000101111100110100001101001011111010
0011011010110000100101000101001110100000
1001001001110100100001001010101111011011
1000110001000100101111001010001001000001
1000111011101011011010100111101001001010
1011111001101110100100101000101111010101
0010011000001110111101001111110100110110
0110100000110101011011001010001000011010
1101110001001110100000111010111100111011
1101000111111000111010000010110001000110
0000001010100010000111111001111100101110
0001010010001010001000001011101110000101
0101011001101000001111001011101010101100
1111011001101001010001101111001101010100
0000100111000001110111110001001010101101
0000100010010110000101111100110010101011
1001110100000001011000001010111101100010
0101011101000001011011100011010000010111
0100010001100100001111101010001101001111
1011010100000010100001111101000110111110
0111111000001100111110100000000111101000
0001000011000010100110111100110111100010
0010111110100010001110110001110011110100
1010100000110000101001010111000011001001
1111001010100101110110001010100001111110
0111111000110001001110011111000010001100
1110100001010000001010100011000110011001
1111100011110100110100001110000110010100
1110111010101100011011110011000000000011
1011001000101100100000110111011100011011
0011011100111100001101110001111101010010
1000011001111101010100110100000110010000
0000100010011011001101110101000011110101
1011011001000011111111011100000111001100
0111010001011101101101110010101110011111
0001011100110011110111111100010100111000
0001001011010001001111011000111100010101
1011110110011000111101101010111001101100
0010111110010100111001110001010111110110
1000000011011010110110100000111100000110
0011001011001101001111011101010111101000
1010101011011110011011011100011101111111
1100101111011000001010110111011100010101
0000111010110011000110011100011000001100
0000010101010000011101000100100111010011
1100010100111000000111001010001100000111
1111011011110010011010110111101100110001
0011000100001010010111011011101110010011
0011000100000011010100110000100011011110
1010001111001001010010111100010001111110
1111111110010110101000100101000111100010
0101010111111011110111111010101110000011
1011100011110110111110001010010110010010
1000111011100001001100110011101101011010
1101110010110011011100001011110110010110
1100101011000001111111111111100001111110
0100011000100000000010001010001100010000
1001101111011100111010011110010101110100
0100110000110101001100100100110001000110
0101010011100100011101000010111011000111
1010011011011111010100001101010001011111
1110000110011010011010010111110110101101
0110101110011110010101001101111101110100
1010111111011000000001101110011011010110
0100110101001001011110110001110111101000
1111110010001001101101011110011011101100
0101101011000011101101011001101101000101
0110001101010000000100100101010001010000
1111011110000000010001000101000011011110
0010111001010010001011101100101000110100
1010100000100100011100010111011101111101
0100010101111110010010000001010000010001
1011000100000101110011110101110010011100
1001111000111111101001111011111000110101
1001010111100011010000011000001101011000
0101111101010110110000000100101001100101
1011010011001100001101100011001101111110
0111110010000001010000000110100000100000
0000011101111101010011100110110011101000
0001001101101000110010011010100100101111
0101001110111011100001010100010001101000
1011111000100000011001110010100011101111
0001000110001100110000000100000111000111
0000110011111001000001101101001000101010
0000000111101010010001101101101101101101
0100001101001001100111111011101000001111
0101010000000110000000111010101101100110
1011101101010110100010100110101011100100
0010011111110010001100111001100111101000
0101100000011001111110101010000001010000
1101101000001000110101011001010110010000
0100110001101000010011010111001000111000
0111101111110101001001011100101010001110
1010001001000100101100110111011111110100
0011100100001000100011000110100111000111
0000000010111100010010010101110011011010
0110010010000100000101101000011111111110
1111000010110110101100010010101101101110
1011101111011010010011000101000110001100
1110101000100110111101110101110100011010
1111101110101110101000000100101000001110
0010110100011001001100111010001111011110
1010100100011001011111010111010100001011
1100101011010111010000000100111001101001
0010001001110010010101011011101001100000
1000100111101011001001001010001001000011
1010010010010101111100101010111101001100
1101101000000101101110110111100110010110
1001100011010011000011100001100011011111
1110010110001000011100110011001001111011
0101010100001001100010011100110001100111
1011001100000110011111101000100001010011
1111110000111011000100110001011011101010
1110111101011010001010000011001110111111
0000000010000100110010000000010111110101
1010101001100101001111110111011111010100
0001000010111101011111001010100001011010
1001001111101100110001000111100110110100
1011101011110010001000011000101111000010
1000111011011000011100111100100101001111
0001000111000101100001110011001010100011
0000101100010110101111000111110111110100
1010111110011101000000110010111000000111
1100001100001000001011011011110011010111
1011010010000100001110111000000001111111
1011010110111110110011100100000111111110
1010101110100100111010010101100110111101
1000011011011000000001001011011000111111
0010110111100010100000011110100000111010
0011010100001100001010111010100101101110
0001000001111010000100010011000111000101
0011101011100001110111110010110011101001
0000100111011001101101100001110110101010
1111001011101011101001100100100100111110
1000000110110000100110000000010100011011
1000000100001010110101010110010100011010
1001001000011001100111110011110001000000
0000010100001111011010010010110110011011
1110110001110100001011101001011101110011
1011100000101010011001001110111100001000
0000010011010001111110001010011110101011
0010000010001001110011101000111011110010
0001011110001111110011101100001100001111
0001011100010010001010101011010100000000
0000010010100110100110001011011010011011
1010001110001010101010100000010111010100
0110111100111000010010110000011101011101
1101011100010110000110001000011010010010
0011110011101001100111101001001010101111
0010000010111000001000010010101111111001
1111000110010110001100010000010100110000
0110011001011000110001100100100110101000
0111001101001111100011000101101111111111
1110001101100100001001100111101110111001
1001101110010100001110110101010100111010
0001010101010110000100000111111011001011
1111001000110001111101101110101000101111
1011111101011111110111100100100011100011
0111000000100110101100010110110100010101
0000010100010001011000101001110100000001
0011011101111101101000101110010001011110
1001010111001010111010100101100000111100
1010010101110001111000001100100001011110
0000101110000010101111111011110000111001
0101011111001101010011111011010010110101
1110100100100101001111000011010011001100
0111101101010100100101111111000100111000
0101100110000101100101111010001001110001
0011000001101001010110100000001100101100
0001111001100110001111010100101101010111
1110000100000101111001100011110001001001
1111110111011011000110100000000000110111
1011101001101001011110001101101101100010
1001100001010001101010101011110101001011
1101001111101010011001001010110111011010
0110000100010110100001110100101010110110
0100100011110001001000011110011101101011
1001100110111000011001000110011110101101
0110110010010001001100001101000010101101
1010010011101001000101010001011101000101
0110000010001011110000011011010111000110
1111100000011011011100101011000000001111
0110000001110010010101001101010101111100
0011110001101001010010000000100100011000
1100101011100100100101110010001100001100
1100010111000011111001100001010011011101
1000101110100001100101100100111111100000
1010100011111011111000110111101011001001
1001010111101010000101010100101010011010
1100111010010110101100110011001010010000
0000001001111100100000110011000110111111
0111010100100010011101101111011001000110
0110000010101100110001000010011000001001
1001111001001000100100001110001011101100
0001010001010111000001000000001000010001
1110110010000111000110101111100011010110
1110100011101010000011110011010111000111
0001110110011000001111110110011000010000
0111001010110011101101111101001101111101
0000001000111111110000100000100011110100
1110110111101110000101011111101000111010
1010010010011011101101101001001111010000
0011111010001111101111101010100101001111
1011010011011010100110111010011010000000
0000101101101101101111101001110011001001
1110000101110110001100111100100000101001
0001011111001011011000101010001001111011
0101111000010101001110010001011101001011
0001001100101110011111011011011101001110
1001000000111101100001011011011010001111
0100000100010100011110111000101100101011
1111110011110001101110110111110100100000
0011100010011110100101000010000111001001
1100111011001100011000000000001010101110
0001101110011111110101010010110001111111
0100100010010001111001100101011001111110
1001000110011101000101101111001001001010
0010011010010010000011101011110100110111
1101010100010101001011000110101111110001
0001101001111101101010111001001010111100
1011010100100001110110110111000111011000
0111101100000011100000000010010000100111
0111011010101110011110001110100001110001
1011111011100101000101111100100001111001
0011110001000100111010100110101110001000
1101000110010010010000000111101011110111
1100100000101100110001000101000010010010
0000100101100101101111010111000001110001
0110111110001110010011011101111000111100
1110010101010010111000011100110011111110
0010111111101001100111101100010101111100
1001110001101110011010110011000111110000
1000111100000011110100110000010000000011
0011011100000010001111001011010011001100
0000000011101011100010100000000000101101
0011000100000011001100101011111101110111
1111011010001011101001001001100010101001
0110111101111011100010010011011101100011
1111000010010011101101110011010011101111
1010111101111010101001000110010111011111
1001111100111100101000011101001110110010
1000110000000110110001100011010010111100
0000001111011101010001000001011011001110
0000000011011000110011110000010001001110
1100000100001111010010001100100111110000
0111000011010111110011000100101100110011
0101111000001001001110010100010101010010
0111111000100010001101001101100110110001
0110111100100010101110000011101110100111
1010000111011111010000000111011000011100
0110010110100111001100001111111010100000
1011001011100111000100110000001101110000
0010000110010010001000010011000110001111
0101111010011001100000001010001100111001
0011111011110000011101100010100011010000
1001001100000010100100000000010100010011
0000110010101101111010110000111101001001
1001011001011011111010100011001000011001
0001001110001101101010001111111011111110
1101011100101111110000111110000100100111
1011010100101001010010010001100001010001
1010010011000110001111011001011011100101
0000000101000111001101111011010101001001
1110100000000101110001111101001111101111
1101110100101011111000101011101001100111
0011010000010111111111011111001110110110
1100111010110001100101111001100101001010
1101111101001000001101101101010010100000
1010100001001110100111011110010001101111
1100100101110010111101111010100001111001
1110010110101000011111100111101001010011
0110000101010011111100011111101001010011
1101011010100101000111010001111110010111
1000110110110011110101111001110010011101
1011111000001101100100001111011110001101
1110000010000000110001110010011011000000
0001011011010111101111100010110000011101
0101001000101101000001101100000110010110
0100100101110101111001001000101000110111
0101001110001101101101110100111101010011
0101110100010101111011101011011111110100
0100011111000101111101111011011011101001
1001011000001001100111000001000101000101
1000110100010010001110111010001000000101
1011100110001110100001101101110110111110
1100000010001110011111100010011101010100
0001001101110101001001111001001110011111
0010000101110001001010101111101111000001
1000100100100011101100101100111100110011
0101110011110010110000000001010111010001
1000011100011011000111011111000111001010
0010001110110001000100010000101011110101
0101100101101010001101011111010101101000
1000100001010000010111101010011001001111
1001001001001101100111010111100011010101
0001001110101100110101110010100000101000
1011111110001010010110111010001000111011
0000001110010010001000100010001101011111
0010101101010001101111011100111001001101
1010011100101110100000011110110010010110
1111010101110101000000011101011110110100
1111110011111110100010010101000011111110
0010100101111010100001101111101101001010
1011011001011000100010100000010110100011
0110000110011000011100000101011111101001
0011111100010001001110101000100111001001
0111010111111110100000000001100001101111
0001111011101001001001110111000110100000
1100010111100001111100111000110011000000
1001100110100111011011010110110000000101
0110111110010100011111010001111100011011
1101001001100000111111101000110110010101
0011011100001111110000100010111001000100
1011110010110011011010000000100110100001
1101100101001110010101010101101000000011
1100100011101110000111011010101111100010
0010001111010111000011111011101011011010
0011110110100100111011001110011111100100
1110101001101011100111111101111010010011
1011000011010010101100001100101010011000
0111111011010011110000010110010101100010
1011000011000000010101011001111001011001
0000100110111100000001111101101010001000
1001010111100010000000010111100001111010
0111001000001100011011110101111010000011
0100010010100000010010000100101100101001
1001111001110101110101000101110110111001
1001111100100101110001001111100001110001
0000011100011000100110000101011100110010
0111100111011000100001100001111000110111
0001010111010000100011101000000100100001
1111011001111010110001110100100111000001
1101001100010011011001011110001001100100
1101100100111100011100110110110100010001
1010101100110000100100000010000101001001
1110000110111100010100100100100110001010
0001100101110010010101110110101011000101
0101111010101010111101100101100010001111
1111000000001010010110000001011011001101
1111001101100110000101001110110000000010
1000010100110000000011000101000010010101
0000101011011100111110010010101110001100
1010101010110100001111100000001111000111
0101011110011010101011110111100011100101
1010010111111101011100000001111101000101
1000001001110101110111110101011101110011
1110010100101010001110010110010001010001
0011011011100111100110001110101111111010
1000011010000001000011100000110100000100
1100000011100101111001101001110101001111
0101110010111000010101111110001101110011
1101010100001100001111111110101100110110
0000110101010101100100101110001001101101
0111111010100110100111111111111100101011
1101101100000001100111100011000110010111
0001000001110010101100000101100000101011
0000001000101001101000101110011010000000
1110100101111111000010100010111101000100
1100010110110101011110111110011011110011
1111101010011001110100110011110110011101
0100001001000000001000000110010011000001
1010101011010100010110101110111111111101
1000001001101101111011100011100101110100
0001100111110101111111100011101111100111
0110000100000011110000110010110111100011
1101001111101100110000111000111111000111
0110100010100110001110011011011011110100
0011010001110100101011100101111001001011
1111000001001011110100001001110000110111
1100110010101000101011100000110011010011
0001100001110001000100100001110101101111
0001000010001100101101111101111010001100
0111100111110011101010110110000000101001
0000000111010000110110111000011100111110
1101110011100001011110110111101100100111
0011110000010010010101111110101111000001
0100111111101100101001101110000000011001
1011101011111101000110000001110011110010
1111110011010011000101001100001111011000
0101101110011000110000010100101101111110
1010110111001010001000100000001100000101
1101000000000111000010110100111111110010
0010010111011101010001010000111101010101
0000010111110001111000001010110111000000
1100011010011111001110111111000111111110
1110111111101010111001011001010101110001
0001000000001011001010001010000010000100
1111100001000100001110110101100011100100
0001001111110101011111100000001000100101
1011000101011100111110011101111100101001
1100001110101011001011011100110010100011
1111011000100100000101101010000100001111
1101011101100111011110001101111000000100
0010001110001100011111011010100101000111
0001101000001001110010101001011110110010
1010100011010001100101110110110101100010
1101011011000111100000111010000111110011
1000110000010101111100101110111000001111
1010111001001010011101010110000101100011
1000001110111111011001111100001100000000
0000110110000101001100000110110000011100
1111000010110100011110011110001011101111
1101111100101100111111101110101011110101
1100010111000111001101011101011100001010
0000011010001101001100111111101000010011
0001101000000010011011101101110100001100
1100011101101100111111011101100000001000
0100111000010100111110100011001001110100
1010111110100111011010011110110011000000
1100000110010111100111010000111001011000
0010010101000001000110101111011110101001
0001101100100010111010101110110101101010
0001000101110010110100101101101100000010
1101101001101000100101010101001100110111
1110000001001011100000000111000110100011
1011101000000111111001000101010111011110
0011100100010100011000111110111110011111
1101000011001111101000111010010101001001
0110111101111011011101100100100011001001
0001110100000100010111101000011000011101
1101110011111011001100100001000011001000
1000111110111100110100010101001011010110
0010101010101011100110010110110111110000
1110010100110101001110011011111001101000
1011001100010110111011000010001010110100
1010011111011111100001111000110110001101
0011001111100011110100100001110001110110
0010001111110111111100101101100110100101
0011011111111000110001101001000110100100
0110100010011111111000100100011110011001
0111111011000100110010000000000011010110
0111101000111010010000110001110010100110
0011110110011111000101110011100010010010
0111011001010010110010100101101100001011
0011001011100100101100011000011011110011
0110001100000011011001100100011000010000
0100000111001001001001111011111010110000
0000010011111001010011000100000011100011
0111101000000101101110011111101010001110
1011110111000011010101101101111001110001
1111101110011010001011010001011111100010
0011001011100111001101011010001000110101
1000100010101010011000010100010101101101
0101000001001111000111010001111101011000
1010110111110100101011101010110000100010
0111111010001100101101111010001011100010
1010111111110110001101101010011100011100
1000000101111010101101010100011100011011
1001101101010001111101011110001010110011
0001011001101110101011010000000001101110
0110100110110111111001111100000110001100
1111100101010110010000111001001000000100
1100101111100000011010111100101011000110
0000001111111010000010110001010101010011
1010011110010011010001000000000101000001
1011101110101010101000000011010100111011
0011010100011010001001100110010010001111
1011010001110011100101101010101000101100
1011100001101011110101100111101100100000
1011010100001100111100000111011101011010
0111010010000111011110011111000010000010
0000110011101110011000111010011100011001
0111001101001010111011101101010111011001
0001001100010111101101001001001000111011
0001000111111111110011111110000111110110
0110001111100100000101010000100001111110
0111011100110110110100001010111111000111
1001000100110011001110011101111111111001
0011011011100010000100110011111101001001
0010001101001011000010011011010000101101
1101101011000001001110101011111010001010
0111111011101100010001111100100100010001
1010000001000111010010100101100010110011
0001101001011100011111111011111100001111
0011001010001110010000001000101100101010
1110001111111100110101100001101101010110
0001111100100011111101010101111000000000
1010110111111111000111100111000010111011
0100001101001010111010111101100000010011
1001111000110101011101001000011111101010
1000000101101001000111110000111111011001
1011010100010101010111111000110000110111
0001111000001111110011001110010100110011
1101010011000110100100100101000010100101
0011001101100001000011001110110101111111
1100001101100001010000110110101101101000
0001110110000000101111101001001001110000
1110111110111001100110001101111110111110
1111011101100110001000100000110010001101
1010010100010111010101000110010101110010
1111110010101001000010001110001100010011
1111000011000110100001011010111001111001
1010100111011001001001111001111100000001
0011100010110111000001000000101000000001
0010111011010011010000000101111000001011
1011010100001101011010101000101001110000
0001110010100000011010001110001011111001
0011000111000101001110000101110010100100
1110101110011010111111100100011110101001
1010100010110111111100011110101100000110
0001011100101010010100001111010111110110
0010100000010111010010011101000100011000
1010001001101011100000111100010110000110
1101001011110001011110011010100110000100
1110000000110111011111110001000101111100
1011100100001000000101111010111010111010
1000110100101101000000010000100000001000
1000101010101110011011011010001110001000
1110010001011010000001100100001100111000
1101110001100011001011001111110010100000
1111100001111101000000111100010100001000
1100110010001111010101000101011001011110
0001100110001101010000111110000111011111
0010001100110101100010110101100100101010
0101001101000100011010100010011100011110
0010000110100101001111001100100111011111
1111000010000011001000001010011000011110
0101001101100010001000111011100011001101
1011011111010001100000001101001010010110
1011110101011010101111000000001000101100
1101100001110010011111001001111000000010
0010011110000000101000000110111010000110
0110001100011111011010011101001010001110
1000011011001101001110110100111000110011
0110110010000011100110111000001100100101
0011010101011101111101010101101101000000
1111011100100111100011000001111011001011
0001000110111001000110000100010010110000
1100001000010001011111100111001000111010
0000110110001000011110100001000001000100
0101110110110000100010001111010110101011
1000010011000100010100111011111010111110
1110000000000100000110110111001111000011
0000101111110101100100100101110110101100
0101011101111100000001100110011100100011
0010101010010000101110100101001111110111
0110000101001011110011010010011101100011
0011100001101011111001010100110100101110
1010101110001100010101111110101010001011
0010101010110100111100111100010100111000
0010111100001100010100000111111110010111
0111000001000101011111110100100100101000
1011010010010010000011010111000111000000
0100010011110100000101001101000001100000
1001001110011111001111110011111011010110
1101110000000000111011111010010001000110
1110110011001111010000100100000001011111
1110000011011000110011001100011000100010
0100101001101011111111110010010000110100
0000001000011011000100011101110011101100
0111000100010101010011100100001010010010
0101000001000110010001111010010010011110
0001101101101110011010100011101100001010
0011101101000100001111011110011010000101
0111100101100000111011100001101010010111
0111011110111010001100110010111011010011
0001100010001111010101110111001011001010
1100011001001100010011111101111101001101
1010100110101011111000101011010111011011
1011100001010100100101110001110110111000
0100010111110111101010010000111011111000
0000000110011001000000000010000101001111
0000010010100010011001011100000101101101
1010110100011100101011001011100111010000
0110001011001110010111110111000101010000
0110101001111010101100011111000111110010
1111011001101100100100000000010010101001
1111111001111011110000111100100011101010
1111011110000010100000010100100000000111
1000111111001000010001000110000000001011
0011101001110001110000011010111011100101
0111011110000001011111001110101011001010
1001100011001000111100001000101111110111
1011111000101010001010100011100101100101
1101100001011101110011100100110100100111
0101001110000010000010000100011111100010
0101001010001101101011111110100100010000
1000010000001111010001011011111000110000
0011000010100000011000110000100010111000
1001100010110001110010111110000000101100
1101001101110001000111000111100101111010
0111100010111100010011111110011000111001
1011111101111111110101110111010101001000
1011001001001100011101101101011101010000
1101100001100100001010100110101100010010
1000101100000101000010001110101000100000
1101111011110011101011011010101010011110
1000000111011111000010110010100101001100
1010001111001100010100111011000001001010
0100111000001011011001011011111001111011
0011111000110110101000100110010100111111
0110011101111110101000111001111101101011
1010001111001100101011011010101100101011
0011010100100011011010001101110010000100
0000100010000110111000111010100011000101
1111001000101101001010000100001110101110
0100110010001101001110001010100011101011
0010111001011101001010110101001111010110
0001110110111110001110111011000010010000
1100101000111010010010000111100010010001
1111100111010110101000001101011010110101
0010111010100100001001111100010001010000
1000100110110010000101110101001100111011
0111010001010101111100010000000100000101
1011000100010011010010010101101000110101
0010011010011101101111000111101011111000
0000100110100010110100110010101001011101
0110000110110100001100110100110110000010
1000011011001011100111111001001011011111
0110011000011011000111000111111100110010
0100111010100111001111101111101001001111
0000110110010011000100110100101010111010
0110100011010001000010000101011101010001
1110010111100000101011111110011001010010
0101000010010100010101100110100100011000
1101011101010111010110111100100001001001
1101011101000010010011100011100010101111
1011101001011111010001111111110010011000
1101110111111000100001000101110100010001
1101100001101000100010010000001110100011
1010000010100100000001101111000011101010
0011001110010100100011000100110100011111
1101100110010110001011001001010101010100
0000110001110111010100001111100001010100
1101001111000100001110010010010000011101
1110000111000110010000111101011000011100
0101111111100011001100101101001111010010
1100011111001010001000001001110011010001
1110000110000011001101011111011010000000
0111011010010111011100011010010010101000
0001010011000010101110010011110110100000
1101100111001001100110001001111101010101
0111101001110011111010111111100100100000
1001000101010000010010000011000000011001
1101111101010100001000001001101001011000
1100011010101010010100000111010001010010
0011000101110010010101001100001101100101
0010101011011110100111101101001100100110
1011111110111111010100111100000110010011
1110110001100001000001000100001010010010
1000110111000110000110011001111011101011
0011101111110101101100010100100110000111
0101001101010011000010110110100110110101
1011110100100010101100101010001111100111
1110000001100111000001100001011010101110
1000001111101100111001000110100101010010
0011001011000000010101110011000110001010
0000000110111110001100110111110101011111
1111101010110010100101111000110100000011
0111111100101000111111101110010001111000
1001110001111010011111111011100110100000
1110000111010011111111000011001111010111
1010000110011011111001100000101000100000
1011101001010010010100011110111001111101
0100101000101101010001110100000100111000
1001111001000111110110000100100001001110
0000111101010010101111101010111101011111
1110100001101000111011110101001000101110
0011000001000111101101110111010000000001
1101001010010110101101011100100100011111
1010000110000001001011110000011000110001
0101111000100000110001001011110011011000
1100110111001000111000100000001011100010
0110001001100111111100000111010010000000
1010101100000000000010110110100000000101
0011010111011010001101110010010001000110
0000100000100010100010110101101001110101
1100110000101101101101101111110010110000
1110000101001011110010001101100000000100
1000101100011110011001101110101100011010
0100110000100110000111010010011000011101
0101010111111111000010111000100010111001
0111010000100101011100001110101110000000
0000100100011110010100111111100000101101
1100000011111110100010100101100111010001
1010100001001111001010100111101001000101
1000011010110111001110111100101101010010
1101110000011101010000110001000001010100
0001000011010111011000110110110101010001
0111100000001000101110101100010010110011
1011110111001110100001000100111111101111
0011111101100010101010010011000110001111
1011001101000011111100011000000001010110
0100100001011100000000101110010111000001
0010011000100111101100100110000000110110
0111111000110110101001111111100011001001
1011111110101101110010011110011010100100
1001101001011110010001010101101000000111
0111101100011111010000111010001000101100
1111101000010111110100111001100110111111
1010000111100000100100101010101001111111
1000101110011011101001101111101001001111
0010011100111101010100101001100111111011
0110111011100100110100101111100001001001
1110010011000011100001000001010010100111
1001111110010010111010100101101111010001
1010000010111101010101011101101010111010
0011110111000000011011010010001101101010
1001000110010011110001111111100000000100
0000100001010110100101111010010111010111
0000100000001100010011000100000101111101
0101011001100000110011000000000101100111
