40 1023
1111011001010100111101101101001010001111
0011111100010001011101001111000100010001
0010101111100001011000011010110111111000
0001101101101001100000011110000010001100
1001110010100101001100011100011100001111
0101011110000110100010001011010111101011
1101000101110011011010001000011111101110
1001001111111000001001100010000010010110
0010001010011110101000000001010111100100
0111001110111010010110000010101110001001
0010110011000101001101011110110010001100
0001110011100000011011010101101011001001
1000000111010011111011001000010101110111
0110000000000000010100001000100000111111
1100010000111011100101000011010110011001
1101101000011101011010110000100101010000
0101000011010010000110000100111101000111
1000101100011000011111011100000101101000
1111101011110000111111001111101101100000
0100100101100000101110111000110010111011
1101101111111101000100110001000001100101
0011100001101001000001111101101111111011
1101010011101100100101001110000011011000
1011000010011101010010101000101100111110
0111100000010111001000001110010110001000
1011000000001011101000100111011111001001
1111110010110001101101110000111101011110
0111100010100111000001010110111100011001
1000110110001011001011010011001000000100
0001000100010011110111101011110011010000
1101110100000110101000011001011110001110
0001001001100111111001011001001000000000
0110010100000011111011000011001001000000
0010100001100010010111100011010000110000
1111110111110001011011011101101100001010
0110000110011110101110101100011010100110
1011000101111001001001111101000000011100
0101001000010111100100111101100010001000
1001110011001010010101110101001110000100
1101011011001010111110111100100111100110
0100110011000111011010110010010010001100
0011110000011111110100100011110001001011
1000010101100100100111101000110001100010
0101010100010000001100100010010001110000
1100110110000011010000010010000111011000
1001001010001011111011010100111111001110
0110010001000011110111101111001010101011
0101001011101011111001000000110010110100
1111110000011011010001110100110011010111
1100110101001100110000010101100000100010
0010101100101011110110100011000011110100
1101001100011101101110111110011010001001
1001110111110111101010001011100111110011
1110110000101000101010000111011001000010
0101110000001000010100110110000010100001
1101000101000000010010101000110011011010
1000110010100001100011010001010000011011
1110010011000101010100011000110100110010
0000001010110101000100100110010101110000
0111001100000011010011000010101001111000
0011001110100000001110001001110000101000
1100001011010111100011101010111011111101
0011010101101111111100001000101101001010
1100011101011011100101101010000010001011
0010011100111101100110000011001100100100
0011101011000111110010101011101110110000
1110011010001000110110000100001001011101
1010111011000101111101000110111110101111
1100110101110010000001101100001111001010
1111010110000011000101011011000100111001
0000101100110000111000011010110110000000
0001110100010110010011100010001100101011
1010100000110000110110100111110100110000
0110000000010001010000001000100100001101
0100001011000111100110001100010110110001
0110110011010110110000100101001001000100
0010101100110110011101101011010010011010
0111001111100111011000111110111011011101
1000110000110111110000010011100101100001
0110101101010010001010110100010110011011
1011110010001010101100100010101111000110
1110001101011100110111001101110010101011
0110111011100000100001001111011000100000
0010101111110100101010011111011111000110
1011000101101111101100111001001001100000
1111110111110111111101101011010001011011
1110001111001111101111110110101000010010
1010000101110110000110110010111011101010
1000001011100111001101000111111001110101
1010001110001000101000011101010000001011
1100011010000100110001001010101101101100
0011011101111100111100010000000000111111
0111000011001111001111010100000000011000
0111101110001011000010001100001100010001
0110001011111010010100000110111111010010
0010100101001001111100110001000000010011
0001110100010101101101010010100101001101
0000111011001101000000011000000100111110
1111001000101111111111101100010001101100
1111000000000111001101011101000101001100
0010000110110110010000111001110000010100
0000101100101010101010000100001101010011
1000100010101111100011110011011100100010
0100011100101100100101010110010001010100
0101011001010101001000000010000000100111
0110000011010100110110101111010011101000
0011010111010011110000110111101000110000
0101111101101111000001000001010100100011
0100001001100010011100011100111000011111
0100001001111100111110110101110111100001
0101001101010101011100110000110001100001
0101011111101000100100011000010100100110
1010100011111001000110000110001011100101
1011100100111010011001011011110010011110
1100000100111100110001010110010111000101
1001110111001110010111000111111011110010
1001101000001010010111011001011101110001
1010011000101100111011010001100111011111
0100001010100010111011001110010001110100
1010100010101001110010110111111000100110
0101011110110101001101110011010100011101
0110101011000011001101010110001110100010
0001001111011011001011110011000011011000
1011111001011101000011011000011010001101
0100001010111011011111000110000101000101
0111110011011111000100111000111011001111
1111001100101010000110111100010100001110
0101101001000010010101100000000110101111
0110011110000001011110100001110011110010
1001010010110000110111000010100110011101
0000101101111100100110001000000110110111
0100001110111111001011011110110001011101
1001011101000010101111010001010011010110
1011010101010110000010001010000000111011
0101000011011111100101101100010000010100
0010111001000011011011000001100000000010
1011011111010110000110110011111010111001
0010101011010001000101001101111011111010
0000100000100101000001010110111010011010
0101000101001011100001111011010011011000
1001111101111111000100000110010000110011
1001100000011011010010010101000011111011
0000010000111001001110110001110010011011
1010111110000011010011011001111010001001
0001111000100101110000000010000110000000
1000001111010000100110110000011110110000
0000011110001001101010000010000011011110
0010000010101100100000000111011100111111
0110001110001110111101101011101001101001
1110000011101100101010111010101110101011
0001001011111001111011000001101001100001
1111111011011100011011111100001101011100
0101101000110011001000010010100001001000
0111011001011011011011100110000111110111
0011111101111011000100111000100001110010
0110000101010101001010110011000101101101
0110011100100101101010010111010100111111
1000110111010110110111011101010011110110
1001011111111000000001100100001100011011
0100101110011111001100111001010100100110
1111010010101111011011010111110111110001
1101010001000000110001001001011100011110
0111110110010110111011101111101100011111
0110111001001001010111011100001111000001
0011101011010001001010010000000111100001
1000111101101101000110110101100010111001
0000011110000100000001000100011001111011
1101101101011101010011000110111011110111
1110010001010100101111101111001010000011
0100100000010110100110010001101011011000
0000100101111000100000000010101010110011
1011000111011101100110011011101010100001
0111000010001010000110110110111111000010
0010011001110111010011101001110000110010
1101111101100100111001100111100100101101
1010011110110111111011011110100111100110
1111111000101111110111000111111011100111
0010011011011110011100011100101000001110
1010010010000001100100101010010101011101
0101001001000010011111010001111010111010
0111111001001000011000001001010101011011
0110100011001110000100110011111011011101
0010001010101001011101001010100011010101
0100111110101001101100110100000010101111
1000111110010101000100101000010010101110
1010101000000100100101010100000001110101
0111110010010101111010100100111111111000
0111111110101010001110100101011110010100
1101111011111010001110000100111000010110
0011100101101000111100100100100001010111
1010001100110000111101110100100010101110
1110111101001110110001110011011011111000
0001110010111010001110011101111000010000
1111110010100010110001100100110100110110
0111011001010001100110001100101001010000
0010000110111010100011101111000001101101
0110100000000101000010101110011010110011
0110000111011111111101011100000100011011
1001111111101011001100101111001101101110
1001000011001110111100111010000001111111
0001011010100100111110101100011111010010
0001101101100110000011100111011110110000
1110001000001100001100111001101101011010
0000111100011001000111110100110000010011
1111001011001110110110100101011111110101
1110101000011011001001010000100110101001
0001001011101000001111011101100011000010
0011111010101110001111011011000101101000
0010110111000111101010111011011111011110
0110010100011101101111011001101101001111
0110100010100010001000001111000111101001
0101000011110101000100000111011000001011
0100010001111011111100110111010110011111
0110001001110111100011011110101011001111
0101011100101111000111011010001111010010
0011110000011000011000110111111101001110
1100110010100101110100000010111110101111
1001000011010100101001100101001010111000
1111101110101001101100100111010110101101
0000110111111000000110111100001010101001
0101100000111101011010110100110101000110
0100011101111100000101000100110111011101
1101111101011001110010001111000100111011
0011011010101111010000010000000110001111
1000011010100110010101000011110010010110
1110000011001011011110101111110010011011
0101110110011001001001010010010100011101
0110000010000110101010110000101000111010
0010001010010101010100010101010010111010
0101001011011100110101000000011111100001
1010110101110001011101010010010010100111
0001101000010101010111110100111010001110
1010001001101001010101110110110011011000
1110011101000111111111110110001100101100
0110011011010011100100001100100110101010
1000101011101100011011101011010101010011
0101100010100010101100101001011111110000
1000101011111000010101001100010100001011
0110101100111011010001011101101111101000
0000001100111111001011100100010111000011
0001010110111100111100100111000011101110
0000111000101100111101000011000101110100
1100000111011100110011111100000010011111
1001101010110010000111010011011001100101
1100110101101010010001000010000001001100
1000110101111011111011011010100110111011
1011011010101101111110011010000100100111
0101111000010000001101111100100110001010
1101010001010111101101100110101000111110
1111100000010111100001010010100101010011
1100001111000110010100000010111010101110
1011110101011000010001000101101111011011
0110010100011011111101011101010011011011
0101010001010111010000011100011111011001
1101000111011011100010101111010111010111
1111101100000001001101100111111100110110
0000000000110011100100100100111110111001
1101111011000100011101101100100101111100
0011000111110111001000110100001100111111
1000001101100111110111011110110001111110
0000000100001011110110110101000000001011
0000100111011101100110010001101000110001
0111101010001001110000011001100010010000
1010110010001100111101001011111001100100
0000110010000011000100110010111110110100
1110010010100000010101101111010000111001
1111100100111111011000111101011101100010
0011001111101000001101000100101000101011
1000000000000010001010011000000001101101
1111100011001101100100011111010001010010
0101011110001100010101010001110101000110
1010100000010110010000101001101000111001
0111010001110111010110100000101010010001
1100001000011000111110010101001000000010
0101010011011000011110010011110101011011
0000100011011001001001110010111000101100
0111001010110001100010110100011100101110
0011010010101010110010101110010010010011
0100001011001001001010100100111010010110
0000000100000110010010011111100010111001
0110011011111110100110110000011110100101
1101100101100101000110010001111011011110
1000101101000010111000111010110100011001
1011101001100100110100001110110111100001
1011101010001000001101000010010010100011
1000011011100000000110111101100100110010
0101010110001001011011111100011110101111
0100010000010010100010001001110011101000
0100010100101000101011100110011000111001
1111001110000100010110100010011000000010
0001000110001001000111101011101010111000
0000100110011001101001100000010111110100
0110111011111001010111001011101110000100
1100011101000001110000001001001011100111
1101011011100110111100000110000010000011
1110100101011011011111110110011101111100
0011101110010111101000000010000010101001
0101100111111111011111011010001011110101
1100000001101001101001000011011001011100
1100110011100011100001000111100100010110
1010001110100001010101111000010010010010
1001100011100001010111000001001101101111
0011100111010000001011100001110000111001
0000110001101110101101101100100110000111
1000001000011100011100111001011110011011
0101011111101101001001110011010101110101
0001100011101001011111111100000010001110
1010101000000001001001101100101111010100
1001000100010101000101010110101001011101
0011001111100111011011010101101100110100
0001001110111000011000001011001101010000
1011110001001011110100101010111010100010
0011011111010110110111111101011111010101
0100111011001010001111110100111011100110
1010010100011101111001111011001100001100
1001010101100000110010110101001010110101
1100011111010010101111010001001000101011
1011100111111001001111110110100001010010
0101110101101011011101011011110100110100
0101000111001111001110111001000010011111
0010101000100001111100101111111001010001
1001000110011000111010001111100010110101
1101011110100111001110100010101100100110
1000010001010101111110010110010001101111
1011111011101001110001011000011011000010
1100000100001001000000000101011100000001
0111110011000101000011110110100011000011
0010101111100001100100111100011011101000
1011110001010101000101010111000101101111
1110100010110011100001000011000010000010
1011101011110111011011100000001110111110
1110000111100111110000111101011111101101
0100111011100011101110010100010010000011
1101000010100010101011110101000010000001
0011101101100010001010111111010111101010
0100001110000001100010011011010010000000
0100011001001001011100011100001010111001
0111101101010110011101100111001100111001
0000001101000100000110000111110110100011
1101110010101111000010010111001101100111
1110000010100000111111100000000010101010
0000011010111000001000011001110111100111
1100010010001011111001101101010100101110
1001101100010111100101011011000001111001
0101101000101111111001000111000001000000
1001001001101010111010111101000110101010
1000100001110110010011010111001001110110
1111001011001000110100000000010100101100
0011111111011110000100011110101110111010
0100100011111011011110111000010100111100
0011011001001100101001000110110000110101
1000110101101101001000111010011011000001
0000010000111010110111111111000001110110
0110101010010001010100010100010100111000
1000011010111001111011100101111001001011
0010101000011101101110101101101101101011
1010011000001001000101110001100110001000
1010111110100101000100001101000011101001
0110101011111010111100111110101000101011
0011100111101110001011011000101001000011
1000001010011010010000001011011110011100
1100011100000000101000111110011001000100
0110001101100100011010001001101000001110
0110100110101101100100000101101001011101
0011101110110110001000100011110001000100
1111010000111001011001000000110101111101
0111011001011001001101101010100011100000
1110101110110100010010000011010110111001
0011100110010000000000110111010001101101
0000011010000100001101111000111110011010
1111100000100110011111001101000110100111
1110111111101011001000100110110000111010
1010101000000101011110101010100111011001
1001000111111011101001100011110010111111
0100001001111111001000000101101101111110
1011111101101001011100001001011001001001
0011001011010011000001110100110001111011
0000111101000011110100001011000101000110
1110000101111010011010100000100001011111
0001101000000000101000001110111100100011
1100000010011101011110110010001100100000
0101101001010000010011100010011001100000
1001101100010101111101101001110111100110
0111000100001110101111000000010010001000
0001001110001110000100011100001100101110
1001100100000100110010111010001110110011
1000111111111111011110111010011111111011
0111110011000000010100011100011010001011
0001100101001101101010010010010010100001
1111000111111010000011100100100111111100
0100001000011110111111101110001111010001
1110101000000010100011000001000010011000
1101110100111011001000000110101011010000
1010101100000010110111001111001000111110
0010010010000111101110110011001010000001
1100101101110001011000100110011000000011
1111111100011010001010000101011111111001
0101010001111101110010001000110001010001
0101101110011110100110111110111111101101
0110000111100011011001101110111000101011
0011100110100100011100100011010110011111
1101101001100100001000101110110110011101
0010101100111110111001010101111010101010
1101100000111000010101100100010001100001
0100001111000111110011101101010011010011
1010110101111011110110110001100111110100
0100111100001001111100100100100010110111
1010101000001101101111110001100001101110
1000001111010001100110010100010000111110
0010000100101011111011111000001010111000
1010100000111001100101001101100010000100
1110001010100011001101000010000010010101
1101101110000001000100001111010111100000
0110001101111000010111110001001000110111
0100000010011000000000100111100010111110
0100101110111100010001011001000010111101
1010101000101000011010101110001101010001
1111001101000110000111110100010111000011
0111101010001111100101111011001101101000
1100101110010010110100100100100001100110
0000100110111110111001101101111100010000
0101111011111010101100100010111111010110
0001101110000011000000010011110010111110
1000110111010101110111011100111100001001
0111001111111011001011001111000100001000
0010110101011111000101010000101111100001
0111000000100001100011100100000100100000
0110110110011000100010110100000010011100
1111100111011100010110100010011111101010
0001110010111010011001010100101000001101
1110011011000011110011100111000100010110
1011010110100000011000001101010100001011
1010000101001101111001110100011000100110
1110010010010101000010010000100110010111
1101011101000010011111110110101110010010
0100010001111001001010110111010111111111
1001001111111000001000000011010100101010
1111110100001101110000100000101011001011
0101101011001111000000011101010010110100
0101010000100011100001000010111111001010
1110011010010101111111100001001111001100
0011111110000010001001010010100101011110
0000111101011110011111111001100010110001
1000001010010000111001010011000000101111
1110011110101011011110011100000111110100
1010111101000111001110100010010110000011
1011010100000001011101010111000100000110
0101100111110101000111110100110101001000
0110010000011010111101100100000011111100
0011101000101111101001010100010110010110
1110010100100011110111100110100010111110
0001111110001111110110100010001011101111
0000100011001011010011101100001110011101
0001111000001001111101010000100111011111
1011101001100011110110100101110001011010
0110101110110001011000100110100001101111
0000100001100101111110100101100011111010
0000010100111001101111010010110010100001
1101001110010011001011011100011101001100
1011000101001100011111011101110001110110
0110101101010010001101010100100101000001
0010110110111011001101000011101000010010
0110001011000011111110010110010011111110
0110011101000011000110110110111011111101
1111100111000101110111011001010110100011
1101100111111011001111101011011100011110
0101110011101100111110101010010001101110
0000111001010100010111000101011000100010
0110010001001100001000110100111011111001
0110111100000011111001001000000011101001
1011111110010001001101100011110100001100
1110010111011101101001000010011001100111
1011000010100000000110011010110100101000
0110111100001011001100011001111111110101
0100011111110000011101000100010011110000
1101100010000111001100001011101110011111
1111000111101000111101000101011000101110
1101010111111100101100100110011000000100
0101010001101110000110001100001010010100
0001010111000010101100101010111010010101
0010000000110100010001011101001100101000
1101011100001011100110100010100000010100
0110000000000111100101110100100101101011
1110111111000110100011101001110100101101
1000010010001110111011101100011001010100
1010011010110011100101010100000111111010
1101101110011110100111011101010010100101
0101111000111111011000000110111011110010
1010011001000000011001111101101001100011
1000101100111011111010100111100000001110
1000101000101111110111110011000101111111
0000100101010000100110010100111111011001
1111111000000100100000000010000111010100
0011110101000110110110110010011010110010
1110000111100011110110011110010111000110
1000011111000000011101011000000001111011
1001011110110110000001111011010010111011
1101001010010001100101100011110000101010
1100000111101100000001000011111100000000
1101011111011011111001011011000010010000
0000110010010001000001010001111000001001
0101011001100001011001000100000010100011
0011100111000110110000101000110110010001
1011100011010000001101010111001110010011
0111101011000111111010101110011111011010
0010110010101110001111001001001001110010
1001011101011111111100011101100100110000
1010101001101001101010011001000101000001
1110100010001000111101100001010010111000
0010010010010010010011101000110000110000
0111100011101100000111111000011000010010
1111010110010100100111100010100010000110
1010100111100110010000111111100010110011
0101111111011111001011001000011000110001
0001011101001101010001111111000111101111
1101101110011011111111000011111000001110
0101100100101001010001110010000010110110
0001010110000111111001011100100101000001
1101111111000011010011010000111100100000
0011001111100100001000011100011011010000
0000111111010001110001100011000110011100
1100111110100000110010111110100010001111
0010010001110010101100000101101001000011
1001110111011011001001001110001000101010
0100110010110010110001100000000010100110
0010000100111011101011001111000111000001
0000001100110000101011011111101101101001
1001001101110001111001001000010110011010
1110110100111110000111101110011000101001
0010110101110001001101000101000110110011
1001110110101101010111111100100100101000
0011101011011011110001001000010110010010
1110010111100100011000000111110110001101
1100000111111100100100100111111001010011
0100001111111110110001010100110000101010
1010101000010110100111001111001100011101
1000110100011001110001101000000111001010
0010100111001100110011101101110001000110
0011111111010111011110011011101001001101
0011010110010010000101011000001100011101
0000100111001011110000010111010111010010
1010110011101010001000101010011110110011
1010110100101110101010010010010110101001
1001000000011000000010100000001100101000
0000111100010111000111001000111001111101
0101100000110011011110110100000111101101
1011010001010010111001011011110111000101
1110100111101010001110101001100110100011
1000110100101110001101001010100010110101
1110100110110001011001100010010011000001
1000011101101001110101001001000100110101
1111010000100111011100010101111001010001
1011010010101101000101101100011101010000
1110000011001100101101110000011000001111
0000110011110011011100110110010000001101
1100101010001111100100001110100111101010
0111111011000110100011101100011100000010
0100010001100101100100101001010001010001
1111101100010001011100111010001010001101
0111100110001100000001011001010100110001
1010100101101001011101101010001100001111
1010110000000001111000011111100111011001
1011110111001101010001011100001100101010
1001011110001100000010100000100010000111
1000001000110101000011110001100000111010
0111001001011110011010010110010100000010
0111000110101111110010001011011010110010
0001001001001100001110101001011110001010
1101101011110011100111010101100101111100
0110001111111101001000011011011010100011
1100111100100101100110001001010110110000
1101111100100101010110110000011101001000
1010111101001010111000001010000110011001
0101001100011000100110001100011101110101
1110100110011110110011110110011010011001
1001011010110101001001000101001000010011
1110100000100010010111100110101010011000
1000110100011010110111000010011110110000
1011110000011010100111101100011001111010
1111000100010000110011101100001001111110
0010110111001101101100110001101110111101
1110110100011111000010100100001101010110
1001110111010000011101011001000110100001
0100110010011100100010011000110011101101
0100100001100101110111000000111000001001
1011111100010110101000100100010011110011
1110100100001100110111011110001101010001
1000010011001111111111001011010111110101
1111000111110000101101000010110010001101
0100101011100110101001101010000001001111
0010111111001001111111101111100101011001
1011101010000010010110110111001000001000
1000111111100100001001100001100111000011
0000001001010000010111111100101110011101
0101000000100100001001101000000110001001
0101110100100000110110011001010001100101
1101111110010111011011011011100011001001
1100011010001111101110001111100001000011
1101111100111001110001101001000101110100
0000101111111110101110111000101110101011
0010111000010101000100101001111010001001
0011001111101001001001111001011011011010
1001111101001000110001000111001011100100
0001010000101111100000110010000111110110
1110110010001001101100001011101100110000
0000010110110111011111100110100111111110
0101001100110101110011001010111000001000
1011011010001111111101001100001100110100
0110000011111101110100111001100001010010
1100001101001001110000011010011110010000
0001011111110111010001010011100100010001
0111011001100100111110000100111111001110
0000010001011011110111000000101100010010
1001000011110100010101110011110001100000
0011111001001000110111101010010011011101
1101111110100001001100111101110010100001
0111111100101010101111110101011000100101
0101001100111101111011011111100100011001
0111011011001111001100101010010010101010
0100010000010010101111110111000010100110
0101000100100101110100101000100111110111
0011100001011000111001100000000010000001
0100000011100111000110101001011001001010
0001100001100000110110001010010100100100
0110101111010000101100010100101111000001
1000111001010001101010110100101010100001
0111000010110010111111001100111111000010
0101010010000110000001111010000110011001
0000000101101100111111011100011011101110
0101011000101001000110011011100011101110
1010001011110101110010100111111110010011
1101111001101010101000011100110110000001
1111000010010010100001001110000011001010
1100001001010000010100001000100001100000
0001101111010010001111011110100111101000
0011111111110011111000010001111000010111
1101100001101011000000011001010000100101
1101010000011111100100010111101001101011
0100111010001011001010100010101011000110
1010010010000010000110111001011100101101
1100000100000110111100110110010000000001
1100111011100101100011111101001000110110
0100001111100110111010111000010000011110
1100000001010011011101000011110110000100
0111000010100101011101000111111000111111
0110010011011001011100111110111100101001
1110000001110000111001011101111101010010
0000111010111011110110111011001010110001
1011011010110110110011011100110000100101
1100000111011011011101011011001011111011
1111111010101100110101001100011100100111
0000100000000101111001111000110000010000
0101001000110100111111111100110101010100
0011100011101001110011010000101000001100
0011111111001000110111010111001000010111
1100110110111110010001000011110110000100
0010110110101101101000111010001100000011
1011011000101111011000100110010111110001
1111010001001111110010111000111101100101
0000100010011111111010011011011100111110
0101111101101101000100011001011001001001
1111111101100001110011111010110101111111
1000010111101011111011010101101100110101
0001110010010000010100110100000000001000
0000100010001010100010111010011100000101
0001110100111100000111000010011100100011
0001000100101000010110011111101001011011
1010100110101000010100010010100100000000
0101100110111100010010111111011110100011
0100010011001010011010000100100100111100
0010001100000110001001001001010010000000
0001000100011101100000011111100001100110
1110111010110001101001111111001011000101
0011110100000010100000101011000001001100
1111111100100011101110100001011101111110
1001111000101101100111010110110011010110
1010010001111000101101011010110110101011
0001110110101001101100011000001100010010
1101111011111111101010110011111010101011
0100111011110111011100111100001011001011
0111111011101110011000000101000001000101
0100011011000111110100111011100101010111
0011110101000010001010100110100110101111
0000011110011110001100011101000010110000
0100001011110000000011001011111011000000
0101000011110010010110000110001000101011
1101011000001100110000011110000110010011
1010101110001100011101010110111000101000
0100110001101111110110011110001100001110
0111001010101110100000010110000000100001
0111101010000011001110101010001001001111
1110010001001001101001001110000001011011
1011011000101101010101101000100101011110
0001110101010010011000100000001010011111
0101010011010000011111101001100001101001
0111101001101011111011110010111000000111
0010000110111011110011010001011101011110
0111101101101111000101010011100100100001
1101110001000000010001101111111010000101
1110111111100100010000001101010101110010
0000101001010011101010100110000000001100
1000100101010001011000101011101001000011
1011111111010101100011111000100001101001
0101100110110000100111110111111001000001
1100110110110011100110010000101110010111
1000010111101011101101111011100011010111
0100111010111100100111100100011000110100
1011101011111101101110011101010011001111
0010100101001100111100001101111000000000
1111111011111111001010101000010010110001
1111011010011100011100111101001101000111
0111111001000100110000001101110010110001
1010101101010000101010100010100010011010
1110110010011011100111101111101100011110
0101010110001010101000000011001000110001
0110111111111100111000100101110100111010
1111001110111110110111010001111101100001
1010011110101101111101010001010011101011
0111110111101011010000100001000001110000
0000101001000100011111000000001001110101
1111011010110011001101101000101101100111
0001000010001000110001101110000001011110
1100101110101100100100000101100000010001
0111001101101001010000010110011100010110
1100010110001101011101110100111000001000
0001001000101111001111001001000000111001
1010110011001011001000101000111111110011
1010000110001010011010000010001011111010
1010111110101001111010100111011111101110
1100000010001000011110010010001100000000
0000100010111111001111101101010111101100
1010101110111000111101110100001100101111
1011110001001101010100110001101011100000
1110111101010110010001101000101100000111
0010000100111111110101100110000000000000
0100000110110001100001001010100111111101
0111011100100000011110000100000100011101
1011001000011011110001111110010110011010
1011110000101001101100110011001000000011
1001011011010010001001111100010000101110
0101011001011111100111110010001001110100
1100100111010111110111000010011100101101
1010000010011101001010011101101010100110
0100010101100110000000111000101100000101
0101111100011100110101011100010001100110
0110101010000000000101111110000100111101
1010100001011001011001010100010010101011
1111110001100110010111110010010111000100
1101100110010010010000011111001001010000
1100001011000001100110000001110110100111
1011011100111111110101110110001101101010
1100110100010011101000001100000101100000
0010001011111100010111101001111000111110
0010000011101011110111100010010110110111
0101100010101111000100011111110000011110
0111110100000100110101110010100101110110
1001111011110100110010101010110001101111
1010110111101110011100000010111011010110
0110000010101000000100001111000111101010
0010000011101001101001000101010111101110
1110000100011111101110010100011010000001
1001101111100111001111010000110111111100
0100000111000000110111111010111101100111
1100010100011000011111010001000111100001
1100100010110100010001100110011110110100
0110011110110011101100011100001111101000
1111101011001010001010101100011111001101
0101101101100010000111000000110100100010
1011001110101111010111111000110110111100
0011111110101010001111100100000010001000
1100001111100101110100011101100000111111
1010000110111100101111000111010110101111
0111100010100010000111000011011000100010
1010111001110100000101000100001100000111
0100000100100001100011000100011101101100
0001011111000101001010000101000110000011
0000001010100101111101110110000101101000
1101111111011011100010011101100010010001
1111101001100000100100110001101001111000
1101111011010100000000111100110011010110
1001110011000101010111111111110000111011
1001100110111000110001011100110101001011
0110011110001011010000111001000010001010
0100001111110001010100100011001111010110
1011010011111101110110111001100011011110
1100000111010000101001001000011111100111
1111111000111111011001001000000111111000
0100000010011111110101000101111001110000
1010100011000010101000011101111001111011
1000001101000001100010011101001110100101
1011100011111010001011010001101001111100
1001101111001000000011001000110101110001
1100110000110010110101110100001100101010
1100010000000111111001111110111100100011
0000010101010101111100111100010010110101
1000100101000101111000100010111010010000
1010100011111100011101011110100111010100
0100111101101010101110111100110110001000
0001000000010111101011001011011101100001
1010000011011111100101010101000000110101
0011100111010101101101101100000010010001
1111100011010001000000000010000101011010
0110101010001011010010101100101101110101
0101110011000110100101111100001000000010
0101111011100101110101001000000010100110
1100100110110110010100011000111110100101
1101111101000011110110111110101000110101
1010100111101101000100001011100111011100
0100110110111110010000000100110101110010
1000100110001101101110011010111001100101
0110111001001001000110101001111001010100
1000110010101101011101011101100110100110
1101111111101100101110110011100010001101
1000100111011110011111001000011000101100
1100110001101010010101111011010111101110
1110001100010011100011111101101001000101
0111100100100111001101111111111000101011
1001100110111010110100001110010101100100
0000100011111000001111101000100100101001
0100101011111111110100110101001001110101
1110110000110001111001001001000110010010
0001011011100111001110000110000111111111
1101110100010111110010011010111110000011
0100011000011010001000010010011011001110
0011001111011110001110100111100100111001
1011111110100110110101110001101000110001
1111011110000011111110010000001111111000
0110000000100010011000100100001101111110
0111110011010110010110010010100101110010
1110110100101110000100011101100000001010
0110111001011011011011010010011110111000
1011010100000111101100101001011101000001
1000000000100010000010001011001100010010
1010100111101100100101100100111100000110
0111010110101100100111010000101000011011
1010000100100110111001000000010001000010
1101011010001011010011101110001110111011
1111010010010011010000100110111110001001
1000001000000010001100010011001000001011
0011000110011010101001101010111010010001
0001011100101110110101010100101110001000
0100010110011100110001010000100100011010
0010111111110100000100001001111010010010
1010101010010011010100111011111100010101
0000010100100110111101111101101101111000
1010001000010101010001000100011101001101
0101001000000001101001001111001000001100
1001110001101110101110001110100011011011
1110110110001001111111000101010111011100
0001101001101001111101101101100111100011
1001000000010100010000000011000001101011
1000100111000000001111100111110001011000
0010000110010100000010100101101010111011
0111010011010100110010011011100100000000
1100101001110101001100010010101110000010
0101101000010000010101011001100101011110
1111011110101101000100000001101100010010
1101010100001100110011000000010100100100
0101101000000110110111110001011011010000
1011101101011100100111110000001000011100
1010110001010011011110111011111001001001
0111010001100001001111100100101000101100
1100111111010111001101110101100111100110
1111111101100001010110111101101101010011
0011101101111000111001010010000011100100
1001010010010100001111110110000111111010
1111010101001000110001111001111110001101
0000010100100000000001000011100000000111
0011011101110111001111010100101000001010
0000010101011010010010100111000010001110
1101111111011111001100111001010110100101
0100001010110110110111100001010010011111
0100010011100100010010101111000110010110
1010010000111010000000110110010110100100
1011101001100001101110111111000111111100
1100011110111100100000101010010110111110
0011100011111111001000101001000011001110
1101100001101000110101101100011110101010
1010101000101000000010101101100101101100
0001100101010010010011100001001011100001
1000000110111011110100010110111011010010
1101010000001011101111101110000110010110
0011101001111001010000001011001101101000
0110100101000111101110110101111001011100
0101100110010111010100100111010001100100
1001001100100100010001001000010101000011
1000001001101000010100110000111110100000
0111110101010101000001101001000101100101
0111000011100100101011111001000110100101
1101101011011110110110100010010110001010
1101001111011001001101100101100100111000
0010110010001110101110011001100100111001
1111110010000111100101001101101010110001
0111100100111111011111011000001100001111
0011000011001010100011010100110011110001
0001101110111011110111010010011000100100
1000011101110000000010010100100001111100
0110110100101010000000101110100010100001
0011011001110110000011100110001110001110
0101110010111111101001111101000010011110
1011001011101010001011001100011100100110
1111100100111101100001010001000110100101
0101101110001110000111000110000111101010
0011100110100101110111010110000000101010
1110001101100001101110111101101000111001
1000110101000001110100110110011000100011
1110100111001010000000111010100001111010
1111111111101101101011011011101111100000
0101000100100101100110101110110111000101
1111101010010110100110101010110010110010
1101111010001010111010110010101011000101
1010000011100111000000101011100100110001
0001100100001000110010011101110100100101
0010011011011001000110110111111010101000
1001110000010100100000100110010110001110
0011011110100101001100111000111000111100
1111101101100000000111000101000010011111
0101001101011100100010010010011111001000
0111010101111100000010001001100111010111
0110111101111111010011100100001110010110
1000000001110111100010110100000100111101
0110110111100110001110000011000011010010
1111001010010101100010011101101111001000
0100011000101011010010111101100111011100
1011001110011000011001011010110111011010
1000111110100011110100111011100011010100
0010000111000000101101111000000111011000
1110011101000111110101101100000000100100
1100100100001000100011000000010110001010
0101011100010100000100011000001011010000
1000100101001011100001001000110111101010
1000110101011010101100000001111111111000
1011100010000110100110110011111110011100
1010001100111001101110110000011110100000
0100000000001101010111111010111101011110
1000001011010000000000110010101100110101
0011110101000011100000010110001001011010
0111101110110010111101000011101000110010
1010110101000110011101001100000001100111
1100100110101101001010110110001011000111
0001011011001010000001010001001111110001
1101110000101011001110101010110000000010
0110011011000111011110000011001100011001
0000000000111010010011100111100011100110
1111111001110110100101111001000001101001
0100111111111011110010110011111001101010
1001101100001110110010000100011010110010
1001100000100110010101010100011000011010
1110101000111001101100011000001110011110
1111100110100001001101111111100010011100
1110101111011100111010110001001110100110
0011010110001101101111011000100111001100
1110111110110100011001000101100000011111
1101011000000100001011110000101011001011
0110110001101001010010011111011011111010
0000101000010011111111001011111111000001
1111111101100101101001010110000101101111
1000000100010000000011010100101001001111
0001111100001110011111110110001101000001
1111001010011000101010000111110000111100
1101001001011010011100001010000100100010
1111110001110001000101011000010110001101
0010010100110000001110100000001110011011
0100111100100100000011001011101000000101
0101010000011001110010011001100100001000
1010010010101100101001111001101100001011
0001011000000011110011001011110101100000
0110100101011001111001001101011010001101
1100101110000111110010000001001111100100
0101011110100110111010110101101010110010
1011111100011010001100011101111100111000
1101001111000100001000100101101111100000
0001000101001111010101111011111101110110
1011010111111001111010110111100000110011
0000111010001100111110111101000011000111
0111000001001111011110001000001110000000
0000101001101010110100000001101110101000
0110001010010101010110011011001010111100
0110101111001000101000000101101100101100
0010010111101110101000000101101110000100
0110111101101100111000010101000100100110
1101010101110010001101111011011000101100
0100110010000000001110010011100000000000
0111111000111111001110101000010001001011
0101110001111000011001110001111001111111
1100010010101000000010000100010000001111
0001000011101011000111100110110111000100
1100010111011001000011111000110001110101
0100001001101001011110111101000001000001
0010000101100111110100110011010111110101
1100110101100100000100001011010111001110
0011001111001011011001111001000001101111
0101011111101100101100110100010100010010
1110110000010111011111100010000011101110
0000000001011110011001101111011000000100
0011001000001000001001110101000111000001
1111101110011010100110000000111001101101
1111001000100010110001100101100101101001
1001011110011100111000000000110110000100
0100100101000100110100010000001011010001
1010101111010110011110111100110001111110
1100011110010100001010011001101000000011
0111011000101111000010110011100101101001
0001111010011101000110000101001100100010
0110000100001001011010101000110010011010
1111111110011111011000100011000011100011
1010110011001100101011101001110010011011
0101001100110001101100000000010100001101
0010100011111110010111110001101000110100
1111101000101100101101010111010001001100
1000000001101010001001101011100100101000
1010000001100110011010000000001001010000
1001111100111110010011011101000101000010
1101110001011110000101111000110111001000
1111101001001000110011011111110101111001
1101001011010111010000000010001101111111
0111101010110001001110011100111000010101
0101000001101110100000101110010001101111
1001100110101110111101101001000010101111
0011110010100001001001110001101011111101
0001111110011111000110001111101000111111
0010001010011000010010001101110101110101
0000111001011000001111011010101001011011
