40 1023
0101000111011110010010010010011110010011
0101001110110001010011111100011100000101
0011111100101010001010111110010111011001
1010110001010110010010000011110001001011
1011011010111111010011100000100011110010
1000010100110101010100000101011010111110
1111110101111010000010101100011011110001
1101100001111100100110110101010000111111
1001100010101010101010100001100110000000
0101111101101110100110001101001000111000
0100010111100001101100101011011100100011
1101100110011101011011110110110011010110
0101100000001000000100111110000111110111
1001001010111011101010101000010100110111
0101100111011110001101110111011010111010
1111100101110110010101110000001011001011
0010001010010000010101000000111010000101
1110000100010010100000110001000010100011
0100011000111101010000010000111010101011
1100011000110011000100000111100100100001
0010101111110110001001101011110011011011
1100100000001100001010011111100000100110
0110101111100100010000111011111110101100
1010010110100001110110011011011010011101
1011111001101010111111101011111101011001
1010110100010000010101111111000001011100
0100011110001011100110111011110000011000
1001111001101010100100011110001110010110
0100111001110110010011011011010111010101
1100100011001010000001111010001100101001
1011110010110011101001111010011110000111
0100101110001101101010011101001010101110
0010000101010000010011111011000010100111
1011011000000001001101010111110000111001
0001111111101101000010100110010010011011
1010010001000011001100001101101010110011
1111111000011001010101101101101001000010
1010010010100001001111011111110010010110
1000101110111001110010010001010110010001
1010110110101010011110100001001010001110
0011111001101011010111100101000100111000
1011100110001110110010011101010001011110
0010111111111000100111000001010000011101
1010100010100001111110100001010010101111
0100110010111000100101001001110001011000
0111001111011100111001100111001011100101
1110001111101100111011100011100001010001
1110110000010100111111111001101011001011
1010001111000110111110011110110101100010
1000011001001011101011100101011100000110
0010000101111111010110110111111001001101
1101000111111100001101111111011010000010
0101000011010011000001011001001111000010
1111011101011011110101011010101010100001
1110011010111101110100011100111000011010
1001100110000001000010100001101000011101
0100101000101000110001011110110111000101
1110101001111100001100110110100111000100
0110111111110111100101000110111111000011
1000011111011110001011000000100001011010
1001011011110101001010100100101100011000
0101010001110111000000100000110111010100
0100101001110010010101000000111000010000
1110011011000011111001110000101101111101
1110000111001010110110001111110100100100
0110101001000110110001101101001000001101
0011101010011101000111011100010000111100
0001111010000100011101010110111111100110
0011001111101110101000111010110101001110
1111111111100010101111110010001000001111
0001111010111010100001011101011111001010
1100111011110000111000100000011010110111
1010001100010111100011011111101011110100
1011100100001110110111011011111000011100
0101010110101101101010011101100000110110
0111110011011111000000000011100010101000
0110001000111110011111111011010110000001
0010001111011111101001101001000000001001
0000001011110000001111100010111000011010
1010001100001101110011011010110011011011
1010011000011101011000111100001101010100
0101010011111101101111100001010001000000
1101010100010010101100100000010000011010
0001000110010010011010111010000100001100
1000001100110111010010110110010011111100
1110011111000101000111100100101111101000
1001111110110011010000101001101110101101
1010101010011001011010010100010010111001
1010100100011001111010000011110100110011
1010101010110011111111000101011101001010
1001011000001100001000100101100001110010
1010011010111001001111001100001100101010
1000111111000100100001101111000101110001
0101101011111000000110111101111111001000
1101001001110001011010001110110001001110
1011100111000000001000101001101010110001
1000010101010101000001010100011100100100
0001001010111010011011101001011100000110
1111111110011111000110011111100000001101
1101010100111100001001011111110001101011
0111001100010011000111000100011101010011
1010000101010010011101000101111101100111
1011001101011110010111010110010000001010
0111100100101001100000011010000101010110
0110011010100010010001111001111001001011
1001111101011010000000101111011011110011
0110111011100110100111100110110110111100
0100111101100011011010000011011110111101
0011100111100011110101011101111101001100
1011101000001110110010111010001111011010
0110001010110001111101100110010000010111
0111010101000100110011010010001100110001
1101101110110010111001011100010000111000
1001101101000011011011100011001111101010
0011011111001101111011000101100011110101
0100011001110111101011111111000011110000
0111010011100110010010100001011000111010
0110000101001010100011000111001111110001
1111111100010010101010110001001011111101
0011011111111100011110111110110000000000
0011011011010011001011011110011000110101
0001110101000010111101101000000011110110
0110111110100100001101111111010111011010
0110100110001001011110100101010101110101
1101101001100000101010111010000111100000
0110011001011011100101001010101110010100
0100011001110101001001110110100001001111
1010010101001101110111000010100101101000
0001101100010011100101100000001011111011
1111010101100000100001010001010110101001
1110100101010000101100100001110011010001
1110001111100100000110110111011010101111
0001111001001110000110100100110000001010
1100101111001111000010000101011100010010
0101101011011110001100100011000000001010
1100000110110100101011111010101000000110
0011010101101100111110101110101000011110
0011011100101100001100001111001011100110
0110111100010101100111001011000111101111
0000101001001011110001100011010000011011
1011111111000010000011000110010100000101
1111111101101001010110010011001100100100
0010010110000010011101110100010111001010
0110100101110101110101010001000000101110
1110100100000111101011111011100001101001
1010100001000110100001000000110101001000
0000011110101101111001001101000110100010
1000011111011011010001011101101000101100
1010010001001011010111011011111111010110
0111110100010001101111100111111001101011
0001011000011000100001001011010011111010
1001000000011011110111101000101111100011
1010011110010010011111010000101010010101
1110101111110001100010101101100111110001
1111011100111011010110111001101111110001
1111011001101000110101011110111101110001
1100110001101101100011101001010111111010
1101000010101111110100011110001010011000
1001100101001010111000111000001110010100
0111101011010111100001100110001001100000
1010000111001000010000000010101111000011
1000001110101101110011010001001011100111
0111110101100010111100101001011011011111
1101001111100100101001001101010000000100
1100011010100000001101101111100001010101
1101011001001000000010011010000011101100
0010101110011011100111000010101000001110
0010001011000110011000111010110000010111
0001111000001101000101100110001100000110
1001000011010101010011001110100011001001
1011011110110100001111101011010000110010
0110100011101010010000011100000100010011
1011010000111001101001000111101111111001
1010010110100101110110010000100100010101
0100100100001011110001111011000000001101
0101000010100011110100101101001110110010
1100010001011101111101011111000110110111
0101011010001001011000000100000011001000
1101000011010101001101111111100010001110
0100001111000110111111100101110000001111
0111000010100001111000011100010100101000
0111010111101100100100111011111000100001
0111111000001001101110000110110000111000
0000001110011101010011010010101100010111
0000000111011101011111001111111000010011
1011111111011100101101010110011000100001
0000111101010000011111010111101001011001
0001001011000110010111000111100010001011
0100100000110111010011001100111010000110
0001101100111110110000000110101101110100
0110000001111111000100111111111011110011
0011000100011010011001011101001100000010
1001001111101001100110001000100100000101
0111001001110001010001111110001011101100
0001011100111000011011110000100100111100
0001101000001001010110000100100000001000
1000111010111100001010100001001000010110
0000010010000100110010011010010011101010
0111100111001101011101001100001100010010
0011111010011010000100100110100001011010
0011010111111111100101001011001000011101
0010110110100111110100001011010101010000
0000110001010000101001010100101100001101
0100011010010011010001110110001001000101
0011110011000001010000100101001110000001
0110111000101011111110000011011000100011
1100100100010111100000111001100100011111
0100000001001110101000001110010110001000
1001100011111001110010110110001010011000
0100101010010100010011111010010101101000
0100110010110010110110111000110000110101
1110001001101011110100101001010001110100
0010101111000101111010011000101101010011
1110111010100100100010000000100010011001
0110011111100000001000100000011111011110
1110001101000111011010111011100101001011
0110110111001110111010010110011011111011
1000110000111011101011010100001100011101
1011011101111100001100001011011001111011
1001101110001100111101111010100001100001
1111010001010011010101001101000001110000
0111110101100010100000100011111010011111
0000001110000001011110100011010101101000
0101101101011001111110111010100010101100
1001011111000111011000111101111001001111
0111011100110100110111010000001010000011
0110000111111001110110101001001010001000
1010010101000001111000101101100010011111
0100000010011111011111010001001101011111
1101110100001011010110101010101111010101
0000001110110110000000100000011001000001
1001110011100100101111000110101010000101
0011011100111111001100010101111111010000
1100010110011110010110100110101001000001
0101001001101001011001001011000001000100
0010111101010101000111101111001011011111
0000100111000110100000111011100110010000
0000000101011111111011111010100100000010
0001100110111110101110001000110110000001
0010110101111111001100100100010110000010
0010011111101110011011110010000011111101
0011100111000101001111001111101111001110
0100011100111001010111010111100100010001
1010000100011000001110001100011111111100
0100001101101100110100011101010111011011
0100110101000100100001000010100011001101
1001110100110001010001000101001011000011
1011101011000110000000010100010110000110
1101011111001010100111001100110010010100
1010101000111011001001010111110000000100
0001110000100011001001000000110100101011
1010011111111100111111100110010011110111
0111011110111000111100010010000111111101
0111001001000011011000000000110101010011
1110100110000111111111100100011010110001
1000001010100001100000100010100110001100
0101100001110001101001000010001011100101
1000001110001111010010110110101101101001
1111011000100100100001110111000110001111
0100101010000110101011101010100111001111
1110111110110001000011101000110110000100
1111111011000110111111000110010000000111
1110001111001101010111000010000011110100
1101101000011000011111110010001001010011
1000010110100010111000010011000010100011
1010011000010111101011001001010110000100
0110111100111100001110110011000111110100
0001010110110001101100110000000001000111
1011100000011001101101111001011101000000
1010100010100111011011110100101010111011
1010011101011100110100010000111010001111
1110010100101010111101111100110101110000
0101011101101000111111111101001001011101
0011110111101010010100100001011000100101
0000110011110000111001001100101101101101
1000111010000101101011011101001010111011
1010100100111000111000000100000011000010
0000101011101101111001000010110100100011
1011000110100011111110010101100010000000
1010001001100110011000101111000101011100
0010001111000100111010100011000110101000
0010111000110001010011010110000010000010
1010100100000010000100001110001000101000
0010101110101101010010110011110000011011
1001011100011101011010011101000110111001
1110010010001001000000011110100000110010
0000101100000001110111010101100100101000
0011111000000110101110100110011010100100
1100000111100000111111011110011100101100
0101100011001001100011010110111011100000
1111001001010111001111000100000110111001
0111110001000100000010101101101110111100
1110000110001000001011001011011011110100
0001011110110011001000000110100101010011
0101000011000101000000001101100000011001
1101010110100111101010110010101011111000
0111010100100101110000101010001001110010
0011011010111000001011111011111001101001
1001010111000000000110010100110001100111
1101011010111001100100011011101100011000
0011111011110011000010001100111000010101
0100111100011100110101100101011101110110
1001101100011100010111011111110000111011
0111100000011001111010010011000010100100
0110001100010011110000001010110010000110
1011011000100101011111010111011000101111
1101110101111101101000000001101110101000
0101101101010111111011111110010100101110
1101000011101111001011110000111001010101
1110111101110000101110001101000111001100
0000110101000010001101011100111011111000
1110110001001110100110001111101100011000
1000000000110110001001000111011111100000
1110100010010011111100000100111111000110
1010000001000000111000011010100111011101
1000010000000110011011011000101000100101
1010001101011100101110100010111101111110
0101100100010000101001011011111001001111
0111011010010011111111010100111100100100
0111010110100001001101100111110001001010
0001000110111011100000000010100110110101
1111100001111100011101100101001011101011
0110101100010011110000000000101011110110
0110000100100101110010010010011001001011
1110010100001011110010010000100110010110
1101100101101001101001010100001101111010
0100100011010011010111110011101100111111
1011010001010100010011011000110000111000
0110100011100000101101111001110110001011
0001001101011001110011100100110000100111
0100011100010010110010101010001010111101
1011000111001011100000001101011011101011
0100100111011001100100111001011110110010
1001111001101111100010011111010110010110
0011000100110111100000101001100000101011
1010100000000110110100001011100101011110
1010001110010100001011001001011100100110
0001111111011110001110000011010101000001
1100011001101110110001100101010110101101
1100110100101000110001000100011010001111
0000100111000110100001101000000100101011
1100110110111010010100000110110111110000
1001000011011000100011001101010001000001
1101100000010011100111101001001110000111
0100101101101011011011101000001100101011
1100100111110100100010001100100111110111
1000110101010000110110001001000000111101
1111011010100001001001011001100111001110
0101111110001110101010001000110100101010
0000000011010111000010110011110000110000
1011111111101100101000001101000100001010
1101011011110000110110100000110110000100
1010010010010100100001010000110001100000
0100010001110100001010111101100110000011
1001011111101011111100111011011111001101
1011000111101101011111100010111011011000
0101011110010101111011101001110011101000
0110100111011101100100101100101010010101
1111110111110001110001000010001011010001
1110110001000001000101011101000111001011
0100011011101100010110110110111010011110
1001111110010100111001110010111100110101
0000101110001010101001101100111010011101
0000010110001010101001100101110100010111
1010111110001110011010101101001101101100
0000011101111000100100111110100001001001
0101110101001101111111011100100000110101
0010110111000111000110011110011001010110
1000111001101101000010111100010000110110
1111000010111110011111000101110101001010
0000010100111001111001101110100010000100
0011000100101111110010011101111110011011
1100100011001001110000110011011101001000
1110100000111110001101111110001110100010
0000111101101001010110000100010101100001
1001010110011101101011100101111100101110
1101100101011110001100100100001000101001
1011101010000110100010011111011111101010
0011101101100010100101100101101001100100
0111011001011001111101010111010101000101
1001111111000110111001110100001000001011
1011010101001110100111011001110011101001
1110000100101000001000101110111101011100
0111001000000011011000010010100011110111
0101001100101111011100011011010100001101
1100010111000011010111000010111110110001
1001010110000001001101110010100011001110
1100000000100111111110010100101000101011
1100100000000001111000111101011000101100
1111100100110111011101011001001011001110
0011101100001000110101010010011000111111
0001011101011001100111001110001110100001
1101011100111010001011010111100000100111
1011110010000111010001100110110000000011
0001111101101011001111001101011010011111
1101110011100100000010111000001101001111
0000110101001100010100100000100101010010
0100101100011011010010010011111100110101
0111011101101100011100000110010111110000
1000000010100111110100100001110000010100
1110101101000010001010010001000010101110
1010110000100001010001010100011011111010
1110100110010110100001001001011001001010
1011001010001010000101011000101010101110
1000110100110011100001001010011100111101
1100011011100010010111100111001010001001
0100010101100101011010110001100110001110
0111010111100100010100001101100001100111
1111010100001001000000101000001101100010
0101110011000101110111000010100101001111
0111100001001011111111110010100100001010
0100001011001110111011011110010100011010
1101111110010001001011100010001111010111
0111101010110110101110011111111111111111
0111101011000010100000100010111101001001
0010011000001110110100010100000011000101
1011110100000010000011011001110110011100
0110000101010001110001011111110001111101
1111110000001001111110010110100111010010
1000000101110111111001101100001000011001
0101101100110100010010110011110101100111
0010110101000010110001101110101101111110
0001100101101011001000000111111111010110
0100010111010010011010110100110000110011
0000101110100101111001000111101110011100
1101110010110000000010010110010011100110
1010101101100101010001000001001011100000
0100111111000101100100011101011100000100
1000100100000110111011010101010011011010
1011000111101101011010000111010100111100
0001100001100010010000111111011001110110
1011010111110111111011100110011010001000
0000011101101100000100001101101011100110
1100001101101100011101011000111111100111
1000100100001010100110101110011100100110
1001010001100100011100010101101111000111
0001110100111101010000101001101000111111
0111000110010100101110111100010101101011
0101001001010100010110110100011111111100
0111001110001100011110110010011101011010
0101100110010001100111101101101011001111
1101000010100001111010100100100110111100
0101000000100101011000100101101111010000
1100001011010111011010001011001010011001
0100111111101110100100011010111100101111
0000000100110010001111000001001000111111
0001111010011011001000011010101001101111
0110100100010001011100011101000001001001
0111110111001011110111001111111110111110
0000001000001101010000000111101001011111
0111011010110000000011001010001100100100
0111000110000001110001000111001100111100
0101011110111101011001101011111100101110
0011000111011101001010100011111101100010
0111001101011011111101111010000001010000
1011001100001000001110110000100101010010
1000001110011111001010011000111010010001
1000101101011011110111100101111110100101
0111000000001000101010110000111110001000
0101011010111011011000101001111010001010
1001011101000101000100000000111001000101
1001011100111001001010111010001110110011
0101110111010000110100001000011101010000
1011110100010011001101101100010010100110
0010111010011101100001101110001001101010
0000100011110001100011101110110001010001
1010000101011101010110101100000011010100
0001010010010111101101101110101110001010
1011111111101101101010111011010001010101
1100111100110000111001000111010111110101
1010010011011011101110011011111100000100
0011111110110011010100000110101101111100
1001001111110100010111110100001000111111
1111110010000111100100011011110001111111
0111001111011001011111000101101110010001
0011110001010010000110110110011101010111
1000001110100111000101110011000000101000
0010000011011001001001011011111100000110
1011011101101111101010100011011010000010
1011011011010001111000010010010010010111
1000001001001111111101011010011011000000
1011011011011000110110100111000100100100
1010000100110000001101100011001000010010
1011100011011011110010010011001100101000
0000011010100001111001101101011001011111
1101001111111010110011101000011000001011
0111001101110100110101110111100010111000
0011011111011010110000000100111000100101
0011010110011000011111011101110001000001
0000111110010110101000110001000011110001
1011011001111011101101100100111001000111
0100001110110101001001110010011001110011
1101000100010111001001010000100000000101
1101101010101001001101000000100100001100
1011001011111001001101000001111111101111
1111001001101100100000001000001110011110
0101110010001110110101011011011011111101
1111100010001111010110010100101000111010
1001111111011011111101001010111011101100
0111011010100000110100000001101001000101
1001001011110011111000100110011101011000
1010110110100100110010111010110110011111
0111110000110100001110100111001101111100
1111111010100010000100000110000001000010
0010110110100100001110001010100110001100
0010101011101010001011001010100111101001
1100110000101110111100010000110101001100
1011110111110101111010000111100001000010
1001000111111010000010101011010011000100
1111001011010010011110011101000111110001
0110101001000110000010000000100101110010
1100100100000111010111011011110111110010
1010100000110011011100000111101101011010
0001100000111000101000110101101010110000
1000110100110111111110000110000001000100
0000000001000010001001011101111101001001
0101010010111010110110100000001101111000
1010011011110101100011011110111111001101
0111000000100111001101000100000011100110
0010011000011001110100010111100000010110
0001111101101100110101001011010110000101
0011101110010101100001011010001011001011
0101000111111111001110101101111000011100
0001101101111001110001110011110100001111
1011011011101011110111000010101011111101
0011100000010100001001001010001101101110
0010011000000011010110010011001111010100
0000111111111101100001001111111001001010
1000000101101110101001111001000000111110
0001010000100011111011000100100100000001
0100111001100000101010111001010111011100
0000001100000001000111000010000110110100
0111100000111001001111010010100110101111
0111100111101000011100101110001001010000
0010010011000000100110000110011000011000
0011111100110110100101101000111111000001
0111011000001101011000011000111110111100
0001101100111101110111110000100111101001
0100100111000011100110001000011101100010
0111100110101111001010110100000111111001
1100001011011011100000010100110010010000
1000001100010000000111110111110110011100
1110110011110011110001011000110010001101
0100100100101101011110111111101001101101
1000111001110001101010010110110011000001
0100100001011011100000000011100101100000
0101010001000100001100010110000100101001
0001110110000011001111011010000111000011
0101101110110010001101010000110111101000
1010101001111111011000010000001100010110
0011101110100011110110111010001100000010
1000101101001000111110011111001010000010
1110010101001011100111001101001101001010
0101000010111111001010000011001000011101
0000100111010101011000001111011111011010
1011001101001011111110011001101101100011
1001000101100110000111001011110000010101
0100001001010100000011011111110010010110
1000010001111100110100001110000111000011
1011011011011110011011010111011101000010
1100101110000110001000010010101111100001
1110001100010000100011001111011010100011
1110111001010111100011000000100010101110
1110111001110111001101100110000011100011
0001010101111101110011011000001010010100
0111110001011111101010001111111111110011
0000011101011111100110111000110001111000
1100111111101110010101100100011100111100
1011111100010111001001000101111010111011
1111000001111010111100011101011100111110
1111010101000111001110000011000001111000
1011110110000110010001011111110110101000
0111000001111011110001100101011101110100
0101111111110100000011111010111111100011
0000100100011001011001010110111001011001
0000101011000001000000100100101100011000
1010101111101101010100111101011010000100
1000111001010101110100011001001111101010
0100111011110101100011001000111011011100
1111001111000100010110011111110011101000
0101010111101000010110011010011101101010
1001111000000010101011001100101000110010
1100111011001101011111101110110000000010
1010100100100010011010111000010000010100
0010000110011011111110010100011001010111
1001111000000111001100000111100111111111
0011110011011000111111100111110011110010
1110010110101011101101110010100101000000
0110000000001011001011111010100100001101
0111011010010110101001111001000010111010
0100000110000001010111000110110111000000
1101010110001001111001010011110011010000
0010010100001100101101110100101000100110
0000111010010010110011101001110101100010
1010101101000111100110110000011101001001
1010100101111001100001111101100111101111
0100011101111101101010000000110010111100
1000011111111011001010000100100011000011
1101011011100101000010100110101101110101
0100001010001111111110110010110111011010
0110000001110001000110011110000110110000
1101101110101101010110001111101110011001
1111010111010111010001110101001100110110
1101110000001100101010011001010111011100
0000001110001001001110000100000000000110
0110010011001110111101110101110110011011
0110111110010110001001110100101000001101
0110011110010010111010111000100111100000
1010000010110101001010010110101010111001
1010111100011101011110011111100100010000
1001010110011100110000100101001000001101
0100110101000011101101100000111101110100
1101100000011011000000100110011010101100
1000000011001000011100001100100010011000
1001110100011111111000111110010110000011
0010111111101111000010010101100100011001
1011101101101110101010011010010011011000
1010100101111111111100110010111010000101
0000110010101111001100110101101111010111
1001010001001110000010001000101101101010
1000100111000000011100110110010101111111
0100100011110100111100001011000111111000
1110111011110000010001001010010010011101
1000101100111011000100110110111110110000
0001000110010011110101011011001101011010
1001000110111001101110100011111110110110
0011100101101110011001011001010110100101
1111110101111110000100001001110110100011
0100101010111000110010011101001000011101
1011100101001101111111010011011100000100
0111010110011011111011011111000100000110
1100111001101110110110011000110001101000
0011001111100000110100010001001000100011
1001111111110011100100111000110010001100
0101111000100100111010101110011000000011
1011001011010001000000101101111100010111
1011111110001110111001011010111101100100
0110001000000010001010001010011101101101
0110110111101101011011100001011100100011
1001110100000011011000010111011111010101
1101110110111111010001111100100011111101
0111000011000100100110100010100011001100
0100000111010101100111111011101001100100
0001010001111011011001101111011011110000
1000110001011010111010101101110100110111
1100010011011110001110001001111100001000
1111001111011111001111000010100000001101
1001111000000110101000100111011110001000
1010000000010101100111010010100001010010
1101000111101101110001111010100101001000
0111010000010000000001011011110110001101
0110011000100101101011111011110111000101
0001100001011011010010100110011111100100
0010010001010100101001110000111001001111
1101001001100000111010111000010010101101
1101111001000110110010111000101101010001
1001111011010111000011100110101110110010
1010001100100010010001011111011001001100
0000000110101101011111011101010011011100
0100101001110101001100001101101101110111
1010001101100000111100111011001010000000
0100011011110110100111110010110101000100
1000010010011011101111001100111010001001
0110100111000110100000101111011001000101
1100001001111111100011000100111110100000
0001101110111111001010001100011000000001
1000100100101101010010100000001111011100
0011110111000010100001110010111101101110
0101010100011111000000111000010011111110
1011100011111100010101110110100011111000
1011100111000111010010000001101000000110
0010100100111000010100000100101101011101
0000001101110100001111001011110001010001
0001010111100110111001000010101110101010
0110110111000110101010110001111100001011
0100101000100101100100111111000000110110
1100001110110000000100111101010010000001
0111101111111111100101001010001011001011
0001010101001011001001110100011001100110
0110000011101110001101010011101101001111
1110000000001111111011101011000001011001
0010010001001000010000001011110110110110
1001010110110101010100100100110000111011
0010100011110000101111111011111100000010
0001110011011101010110001010111011001100
1100100010110111011001001001001001011111
1110000111100001111001001011001100101001
0100110001011001000101001010101001011011
1111110111000000110111101000101101101111
1100010111110001100110101100110011011110
0101001000100111101010101101111101110001
1111010010100001001000100111001000101110
0010110111000001111001000001001001011010
1001101111100101101111010000110000001011
0000110111100000010001101100001010101100
1100100100110000110110100111000110010010
1010110000101010111100001011111001011011
0001001100000111001101011111011001111010
1110111100100101010110000100010100001110
0100100110100100101110100010001101001111
0011111111111000101001100100010100000001
1110011100110110101100111000111010001010
0111110111101111100110101111101110001000
1001011000110100111000100100011110110110
0001010011100110001110100000001010110010
0110110000010100111011001011001011001111
1101010100000000100010110101101101010011
1010000000011101010011001000100101010010
0100011010000001010110001011010111001001
1110100010110101010111111011010010000011
0011011111000000101011001001110111000001
0011011010010110100011100001100110100100
1111111011110111010000100101000111001011
0000010110111111101111101001000000010101
0011001000001000111110100010100001011001
1100010001010001000011111110011000100100
1110110011011011010010101110100111101101
0100111111110010001111111110111111010010
1101000101101100000001110011011010100100
1001000101100010010001001000101001010011
1001010010100111101110010001110011100001
0101111000011011101010001001101001000000
0110101000100101010010010111101110101010
0011011001000111101111010100100001011101
1010010101010110010101110100100001100111
1100100110110000100000010001101110101010
1101110111110110000101001101000001110100
0010101010011111111001001000010011011101
0101001101000000010001110001110110010111
0001011010000010010111000010101101010111
0010101010000100101010110110111101110010
1111100000010110101111000100111000011101
0110101010110111001111110001111110001110
0100000111111001010011101100100010000110
0101100000011110010010000010110110111100
0010000110011111101101010101010110001111
1011110001001010011011100000010111001001
0101011001100101011110011111000010101010
0111000000111011110110110100100101001110
0001100010001001011111111010110100001010
0110111111011110001110111010000010000101
1000010100101100010011011000111110111001
1011001111000111010101111111100100011011
1011100011111010101010101110110110011001
0000011010101011101000100000111000010000
0110000110011100001000011110011111110111
0001100111101101001110101100001110100110
1101111100111100010011111000101111000111
1010001110101110011100001000111101100010
1100010110000101011100011110111011001000
1010001101111101001101110111101010100100
0100010101010101100110110100100111011100
1000011010110111000000100001000110011011
0000010000100110111101110110001000110101
1100000100011010001111110000111011000010
0110111010111101100100100010000100011011
1011011101101011011101001101010100001010
1111001001000000110010011111011010101110
1101010001101110001001000111000110110011
0100001000011000010100000000011110111000
1110101001000001111100000011001110101000
0100000000100000110001000000010110111110
0100010110101011010000001000100000101100
0011001100110111101000100000111111001110
1101011111010011110110001101111110011001
1000110011011111101101010110010011011000
1001010001001010000010110100011000000111
1110100001100001110100100001010010010101
0111011110111010010111110001110110110110
1001001100111101000000011111000101010100
1100010001101010000001110010101111000000
1000100101100001111010101010001110100000
0110011010010010101110000001011101001000
0101011001000001001011011001011111110100
1101100000110000110001111000100001011010
0011000101000110111101011010011100001010
0010100111111010100100000010101100100110
1011011111010111100010111100101110101011
0111111010111000010110010011110111100011
1110011011000001001010110100001001111111
1011010100010111110111001011011111011010
1000100000000100101010101100010101000000
1011101011011001101111100011001001010010
0100010000011000110111101100001101111010
1110100010110000100110110101000000101000
0100001010000110111100011100100111000001
1100010001001010111101011110101000001101
1010011010000001100000101101110110101100
1110110100001001001011001000111100010100
1010010101100000110010011000111101011110
0111011111000111000000010101101100011010
1010111111100011110000010000111101001011
1010010011110000000000011110110000001101
0111111101001011110011010101001100100110
1000001000101010101010001110100111110110
1101001100011001110111000000010000100010
0001010110111010000010101110010010001101
0111101000100110101000101101010010010000
0111110001001100000100011011101010100111
1111010101001000011101000000001011010100
0100111100110110010101010010011111100010
1100001111011100010111010100010110000001
1000100110101001100000111010001000011111
1101000010011011100000110100100101100110
1010111010100101011001101110010101111011
1110000001111111001101101110011000010111
1010110110010001010000101010000100001001
1011000111110011111101001100000101111111
1001101100011100110011000111001001011001
0011110100111111100100001100011000101100
0001111110000010001110111001110011101000
0010101000010011011101100000111100010111
1100110000100001100011011011110011011101
1011111110001111010000011110110011111001
0011000110000110100111101101110010111001
0111100011100010110110001101101111111011
1001111000110111100010000100100110100100
1100000110010000111011001110010101010101
1011111111111100010001101101100101000010
0000100010000011100010011000011010000000
0001010011101011010000101001111001010110
0010101010101110010010010110010001101111
1011011101100011010110010010111101001101
1101101001010000101111100000011111001111
0000000101111001110101110111010110010010
0111010111111000010010110011110100000011
0111010010111001101100010111100010000000
1101000001100001111011010001111000110100
1010110111111001011001010011011100110010
0011011110100100101100100001001111111100
0011100101000101111000010110110011000010
1110110101101001110101101100001001100110
1100100101000110100000100111011011100001
0000011100011010110111110000110000001100
1011111001000100111001011110010111111000
1001100010111111110110100001000100110100
0101011010000101110101001100111010010100
0001011110100011100111011100101010100001
0100001000101000111100111101100000111011
1111100110011000011001010111101110100010
0001001000001000111101000111000111001110
0101100111010100010101110101111001011011
1110001001110000010011100010001101011001
1111111111110100010000011100111011000110
1011010011100011011101011101010010110010
0010100111011000010011101011100000101100
1111000100010010100100000111001111101001
1010100111101011011010110101110110101101
0001110101100011010011000100110101110110
1000110011100011100010001100100010011010
1110001111101101111000000001100010000111
1010011010111001101111010011000111101001
1110100000000001001011011011111111000100
1111000001110010101000101011001000011100
0011101110101111000001000000111101100001
0001011001111001110100100001001001101101
1101100110101100000010010110001111101111
0101001111100111011001110010000110011000
0000110011101110100011011101110001001101
1001011000110101010010000001011011100110
0010110100110111110000001101100110101000
1101111001000011010110110011101010001001
1010011110000011000101101110010101111101
0111111111000110001111111010100001010111
0011001111010101000010011101011011111010
1110101100101001000000000011100001100001
0101101001000101100100011101111001110000
0011111101010000000101010101001010010111
1011000000000010111111000101010011001010
1000011011010001111001001000110010001101
0110101001001011111101010111000111010001
0101001001001011001111010000111111001110
1110010010101011010011011010010110101100
0101000011011110101101010010101011110101
1001010110110100110010111110001111001001
1100100001111001000110110010110111100010
0111111010101001000010110100001000111100
1111111101010101111101111001110100110101
1101111010101110001101001101001100111001
0000101011000111100001101111101110011011
1111010110110010111010010001100010011000
0011001101100001000101110100101011101000
0010101111111110111101011110110001100101
0110001011000011011111111010111011001000
0010110001001110010110011000100010101000
1111100000000010000000101000101011111011
0011111010001010011110000110010001100001
0010111110010111101001101100000010000110
0111000010111010011101101110101101010001
0101101111101010011010011010100011101100
1100100001100100011110000011000111001100
1000110000001111001110110110000011111100
0111011001100101111111110101111011110111
1001110100100000011100001001111010100100
1010111000110110111011010000100100010100
1100110011110110100110111011010000110011
1011100001110000001110001111001110110001
1001001101100011001110001101101000111101
0110110001010111100101110110000001101111
1101000000000010010110000111111111111001
1011000000101110000111010100110110011001
0000001100000111101010001011001111110010
0010000000111110000110101001111100101010
0000000110010010110111001001011001010010
1100001101010001111110110101010111111100
1110111110101011000001110111101010011101
1110001011011000001100110011100011111110
0111101111010111101100000011000010101001
1010110010010001010110100110100000011001
1100001010001110100000110001001010101101
1011101001101110011101100111001111101101
0100011000100010101100111100101010010101
0010001001011111110110101100101100000111
0100000000011001100111101010010010001100
0110111011010100011100101011011001100111
1110100001001000100111110111000111000010
0001001100110101110010000110110100011110
1011110110001000011100111100110011001001
0100110110001011010000010111100001111100
1111010110100001001000000001001000101111
1100110011111111000011000001001100000111
1000010010110010011010001010001111100101
1101110110110100010100110111110100110000
1111011001001010011100010100100000101111
0010010000111100001000110011100000001111
0101001100110010101101000111111001101001
1101010011011100110100110110011101010110
0100110110111111010001000011100000100110
1110011110100110001111110111001001111010
0111110010110010111110001101001010111100
0001101001000001011001010100100110100110
1101010000101101010100100011100001010111
1000101010000011000111100111011000010000
0000101101011000111000111110101111111101
1001110011111110101100110011000100000011
1111110110110111000111000000001011110011
0101011010111111111110100011100011101001
0001100010000101011111011001101011101010
1001001110010111101010110010011110111001
1110001010010111111100000000110011100111
0111010111011010110001110001111110011011
1110111101110111110111111011010001101100
1010100100110011111001010011000101110111
0011100001010000111101101110001111100111
1101111101011010111111111000011010110011
0000101011100000011011101001111000100111
1100011001100010101000101101000011110010
1101110110101011101100001010001010011011
1101111011111001110001101100001111011010
1110010001110100011001111111111100010001
0011111101001010111000111000101000101010
1000000100000110000101101111000000010110
0111011011101111101001010001110011011011
1101111010010111001111111011010001011100
0101101000110000001110110111100101101011
1011101000011101110110110110000110000111
1111111111001100100110110110110010000001
0110001011010011010011110001001111000000
0101101001101010011101011101111001001100
1000001100010101110100100011110110110001
0100000101111001000011110100101100110111
1100100110110110011111011011000111110011
1011100111110010110100011011000000111000
0110000111110110111000011010000010000100
1111101110000110010100110111100001011100
1111011011110011100110000010011001010100
0101000010100101000000111000011001100000
0011010100110011111001111111000101101011
0010010101001111100010100010010000010001
1101000001101101101100010011100000111000
0011001000110111111010010001110011001100
1001110010110100111011100100110101111100
0100000100010010110101111111100110101000
1110110010000001111111011001101010000001
0000110110110111110101011111001010110110
0011100111111010110110101010101011101001
1111111100110010010100100001101001001110
1110011110000001001110101101111001001010
0001100110000101110000010101110001111011
0010111001010110101111001110100100100000
1010100110010001011100111110100110001100
0011111011001101110000111101100101110100
0011101100000100001010101010011001100000
0011010010101101101010001110100101110011
0111010000110101011000110011100100110010
1000101101011100011110110000000101011110
1101100001111000010010100101110101110110
0100010011100110010111101010000001001001
1110100110101110000001110011010000011111
1111101100001011110111010011010110101011
1101010100101100111100110100101100110111
1101001111111100000101011100000100101001
0000000011111011100001110100010010011100
0101101110101001101111010001111111010010
0100100001011110101101011111000110110100
1101100101001000001011011001110010010110
0010110100001010101010111010100101010111
0101010101010100011001100111001100110110
0111001110001001010001010010111001100101
0010101110011100110100001100010010010111
1010011111001000011100000000110001011011
0101110101010100101110000110010100100011
0100111101000011100101011011001011111001
1110000100011000101100001011101000111101
1011101010101111010111011011000011001001
0000100100100100001101101110111000101111
0010011011010100001101100001111010101000
1100010000000001101101101011110110010011
1011100001010111000110100010110100001011
1010010000000001010110001101101110010100
1100000000000111111011100010001110100111
0011000100000111101101101010000010110100
1101110010111101011110101100000101000000
0110000100011000011110001010101011111101
1000010100110111101011010001010001010111
1010110000111010100011111010010000000010
1101111110100011111000011000111001000111
0000001011011101011010011110101110110101
1000011110101110000101010100100001100101
0101101111101001010110100110001110000011
1010110011001001101110101110100000110001
0101100011010000010101000011010011110111
0001111100010101110010111010100110010010
