40 1023
0101010010110111011111100110010111001000
1000111010101110110010000001111000100110
1010011010000001101000101101000100000011
0111011001111101011000000011011100000111
1000110111111101010110010111110001110101
0010100010110001011101000100111100010010
1101000100010111010000100100111111010100
0101101100010000100100011110110000101100
0001100101110111000100000000001101000111
0101100001001111010000001000100111000101
1010000101010101101000010100001100010010
1011011010101010111011010110011100111111
1111011000111100110011011000100101111101
0111010100010011100000100101011100011010
1000000110011011010100010111000011111100
1110000000101111111100010000010101011111
1010111100111110011111010100010111010010
0100001101100011010010101111111101101110
1001011100011011111011011100000110000000
0111000100100101000011111010111000111101
0010001000010001101001000001100111010110
1011100111001010101000001000001111000001
0100011110010010110000111010000001001001
0011100010010010110000101100110101000101
1010000111111001111011000011001001110000
0011111111011000001011000110001011100010
1011101111110101101010101101001010110000
1001001000111110011000011100100100111011
1011000001110101001000101111100100010001
1100110110011011010011000100100101101100
1100111000100110000000100101000110111100
0001010110111010010111111110100001110001
1001000110000101001110001100110110110011
0101011110111011111001110101000100100110
0110110001011010010111110101000111111010
1010000101011101010110110101110001010011
1011001110010011100010100000111111110000
0100111010100110000010111101110001110100
0110110100111101110000011100110001010001
0100110001001101101100010010001111000010
0011100100000001111100001100111111000001
1001110111110101001101101111100111011110
0100000001011110101010001010010000110001
0001111111010000010010100110010101010101
0101011011110000010101010000110011101101
1101000100011000011011000100011010011001
1110111110010001100110011101000001011101
0111001110111000101101011011110100111110
0110100011001111011010111000101010011010
0101111111011100011000111100001011000110
1111110011010010001011001111001001001101
1100110111000110010000010101001010110010
1111110100101000110110010001101110101010
1111000100001111110010111001011011010010
0010011111010001010110001001101101001110
1011000111000100110100111110111000111010
0110010010100011100010001000110011001111
1001100011010001001100111101000111100001
1001101101101101100100011111110101010111
1000111100000100110100010111001111000101
0010110110010100101100011111000111011011
1101000000000001000100011101111110111001
0100011110110011010011100000110010001001
0100100101110101110000011110000111111101
0011010110011100000101001100000000111000
1100010111001010100101000100010110111000
1101111110001101100011101110011110010000
0111101110110000101101101111101100010001
1010001011010100111110100001111010101100
0011010001000010001010000111001101110000
1111010110101111110010101111110110111110
1100000011001100110100000011011111111110
0001011000000110100001001110001010110011
1101001001000011000000111111001000100101
0010101011111111111000001011010000011000
0111000111011101011011110000001110011100
1101100101101000010111011111000001110010
1001001001000111010110001101000101110100
0000010010111000110011011001001000110100
0010000011000111111101100001010000111110
0000100110100111001011101110101010101101
1010111001000010000111101101011010001000
0110011101110011111101010111010001101011
1110110000101010010000100100010111101100
1100100110010110011110001001000010001110
1010001001000010111101110010111111100001
1011110010111010101001100100110001110000
1011111110101110101001101000110001110000
0110011010111111100010110100000001100011
1001111100111011000000110111000011000110
1111011100010011001001100000000110101111
0010101000010110101111111100111011110101
1000000101001000111010101010001101010001
0111110010000000001000011100010001000011
0000100011011110010010111001100100100111
0010001000101000010000010011111000101010
0010001001111000111101000101010101010110
0001111011111010000001010000101100000101
1000111101100011011100000011111100101110
1011011000010010010111001010001110011110
0100011100001110101000100000001000100100
1111000111111011001111110100111000110101
0110110101000100101000000000111110010000
1111111000111010011100010011101101000011
0110100011111011000101111101010100111000
1101111101010111010101111110011100011110
1010010001110110001111111111001111100100
0100110001100111111101101111001101000010
0110101000100101000011001000110110111010
0101101101101101100011110101000111111001
1100110100111110001100100110101111100111
1111010111101000011000000111011111000000
1110100010110100111110110001010111110010
1100110010100010011011100110011011110111
1011000010010000110010001110110101100010
1100000101100110001001010011111111100111
1011101011010001100001111110110001001101
0010011101001100110101101110101110101111
0001001110010101000010110111011011101011
1001111001000010111111011000000111101001
0000010000100111000111010100010010100001
0101111111100001000000010110110101001111
1101110100111010010000100110110110101110
0100101100001001011011101111111011001010
0111010000000000010011111010110010010010
1111111000100111101001001010110111100011
1010110001111100100100100101010011111101
1101001110110010001111000101101000011111
0111111110001100110011111010000101000001
0001100000010110000101011101100111011001
0001011100100111110101100010010001011111
0000110110100100001010110111101011010011
0010100111011111111111110011111111101110
1001001010111000100001010010011001000011
1111000101111101101111111101110011110100
1000100011010011001100001010000110001001
1111100011100001010100011001001101011111
0110001111010000001111101100001111010010
1000000010000110110110000001001111101111
0101001000000110101011010101111000011110
1110100111100011011010111011111011001000
1000111111111100001010001010111010111110
1101001010011001100111110011001001100010
1110010001110010000111000100101001010111
1101110100100100111100010000011000001010
0100110100011101110101000110100101111101
1101011110011010110101010111000111010010
1001011010111100110100101001010000110000
1010100000010001000000011011011100110111
1110101010000011001111001110101110010101
1011100001110010100100101110110001010010
0100110001100010101001010100011011101110
0100011110110110011101110100011001000010
1010101101011111111111100100001000001010
1100111010101011001111011110000011101100
0001001101111100100001110100011001100011
1001011011111000010001010100000001100110
1101011000101101101100110101000101000101
0011000011001001111100000010000010100000
1000110011110001111110101100000100010011
0001001101111010010001010001010110000000
1100101111100001000011110100010101100011
1010101010010001101101001111101111001010
1101110110011111011110110011101110011110
0111010001110110110011110110111101011010
0100011011011101101001011000001110100011
0101110100111100100111101010010011111111
0011111011010010100010110100101100110100
0111110010100001010010000101000110011111
1101001010010101011100111111110101011111
0101001011010111000100100011110011001101
1110010011001010011010101111100100101110
1100001010010001000101100011001110010111
1011000110000000110001010110100000010001
0110110011101111110001101110001110101110
0101100101010110100100100101010001000010
1110111110111010000001011000001001010110
1111000001100101100110100000111000010001
1001101001000011101010100101110010001110
1101011001111001001100010010000101010001
1101001011011101000100101101010111101100
0100000000111001010100101011110001010111
1000101011100010111011100100101110011111
1011101101010101110110111100110110010001
1011000000001110110111110100000001000000
1101111011101000011010000000111011101010
0111000011010010010001110101011011101111
1101101110011111000011101110010010111111
0111010111110111111111001100110011001101
1101100110011100001111100010111011011000
1101100111101001100011111101101001000001
1010100100101010100010011111011101100111
1111001001100110011001010010000010110001
1111000100001000111110101100110110101001
0111111111000111011101100001110111011011
0111011101001010001100110111000011111000
1110001000001111110111010101001100011010
0011011110011011010001010011100000110111
0111111010000010100011011010000011011011
0100011110001010001000111111001011111101
0110110110011111101010010110010010010010
1010011111011101110101100000010110101011
0011000010100110010111110011110010010000
1100001100111100000101000110000100110001
1111100111111001100101101100001100100001
0110111111001111000111101100101001000111
0000000000100100010000111111010010001000
1111110100100001111010101101100011110101
0011110011010001111010111100100101001001
0110010111001000110100000001001011000111
0010000001010001011100110011000110001110
0111111001011110111001011101001001010110
0011011010100001100101000111010000110001
1101110000101110110000101011111100110111
1000101011010000100110010101111111011010
0101000001101010111011110010010100110110
1111000110001001001001110000101111101110
1111000000010000000010111011111000110100
1011001100010101000011100110101110000011
0111001001110010111110111101010001111100
1101001001111010100000100011110001110101
0101111001111000010101010111011110110111
0101000010010000011000101101011010101011
0010001100100101100010010100000111111100
1100001100001001111110011110000100101010
1000111111100011111000111111110101101010
1011000100011011110101001100000011100001
0010110110110010000101011111000111001010
1010010110001011000001011010100100001010
0101011111001000011001000001110011010111
0001100000111111010011100011000010101001
0001001101001011000001110010110010111001
1100001111101100100111011000011100100110
0111010011110110101011110100011110101001
1100001110001011010111001110000001110101
0011111000000001101101111000101111111110
0000001010000001010111011100111110101011
1110010101001101011101100110010011110101
1001011111111101010110101110110100110111
1100101001101011100101110101000001101110
1000011011010010001110111110000100101001
1100011000011001101001100001100001100100
1011100000011111111000010101011100011110
0100100110100101101101101100010001110111
0111101110111111001011101000011111111000
0101101100100001111110110110110011011100
1100100011000010010100010100101100001111
0110101000000011010011000000111101110101
0100111101000000111101000000101111000110
0110001001001010111000011010000101011110
0110001010000110010111110110110010011110
0100010000010011101000011001111110000000
1011111111000101100001110110011100101101
0100110010100100101110000010011000101000
1011111111100011000011000001100011011000
1000110111000011001001111110100101110110
0011011001101110100111011011110100110100
1011111000011010100000010011111000110001
0011111000100110111010110111000110110101
1100110101010101100000100010011011010010
0100001101001100010101011001111010101000
1111100011010101001001011000001000100010
0000100110101010100011001100101000111100
1110011110000011100011101000101111100001
1010101110011010000001000010001111100000
0111101101010011001010001110001100010110
1000101101111111101011000000101011100010
1101110111010010110101001000000111011111
1010000001001011100010101000011101001010
1010110001100000000001111010111000110111
1001000110101000101000000101010101110000
0100111110101111101110000100010001110110
1011101001100111010111010010110110100011
0011100101111111100100011010100100001101
0101111001011011100011100110100100010100
0000111100010010000101110000010110101010
0111001011010001001101010101100100101110
0011111011000100001000010011001100100101
0001000010101000111111000101111010000101
1000011001011100000001111000010010100111
0010000100110111110001110111101110010011
0111000001010101100101000100101001011100
1101011000010010001000001011001010011010
1001001001101110100110000011110111111111
1000010111101001100000001010111000110010
1010001000000111001101010001001010111010
1001001111111101001100101101110101111000
0000111111111111101100001111100100100100
0010011111111000100100101100110101001111
0000001111011101010110100110101001101101
1100010000001001100110100011011000001000
0001011011111111000100010011111001111001
1100000101010000101000101011110110001110
0010110111011110010100001111101000100100
1111010101001101100111011001011111110100
0011001101100010111000110000011001101000
1000101101010110111100011001000101000100
1000000011010001110010001110010111111111
1011011100001010000110011000011010110111
0000010001101000011100111111110110111001
0010001010001110111100011110110101001111
1010100100011100111111110110110010101111
0101000001110001100001010110011100101101
0100011001010110000111010000010010001101
0001001110100011101000100100111001000011
0101011001110111000000000100001011110011
1110111000000100110110010000110110101101
1001100110011101001001011100100001000110
0111000001001110110000011011011001001101
0010001100011000010101111111100110101110
0100001011000000001010110100001011111100
0100101001000010001100001000000100001110
0000001111101000010100010011111001110011
1111100101111110011000100001111101011110
0011001000001100001100111001011110101001
1100000101111011000000000100000110010010
0101010111001010101101000000111100010101
0111010001011100100011100011001010111101
1110111010111110111000001100100101100011
0100111110100110100001100011111010011110
0000111011010100010111111110100000100100
1111011101000001010111001000101100011111
1011101100011100101101010000101101100010
1110000110110100100000011110000001001001
1000101101011011000101000001101111000010
0011110010011101000111111010101010011111
1000011100000001100111110010011001011001
1011100001011110100110001010100001111101
0000111101111111001011110010110100011100
0011000110001001011110000010000000011011
0111111110000011001100100100010010111011
1010000010000011111000101100000101000001
1111110100110100000100101100000110101100
0000100101111000101111010011101011001011
0110010101111100001010111101111000011111
1011011111000100100101111000100000001111
1000100001100100000011010001110001011110
0000100111111110100100111101001111010101
1100101100000101010000011100001110111011
1100110000100110110100111100110011001101
0001111001110011111100110101001101011010
0001001010100110100101100101110011011100
0110010110110100101011000010011000011000
1110111101000101011101011010001000001000
1001001101111001011000101111100011011011
1101010110011100111011100101010101100010
1101010000110000011010110000000111010110
1011001000011011000011010011100111011110
1001010010010000100100101011100010000010
1100010011010100010111001110100110100000
0001011000000010000111011111011111000000
0001111100101110000111011110011011000100
0011010011001001100010110111011101011011
0010110010111000100101001110110010001010
0000010110100000101110010010000111101101
1101111011100010111110000001010000010000
1101100010001100000101000100010001000111
0011001100100101101010101110101100000010
1001011001101010111111101101000000110100
1101110100000001100011111110101110101111
0101001101101001110101110000100000000110
1010001100000011000101001110000001111101
1010110010001010100000111110001010010000
1110101100010001001101111010111010001100
1110010101000101101110101100000110011001
1011100000000010110100100011000011000011
1011100010100111001011010001111010010001
1010000110110000101000101011101000011100
0000111000000000000001111000111010110101
0000000101101111100000010101010000110111
0101111011000000001111111100100101010010
1000111000110001001111111011100110011001
1010110111101000111111010000010110011111
1011101101100110101110101001001000010101
0010101110000000001100101111101110111011
0010000010111101101111110010001001111000
1011110011101001110011100100000011011101
1111001111101101010010011111100111001111
1101101000100100100111010000000100000000
1011111111100011110111111010011100000111
0101010111011010011100001000010011001011
0011111011001110100111010111111111010000
0011110010101000010101011001011111010010
0010000111101100010000011011110110010010
0011011000000110111111110100111101001011
0000011011000011110000110100010110101001
0001101010011100011001101101000110011001
1110110000110010001000000101111000101001
0001000101001001100100010001111011110010
1010100011010001110010001100001000010110
0110011100101000000001110110110011010000
1001001110011100100111100010011100100101
0111011100001001010110100111111010001011
0000111001100000001100100011101010010101
1111110101010001011010111010000010011011
0111111001000001101010101111101101011101
1011101000001001000111110111010110100111
0101100000010100101000000101100110111000
1000111111111110001101011000000101100111
0010111101010001010101100011010110111010
1011101000011011111001010101010101011100
1011111010110000000110101011010101001001
1011101101101000010100011001010101100110
0000010001101110111000111010000100110101
0100011101100101010100010111001010001100
0000000110111100110000111011110001101111
0100100111000101100100110001110011100011
1001110111001000111111101110111111000100
1011111010101100100001110100110000011101
1001011111000100100101100000011001010110
0000100001110101101111110100101010000111
0111001011011001010101101010000101010111
0000110110010111101101110110001101000101
1001000110010100011010110000110101001111
0111000111001011001000000101100010100101
0000100111100001011001011011111101100011
1110101110010111000100110000101011000010
0001100001100001101011001001000011000000
0001010011001010101101101001111111111001
0010001000100101010110001001101110101101
1100011010100110111001110000101001001101
1010101100000101110010111110010101101011
0100110111110001000001111011001110001101
0110010010100000000001110001001101011111
0011000011100100001011000001001001111100
1011001001000100100110001010000000101110
0011011001010101011010110111100110011000
1110110100001001101100000000111000111010
1101100111111110100111110110101101011100
1110010111111110010100100110011001000000
0010001110110110101101101110000010101000
0000011100001011000101111101111111001000
1111111010110011000010110110000101011011
0011101111101111011111110001010100111110
0110111000001101011111001010001001000000
0110100111000001110000100100110111101011
1100111110011011001010011110111011101010
1111001110110000111111000001011010110100
1101000001100010101001010010000010100111
1011010010001100010111101100111100010101
0100000101011101111001101111110011110001
0010011010111010111010000010111110110100
1100010110111010010011100100001000001001
1000101011100001110011110111100001100111
0001111101100001000100111001010100101010
1000000101101000000000011101010111010111
0110011010101100101111001110010110111011
1000111111111001011100000100110010011010
0111010001001011111101000001100101111010
1101100010010000110110111001001110101001
0111110111101100010011001001100100101111
1101110111111000101110000110100101111010
0010110000001001101001010000010001001000
0010000000111010001011011110000001110111
1110000001100110101010100111111111000110
1101100001111100101111010111011001100000
1001010110000101000000110101000111011101
1111100000101101110110100100011111000110
1101000010100101101011101111111100010111
1100100010110101001000001111100101010111
0001011001001000100101101011011100001011
0100111110001011100011001010111100011101
1100100111001001110111010111111011011000
1101010110110111001011011000010111101101
1001111111010100001101100001110111001010
1000000011001100001010100011101010100000
1011111011010010101010100001111011001011
0010100000001011011111100111001110001100
1011001001010100100010100110001001010110
0110111100110101110000011011001000111011
1000001100100110100011011101010111100011
1100100100110111011011000011101000110001
0110101000110010010001101101100111100100
0000110100000110010100000001101010010011
0101111110000101000111000110010100110111
0100001100000010000100111010000000011011
1011001111110100101100010110101000101110
1111011111101010111101001111111101011000
0001010100101110101000100101011111111100
1111000111101101000100001111110001000001
1110010010111011010100100101000010011010
1000011111111100110110100111001100100111
1001010011001110010110001101110101010011
1000111111100110000101000110110011111010
0011101101011000000111011000011011010111
0110001000001001101011011101101111111000
1001111010011101100001000001111100001101
0101000111101000010011010001101000000110
0111111101110110010101000100101110001111
0000100110110101001011001000100011001100
1011101010000111010100011110101110111011
0011011100100001100110111100111111111000
0101010010010111010110100000001000000111
0100000000011111110010100111000011000001
1001011000001111011110101011000100001000
1100110110011110010010001010010010001001
1010100010001111010011010010111010100010
1101001011100011010111000010110100100100
1100101001110010001011100101110111100000
1101001111111011000110100010010101100011
1101110100011100001011101010111001010111
0000001101110001011111111010011011010100
1110010111110110101101100011001010110101
1010100000000001010101000000000101010011
1000100111011001000011001101001101000000
1000000110110000011100011010100110101111
1010100010111101001110000111001011001111
0111100011101001011000111110101010111000
0110101111010100100001100110101010110100
1100000001100111110011000000110101010101
0011010010001001100111001100000001001001
1000100111001101101010100111100111011000
1000010110111001111111101010010101000110
0101010111100001111101110011000011101100
1011110011011011010111100011000110101001
0110110000010010100101011000000010010001
1001000100111000010001001000011111010011
0011111111011111101000000110001111110101
0011100110001001001010100010111001111010
0000001111110111111010010101100001010001
1111010010110000111111000111001011111111
0110101111001001111001010111100110100111
0101110101000001011111110100010100100111
0101101011001010110111011100100001110011
1101101010110011000000110101110110001111
0001000111000000000111100011100110001100
1100010100001001001011111001011011011000
1011011110101111101111110001010010010101
1111001111011101011011001011010000010010
1111000100100110111010100110011001011001
0010001111001100100011000100011110001010
0110110001000001011101101011011010110100
1000010010001100011100100010110110010100
0111010011010010000100000000111011110100
0011011101110101101010111100101001101101
0101101010010001111000000000101000001001
1100111111110011100001000100001001000100
0010101011111111010111110000111001000111
1110010011000011110010011001010000111011
1111011000111011100111101000110001000000
1011011001100101111111101110000010101110
0011111010010010111010011110111010101001
0101101010110010101011100001110110101000
0101100111111111101111000100100101101101
1000010011011000010010010000100010001111
0110111111111111111110010000111101011110
1110011000101101010101000010100011010010
0000001010011110110111010000001010001001
1000101110010110000001000100111100001001
0010011111111101001111110011010000000000
1000111111000111100110110001010011101000
0010111000000011100110110000000101000001
1011010011101000100100000010111010111110
0000100111101011000110011001101001111011
1100111010010000000110111100000111000000
0000000111101110011111110001010100010000
0101010100111011100110001111110100100111
1111010001000111011011100100111100101110
1111001100110011011011011011011001110100
1001101110100010101100100100011101010101
0010111110110011110011000110100110110001
1101100111100010110100111100001111011101
0110110011111100100111011101001111001100
1010010000011010111011011110110010101111
0010100101010000110100001111110100011010
1111101010100111011101111111100111001001
0110001010001001111101111110101011101101
0100111001001111111100001010111001001111
1101010101010010111001110100111011110010
0101011000010010010000011111100000100101
1110001011010010111110011011000000110101
0110011001010010101100000001110001000000
0011111111001011000101101011010100111011
0000000110101010010100001110011101111111
0001011100101110101010001110111110011011
1001101101110111101000000111110100100000
1010011100101101001011011111111100001001
1011001011100111110111110100010001111101
0010101111101001111001111001101011011101
0011010000110111000001101100011000011110
0110011010111101100101100000100101000000
1111101100111000010100110011101000110001
1001101110001011000110110010110010110100
0011111011011100111100010110001100111101
1000010111001110001111010101101000011000
0010001001101010000100111110101010011000
0111010100110000111111011011111100100001
1001001011011000100110110101011110111111
1011011000111111101111000011110101110110
0010111110001101101011110101011001001111
1010101111101100111010001011100010101100
0001010011011100000111010101011001011010
0110100101001111101001010010001001000110
1011110010101101111000110010011010100111
1101010100011010000111100100000011111011
1110101100100111000011100010010011110001
0101001111101110110001100010110010011001
1010100111000100111010000010110111110110
0110110000001101110000100100001011100010
0101110100100101011010111101110101101111
1010010011110101100000001100000000111010
1000011010001001111010011111101011010100
1100001101101110100111111111111110101010
1010111010011001111101110110000001110010
1010000110100100010111111110010000111100
0111110110000111001001010000111111101000
1101001010101111000001111000011111010010
1011111100100010010000001101000011110001
1001001101100001011100001010010010001010
0010110100111000101011100111110111101010
1110110111111001101111000111100111100000
1010101100001110101011100110000011110110
0010100101101001000111010001101111110100
0001011100000001101111111011001111000011
0001010001101001000110101101001110001001
1011101101000100001111111110000110110110
1000101011010110101011111010110110010100
0000000011101110000100100110000111010000
0110000010010101111010101111110101001000
0000010101010000000101111101001101000010
1100111000011110110101010000101110110101
0011101011011000101011000101110110000000
1001100000001011110101111111010001010110
0100111011011110111010110101101101111100
1101000011001110110001001000011011111001
0101111001001100101010101101011001010001
1000110000110010101010010001000011101000
0010000010100100100010110111011001010100
0111101011011000011011001000110010000110
0010101111100010010001011011001000000101
0010001001110110011100010000000010011100
1101001010101101010001100011010000011000
0001100101011011111011110011111000111010
1100101101101111011101011111000010010100
1011100011101100001110100001111111011101
1111000111011010010100100010000100101101
0101011101000000110110011011001010110110
0111110110010010101100100000010001010101
0101100000100001011101000001100101000000
1100001001100011100101011000010110001110
1000100001011011100010000100001110011001
1001010111011100100001010000110010010100
0011110111101011000001101100001000000100
0111100001010010110100110000100001011001
0101110011000110010001111011110011101110
1110100111111000001011000010111011100001
1110110010110100010111101101011110011010
0101110011110010111000101011010111001110
1001101101000110001001101111000011110000
1001110010100000010100001110110100101001
0000010111110000000111100011000111101010
0000101011000101101000100010010011101110
1001000011100001001111000001010110011001
0110011111010111111010011001111000001100
0100100100110110101010110101110000110000
0101000011011111000100110100011000101001
1111101001111100101000111101110011011110
1100100111001010111011010101100110011000
0001010101100100011010111100000010011100
1000001110111100011110100110001100110011
1111011011011111111110100000010001010110
0011101010111001011010001101001011101101
1010011100100101111011110111110001000101
0000100001010111111111110010111100010111
0000011100010100110110111001100011010110
0111010101010001101011100111011111100101
1001010111000001111101101011010101001011
1100110101101100110111011101011010010000
0110101011110001001011010100110010001111
0000110111110101100011110111100110110110
1010011000010110110011100111100000001100
0111111110100001101111100101111010100110
0100111011010111010100011110010001100101
0101101000100001011001001110111001110101
1011011101110000000101010101100100000011
1101011111110011001100110001011001111110
0111101101011001000111111111010011101101
0110001001010100111010111110001100010101
1110000100011111111100011000100100011111
0110110001110001111100110111110101100000
0111010011010100101111010001100001110110
1101011100001110110000100011100000111101
0110011001001010101111110001100100001001
1001100001101110111101100000001100001011
0001011101000000011110111110100101110101
1000101011000100001110100010001101101010
1010000010001011100010000001011110100101
0001101010110011000001000011000000101011
1101101100000011000100110101001101110101
0110000011101101001001010111001111011011
1011101100000101011111101010001000100110
0100000101011101111101110110100100101110
0001000010101000011100111110101110000111
1110111111100110101000101100000000111010
1000111100001110111001100001101001000010
1100001101001111011110110001100011001000
0000011010001100111110100011010101010011
0111010100000100111111001011111011011110
0000101101111110111001100001011101010010
1000111000011101101011111011000010101110
0011110111111011101110000000001111111111
0111111111110000110010100110100110101110
1100011111110100000010101111010111000001
1111000110001000011111110100101100011011
0111001101010101010000011111111000000100
0011110001001011101010111100000100011101
0000000001000001111100100010110001010110
0010100100110111011011111111001111001001
0110100011001110100000000010001010100111
0101010111010111001010110001110011000011
0111100000000000000101000100001011010100
1001100110010001001001001111111101011000
1101011000100011001100101110000100011011
0101111000111100011110101000100001000110
1100111011101011110111001000000000110110
1001001001110011101101101111111111100100
1010100010010100011100000111010111001101
1100000100011100110100110001100110011011
0100010011010100011010011010000111011001
1011001110010100100110001110110001011110
0110001010111000010010111110001100000011
0001100001000001001010011001110101100000
0100000110010101001111111110101111100100
1111111010101001110111011111110111100000
1011001101110111100101110000001101101110
1010001000100001111110101000111010001111
0111000101100110111001010111100101111100
0100100110101001100111000011111011111111
1101011010011110010011001101011011101001
0001000010101010101011111011011100100010
1111011101111011111010110000101111111011
0100001010010111011001111101100110010111
1111100000110101010101000110110101011101
1111101110010010010111000011000101101000
1100001011101101110101110110010110001011
1111100101111010100010010011100100111101
0011000001001110010101110100100100101100
0011010010000011010011100111011110011101
1000010101101001110001001100101100101111
1100100111000111000111101011011011011111
1011010101011111111111100100010010000101
1110111111100110100110000001011100111101
0011110001110000000110000100011001001100
0000111110111000110010011100110110001101
1111101101100100001100101010110000110110
0000101010110101001000011010111010001010
0010111001101001010100101110001101111010
0100100111111101100100001011000100101010
0010001001010010100011011010100011110010
1001110101010010000011000101101000110111
0111001000101010110010111110111000101001
0000101000110001001111100000111111101100
0101100111001100100101011100100110000111
1011010100011110011110011011001101111001
1110001000101010000010110011100100100010
1111100101100111011011010101100000111001
1110110001100111111010010010101000110000
1011001110110010111010101100010001001011
0101001010001100111110111101111000010001
1101101110001111001010111100001101001101
1001011000100011101101110001000011110100
1010011001001001001100101110001010010100
0010000110101011110100110011110000100101
0010100100011001001101100010000100100000
0101011111100111100000001011011010100111
0000011110001010111100100111100101000101
0010100001101000111111100100011011110010
1000000011010001101101101101111001101000
0011100010001010111001000111110111000000
0100001011000101111101100011101011100100
0110010000111110100111100010101101010000
0000100010001000000111101101011000100001
1100011000001010000011110100100101111010
1111001100010000000001000100100001010000
0000101110010100100101101110011111101110
0010001111101000110000110101110101011010
0010010110101111101010010001100100100010
0110010001110100110010010010011011111100
0101100011000001011011101110100010100111
0111100101010100001011101101000000101111
0001001111011111000111110011001010001110
1111100010010010101111001010101110000101
1100111100100110000001111111101000100001
0011001001111101101010000011010110100100
0010000111010010101010111100111110110101
1100110001100110011001011001110101011110
0111100111101011110011010001100111101001
1101110001100110101001111101010111100011
0000110000110100111011010001110110100001
0111111110001001000010000011110111100001
0101100001111000101100100011011001010011
0011000101011010011111100011101111100110
1111110101101000111001110100100010111000
0011000111101011101100010110011001100011
1011001100010011011111100000101010000101
1111110001111000011001110100001111111001
0010010010101001111111100100110100001100
1101000011010001100000101100111100110011
0011000100010000100110001101101000111011
1111011101011000001001010101010001000100
1000000011001000101000001011101000011110
0110101010111100011010000111101110111000
1101101000110010011101011101100000000001
1111100001101110001110000001101111000000
1100110011100001001011010001000110110001
0111101101010011111010010001110111110001
1010100101111010000000100011111011101101
1111010111001001100111001011100101111000
0001011011011010111111100110011001001011
0001000101000100111001101111011101100001
0110110010100000101111100000101100001111
1000001010010100011000000100101011110110
0100001011010111000111111111110011011011
1100001100100011011101010010011010010000
0011101010101111100101000100111110100010
0000000111010001100111110110011111000101
1010101000101100001111010101011011000001
1111100111110101111110101111000110101010
1101111000111011111000000100011000011011
0100110100111110001111101010001011110011
0110100010010010101101000011000010001011
0111101000000100011101101011001101101001
0011100011010010000100111101000001110111
1110111111011111011010100111011000111001
0011011001100000001101110001000011010001
1110010100010100100111110011101111101011
1010000100101111101001000011011011010111
0111011010110111000101000001011000001000
1111010100001110111110111100010001111100
1010110111111000111100101010110011110110
0100110001000010010111110101001110110100
1011011000011111010001100111101011110001
1111101110001000001000001111110110001001
1010001000011101001010100111010100111111
0101001101111000011010111101011100110101
1110001000010110111000110011100110001010
1111011001001010111111001011000110111000
0010100100101100100110111000011111001110
1101001011101100100011110000101001110111
1100000011100101101110010101101010001000
0100100010001111100101010011011101101010
1000011111010101001001011011011111001100
1100110000100110111001101101101000011001
0001010010100001111110011100101111010101
0110011001100000000000010011000111100111
1110001000011011110101011100100101110110
0101011011010111011000101101101111110111
1101100001011011100001011001001101101011
0100001010110000000110100001001011100111
1100111110011110001101100000011101001001
1000100010101010001100001010100101110010
0100111100101001011100001100101010011011
1010100111110011010011001101100101110001
0101101000001001000101111110100101111001
1010000111110000011100101100101110000100
0110110000111111110101100100111110111111
1000001100000110101111111011011010001010
0000111000111010011001001101111000010010
0010000110010001111011110100100111010011
1100101001011101001001011000101111100000
0101110100101101111110011000011101001010
1000100110110111111100101100000011101000
1010000110010100010110000101111110100110
1110010000011110011001001100001010001101
1000011110110010001011100101111010101110
0011000111000110100111001101110100111111
0110010101010111001010000010111010011011
0100111110101110010000000100011001001000
1101000000111010000000000000111110010110
0100101110100111010011111010011011110011
1100001111101110110100001110011101101000
1111001100111110110010101100111001000111
1100100001010100100101011101101010010110
1010011110010000101000100001100110000110
1110101110101011100011110110010110000010
0101101010110000010101000100001110111100
0111001111100001101011111001001010000001
1010000010000000101001000000100011110001
0000011000100100100011111000111111111000
1010000101100011110111001110000011010001
1011110101110100101001101100100001000100
1100011110001100110110100011010010010000
1111011101010111011011011011111001110001
0010110110100101111011001011001000001111
0101010000011010111001010010001101010011
1010111110011001111101001010110111011100
0011011111111110010011111001011100110011
1001110001110001111010100011011000011100
1101100100101010111100111111110101110011
1101110110100100100110100000010100101101
0011111111110101100111000000000100010110
1000100011101010101100100110010011011110
1101100011110100101001000011100001000101
1001000110001001010111111110010011000011
1100110000110001011001110100001001000000
0101010110101011000001111101100010011001
0001000001011110010100100100100110011110
1101100011010000100010010100111011101001
1010111000011001010010011001000110001110
1110010100100001101000000100010000111100
1010110001111111011000000101001010001100
0001001111101010110111000110010111111011
1111111111000011110110011100010011110110
1100101000011011101000000111101101100110
1101011000000110111101110001100001111010
1101000000000111100110100111111110100100
1101111110100111000000101110000111101011
1000011001000111010101010010000001010010
1100111111000100000000011010101011010101
1101111110110000000011011100110010100111
0010010000010001110111000110100001101011
1001011101011010100001100110001010100010
0101101110000010110101100011000010110111
1000001001001011001101011101110110101011
1111011111011000111010111111011101101100
1010011011111010010100100001001000110011
1110110110011111101001000111000101011110
1100010101111101110011011000001011000101
0101111001010110011110110001100010011111
0010001000010110110111011011000000110000
0010010111111000010110101011101110111010
0001010100110000101011100001110011001101
0010001001110001111100101010101001011111
0011010001110110010001001011011110000011
1011010101000101001111110011000111111111
1100010011011000001000001110111011010011
0000101111100110101100101011010010100010
0010100000100101110111001011101001100100
0100001000101110001011100111010110100101
0000100001001000110111100000100110101101
1111110100101000001001000101101100001110
1110010010110000010000100011101100110011
0110001111010101101100011000011100100000
0101110111010001111100001010000000100011
0111010011001000111000101000111111110011
0100111010010011111001011101101000001111
0001101001101000110011010111010010101001
1000110100010010111110001111000101011110
1111011011000000000011011001101001010000
0011110110110001111011111110011000000110
0001000011111011011101111001010110111010
0010011101111010010100110101011111001010
1110001111101001110101011111001111001101
0001011001110101111100110010010100010001
1111011110001110110010111111100100111011
0000111100000000100000000000111100011100
1001011101100100001011011011011100011110
0100011001111100001001101111010111000011
1011001011010111001101110110011001110101
1100110111101010110010000111011001101110
0101100100100001001010001111100101100011
0111110111111110000010010010000101000100
0010011101001101111010100110110110111011
0000110110000010110010100111100000100000
0011001011111001111000001110001100111010
0110100101001100000011010101101100001011
0100111101111010000110101110100011011110
1100011110101000110101000111011101110101
1111000101111011100001001011011100111011
0111101100000101110000000110011000111110
1000010011110011010110010110101000011101
0101100000111001011000100000110010011010
1100100000001110110010100001001011100000
0001000110100100001110110001010110011100
0101110011111110101100110110110100011010
1100110000001011000011110011110000001101
1010101001110001010000111101101100010110
1000010001010001000010000000101011001011
0111100110000000010110110000010000101001
1111001001000111010011001100111001010101
0101011000110101000111111010110000111010
1101110001001010010101000001111101110101
1100110100001101100110100111001001011100
1110101110111110100111011110101011100111
1110001100010111101000101001011110110010
1111101001101001001011111001011001111101
0101001011101000000110111001111000110010
1101111011111001110111110100111010101111
1000111001100000011000011010110010011100
1000110000000011100111011001001000001111
0011101100100010001001111000110010001000
1010001000001111101110010111001110000010
0011011011010011101001111001000101010000
0101000110011001111101011111111000000000
1010011110101000010000011010100000110010
0101100100110000011111110101101001000000
1010110010111000100111100001110011101011
1001100111101001001100001011100111011101
0001101101010001010110101010010010001011
0001001100110111111011001010000010010001
0001110011000111000101100101110100001101
1101011000000100101100100000100010100010
1100110011010010110001110110001010111100
0000111110001000110011001011110110110010
0110011000011111000111001000100111011100
0011000111110101011110110101100110101011
1011110110110111110011101010011100111100
0110111110101110001101111100001011000101
0111010011100011000000011100111100110110
0100001001001011000111100111100101101010
1010111111011000101101001010011100001101
0011001011111010101100110101111111111001
0001111101001000011010110111011011100001
1001010001110011000001100100100011101011
1000000001101011010101101010011110001111
0111011001000100010110001010101101010101
1111000111011111010011101110000011001010
0000001010010000010010100111101010111110
0100000110011111001001011100000001011100
0111100111010101101000001000100100001100
1011000110001011110110100110011010101110
1011100101101100111001111001110001000010
0110011001110100110110111111110101101001
0111111110011010010101011111100111100110
1000110010100100101111010111001010010001
0000111001110111100001100000010110100101
1101100101000000111111111000000100001110
0111001111011110011111000101101101001101
1011100010001011001001000111000010001001
0011010010100110010000110011011000111001
1000100101000010111100000000111100100011
0001101110011010110101010010011000100111
0001111101010101100000000001000000100000
