  0,0,0,0,0,0,0,0,0,0,0,0,0,0,0,0,0,0,0,0,0,0,0,0,
  1,1,1,1,1,1,1,1,1,1,1,1,1,1,1,1,1,1,1,1,1,1,1,1,
  2,2,2,2,2,2,4,4,4,4,4,4,8,8,8,8,8,8,16,16,16,16,16,16,
  3,3,3,3,3,3,5,5,5,5,5,5,9,9,9,9,9,9,17,17,17,17,17,17,
  4,4,8,8,16,16,2,2,8,8,16,16,2,2,4,4,16,16,2,2,4,4,8,8,
  5,5,9,9,17,17,3,3,9,9,17,17,3,3,5,5,17,17,3,3,5,5,9,9,
  6,6,10,10,18,18,6,6,12,12,20,20,10,10,12,12,24,24,18,18,20,20,24,24,
  7,7,11,11,19,19,7,7,13,13,21,21,11,11,13,13,25,25,19,19,21,21,25,25,
  8,16,4,16,4,8,8,16,2,16,2,8,4,16,2,16,2,4,4,8,2,8,2,4,
  9,17,5,17,5,9,9,17,3,17,3,9,5,17,3,17,3,5,5,9,3,9,3,5,
  10,18,6,18,6,10,12,20,6,20,6,12,12,24,10,24,10,12,20,24,18,24,18,20,
  11,19,7,19,7,11,13,21,7,21,7,13,13,25,11,25,11,13,21,25,19,25,19,21,
  12,20,12,24,20,24,10,18,10,24,18,24,6,18,6,20,18,20,6,10,6,12,10,12,
  13,21,13,25,21,25,11,19,11,25,19,25,7,19,7,21,19,21,7,11,7,13,11,13,
  14,22,14,26,22,26,14,22,14,28,22,28,14,26,14,28,26,28,22,26,22,28,26,28,
  15,23,15,27,23,27,15,23,15,29,23,29,15,27,15,29,27,29,23,27,23,29,27,29,
  16,8,16,4,8,4,16,8,16,2,8,2,16,4,16,2,4,2,8,4,8,2,4,2,
  17,9,17,5,9,5,17,9,17,3,9,3,17,5,17,3,5,3,9,5,9,3,5,3,
  18,10,18,6,10,6,20,12,20,6,12,6,24,12,24,10,12,10,24,20,24,18,20,18,
  19,11,19,7,11,7,21,13,21,7,13,7,25,13,25,11,13,11,25,21,25,19,21,19,
  20,12,24,12,24,20,18,10,24,10,24,18,18,6,20,6,20,18,10,6,12,6,12,10,
  21,13,25,13,25,21,19,11,25,11,25,19,19,7,21,7,21,19,11,7,13,7,13,11,
  22,14,26,14,26,22,22,14,28,14,28,22,26,14,28,14,28,26,26,22,28,22,28,26,
  23,15,27,15,27,23,23,15,29,15,29,23,27,15,29,15,29,27,27,23,29,23,29,27,
  24,24,20,20,12,12,24,24,18,18,10,10,20,20,18,18,6,6,12,12,10,10,6,6,
  25,25,21,21,13,13,25,25,19,19,11,11,21,21,19,19,7,7,13,13,11,11,7,7,
  26,26,22,22,14,14,28,28,22,22,14,14,28,28,26,26,14,14,28,28,26,26,22,22,
  27,27,23,23,15,15,29,29,23,23,15,15,29,29,27,27,15,15,29,29,27,27,23,23,
  28,28,28,28,28,28,26,26,26,26,26,26,22,22,22,22,22,22,14,14,14,14,14,14,
  29,29,29,29,29,29,27,27,27,27,27,27,23,23,23,23,23,23,15,15,15,15,15,15,
  30,30,30,30,30,30,30,30,30,30,30,30,30,30,30,30,30,30,30,30,30,30,30,30,
  31,31,31,31,31,31,31,31,31,31,31,31,31,31,31,31,31,31,31,31,31,31,31,31
