40 2047
1001100111100100011001000111010011111101
0111000100111110100010000000101000101010
0011111100100000110110100011100011010100
0101010110001010101111101010100101101110
1110110111110001100011011000110010110000
1010001010101001100111010011001010000111
0000010010110111100001010110111001001001
1101011011100010010000110011011101011000
0100101011001111001000100011111000011000
1111001000010011100111001011011001011001
1010001011000000001110100110100101101110
1010011100001101010001100010001100111110
1011111101111001000000011100101100000101
1011110001011000100011111011010011110001
0100001111101000001101110010110110110011
1001101110111110010101111100001111000111
0010000111001111011110110101110101000100
0101100010011101011011010011000100000100
0110101111011000100000011111111100101001
0010000101010010111001110110101100100111
1010010000111100111100001001001110101111
1010111001110110110110111110011100100010
1000111001101001001010111011100011000010
0101010010001010001100101000010100111101
1101101000100101000001111000010100011001
1000010110010100001101010001111110010110
0111110010100000100010010100100101101010
0001111111000010011111100100011110111000
0110001010100001110010001011111111010101
0100111010111111000010100100111010100011
1000110011100011010011110000111100110110
0001010000000011011101000000111001100000
1011111000111110001100100100001111110010
0011011100011011110101110000011001111110
0101111010001011111010000011000110001100
1001011011011001111100101001110000011010
0110001011011010000010010000110010011010
0011001100111001100010101101011010101111
1001110000101100010100010010101110101001
0011100010011101100001101111010010111011
1101100000101111101111101010100000110100
1100100111101101111001001010111100101100
1010111001101101011100010011001011011010
0110001111100000101101011101111010011001
1110110110011011001101011101111011110010
1000010100000010011100000000001111001111
0110000100010011000101010111111111001011
0101111000001111100001110111111011010000
1101100010100010001010110110011000011111
0001101000110000111110011111101101100100
1010100010011011101000010000011110100010
1000111010101101011011110010001111101101
1110001011111100101100111010011101001101
0111101100000100010110011100011100001000
0000110110001000110111010110000010010110
1011000110000000000110001010010110000001
0000111111111010000111110100111111000001
0010100000100000111011100001000111111001
0110100100111111111010110101101100110011
1011010110001011101011010101000101101010
0010001001111010110011000011111000010010
1011011000010110101111000100111000011011
1001101010110110000001010110110011000111
1101001101110010111010100100111110100110
1100100010000011101100100000100010011001
1110001001000000110100001010111011001110
1110101010111010010110100011101010011100
0100110001100101110000001011011110001000
1101110110101011000111111001111010001000
1010100001000011100010101101010000101000
1010111010010000010010000001100100100000
0100100010111111100011001001000110000000
0000110000011101011100100101001001010001
0011011010000001001101111111010010001000
0010001001010011011101100001010101001110
1011010100000101000010100001001111100111
0011010110100110011111110011111100010100
0011110010010111010100110001000010000110
0101110000011110001000111001101011001011
1111000110000101110000101100101101001011
1000000110000110110011011011100111111011
1100011010011111001100001001011011110100
0101000100111010001111101011100100001110
0111110111010010001110011110110011010100
0100010110000001110001101100001000010010
0011111010110101111101101100100000000101
1010010001011111000001110000111001011001
1101110100101010001101101011101001010101
0100110011100110100110000000100001001010
1001101000001110011111111101110110000011
0111001010100000101101111000001001001111
1000101000010010110001010100001010100011
0110010000100000101111111001001111100101
1110010110010011001100100100010001111010
1011111101101100111011100000000111111110
1100110101101110111100111101111011001111
1111100011110100110010000011110100101111
0101000110001101101010100110111001101011
0100101101110111001001101101010000101110
0000000100100001001101111101111001100110
0011100111011111011011100001110110110001
0110100101000011110110101001110100010111
1010110011111010100000101001010011011110
0111001100111111011000000001100100010100
0101101000001101101011011100001110101011
1110111101110111101100000110111001000011
1000100011100101001010010111000110011001
0110010101010110100000011101100111110011
1000100100011000010100100101000011110110
1000110000010110001001011000101110111110
0100011001011100011111011011000011011000
1010111100100001011101110001100010101110
0101001011010011000111101010101001110111
1111010111001011000100101110010111111000
0111111100111101110001011110111110001001
0101110110101001011000100001010011001111
1100001111001001111010100110001011000101
1100011100011001101010101000101110010100
0111100100011000011000000101011111001001
0011100100111110111111000111001010011111
0001011011110001001110011011101010001111
0110000011110111011010000101110010000001
1110010001101110100000100111010111011010
0101001011100101001010101100110011001000
0010011000100010110100100011100000010011
1111010111001111001000001010000010111001
1001110111000100101001001100011000011110
0100001111011010010011011101111000111001
1011101001100000000101111100111000111111
0001001100010101110001100100110100110000
0100111011111001101111100111001001100101
1011011011110110011011101011011010111101
1010101111100010010100010011000111101011
0110000110110100110101100101000000010100
0011001010100110000000100000110000111000
0111101010001101110111000101001100010110
0000101100011110101000101101010010101110
1111011010110001001101111110101100011100
1101110011010011110101000110011111010001
1011110100110001000011111000001010101011
0010000111101101111011011000101001011111
1000011010101111110111010110111011011000
1100110001100000010001000111001011001000
0000011100100001001100110101000100111011
0011011101100000111001111010010101000101
1010011000111111100000100011100100100110
1000110001001101111010101000110011110111
1100000110001000010001011001011010001100
1000111100000000100000100100110010101011
1101000111000001001000110011010100101001
1101101011000001100001110010111001100001
1010101011001101110110111100111010010000
1100010000011000011110000000111001110010
1111000100110100000110010111111101011110
1000010110001010010000111000110001001110
1101100011001001011101101101111010001001
1100100110100000001010011010110001001011
1111000000000101000101010000110101111010
0111110000111011100111111011001111101010
1100100111010110010101000000010001101101
0111101011101101001011101000101001001111
1001011010001110100000101100110110001000
1111001111101100111100000000101101000101
1001110100000100001001111011001000011011
0001100100110110111100111001011111010100
0101010101011010101100101100100011000010
0111011000000111111010110101110011110100
0000111001001100110000011101001101110011
1001001001001111011001101110100011100000
1011110100010011100101001011000100011111
0011000010110010010001011101001111001111
1001101000110010000110000000111110101000
1111111110001011101110000101010010111110
0001100110111111111010101011011110001001
1000001100100100010011100000001100101001
1010110101101111110110100001001101001000
1101101111011111101010101001111110011101
0010011100101011011101100101010000111101
0111000000000101010101000010111001100000
0110000111011101110010001000111100100010
1000100000010110001110000111001011111110
1000100001111000000101011000101011000101
0101100100110111001100111011011101000001
0000010101101110010010100001110100000011
1101001110001111101110101100101110101011
0110011100000111101100101101010011010100
0000010100010001011110110101011100010001
0100110110001111001000101111110010010111
0001111110101100000111111110001110001011
0100111001111010010101101101101000001110
0100000110101110000111001001110001011100
1001001001100101011101100101011010100101
0011111100001101101110110010000101001011
1100010011010111110001110110111101001101
1010010000110111100000011000000100111110
0011010001111001111111000100101010011101
0110010111010100010000101000111101111000
1010100010001110011111100001111001111100
0000000111101011100100111101011111011010
1111111001011011110101110110111011100100
0100111000010101010010000110010101110100
1011111011001001011100011111011010000100
1000010101001110111101000000101101100111
0111001110011010101011010110111100110001
1011101111110110001000001011110111011100
0000111101111001000111111100011101100000
0000001001001010001010100101010101001101
0111011110011100100101001110111010010111
1101100010010100111011001110101100100000
1011111010001111101101101010000000111100
0110000100000100110010111100010110100111
1100111110000011010101000001111001110001
0101010110110111101000000101011000110110
0011010001110011101110101001111011000100
1011001001111101101010111011011011010110
1001011110011111000101010001101100110010
0001111101100010101100100000101010011011
1110000100000100000000101010111100110101
0110001001110111010001110001111100110001
1001011000000000000000100010000010111100
1110000010100110110001011111010010000011
0101110101111001110101100000101011001110
0010000000110101000011010011100000000011
1010111111111110011101111101010110111110
0111001100001011100011100001100110001101
0111001111110111101001010100001101010010
1000010101110111010000100100111010100101
0001010010011101111010000100111110010001
1111110011110000100011010001011100111011
1111100100000110010111000101111000111110
1000110100101000011011110011110100100001
0110110111000100011010110101001010110010
1000010011101011101000011010000111010111
1001001011010000000000000101000100001101
0110011010000001110101000101111111110011
1000001000001100011001010000111101000100
0111111011010001011111010110001000000000
1000111010011000101001001000010011100110
0001111011010111111010111001100101011111
1011011100011110011100001000010101000110
0001100000111100000000110010111110111001
0111011011000010100100001101001011111100
1110001011101111111001111001111111100100
0011101011001110110010000001100111011010
1011010000111100111100111000100001110010
0110010001111101110100000010100110010100
0111110010011101000000011011010001110011
1011000110000011000101010011000010010000
1001000011100011011111100011110110101001
1111011111110010000101100110010111111010
0110011110100101111001111101111111000001
0010001001111011100000001011000110110000
1110011101011101111001010111110100111001
1010110001111001110111001010000010100001
0101000111110101000011010010101100101101
0010110110010111000010010010111000110110
1111110001010000010110000111000001011100
0010110011001100110000001100010101100000
0010110100011011101100000011000001101000
0001000001110010001101100010110010111111
1000011001110001101010010000101000100100
0011001111110110111111001101111110000100
0001011011000000110011000000000101011011
1011000011101000111010001001111011101100
1101010001110100101100110101111100011111
0011010100011101010111110111101010010010
0001011000100011000110011010100011000000
1101100101011001011100100110001000101110
0111100000111100000011011101001111010111
0110000011110110010111101101011101001101
0001010011100101111011011110011001111010
0101011100001110111101010100111111110100
1100000001110101111010001101101001110100
0110010011010001111110111101111010001100
1011100110110000001111111100010010110010
1101001100001011000101001011010010111001
1100011100000110001010111010010110010111
0111011101000000000010101000000011001000
1000110010111110011010101110010101011110
0111010111111011110111101100001111111100
0010111001011011001101010100111111000010
1001001100011100000000100101100101101111
0111001000111010101000001111101001011110
0101000011110010101000101101110011111100
1000010101101111100110110000011101110111
0000001001110001101100000011010111101001
1011001001110110111111100101010111100111
0010101110111000000111111001011010110001
0100011101001101000010000010100000100001
0001110110001110011011011110110110100011
1000001111001111111010010011110110101010
1111100111111010111010000110001100101101
1011001101000010000110101011110000110110
1110110001011010100101110000111010110111
0100101100001101001011100100110011111110
0000101111110000010001110001101100010010
0110110110000100110010110000110010000111
0110000111111101011100010101110101000000
0001000010110100100010011001001111111000
0101010110100010010000011011100001101111
1100011011111110001000111100111011010111
0110111010000001010100100001010101001100
1000001111111011100101111010010110100110
0101001101010111000011100100010101110100
0111110011100111000111011101010001101000
0100110010101100110110010111011010110100
1000100100110010001001010101011110000010
1011010011111001100110111001011000110101
1010101011001000111001011101011111011101
0111011000011001111111000100110000001000
0110101011101010011001111011101001011110
0000001111010110010101010011011111001100
0000011100110111011010001000011110011010
0001001010101111001110001100001110110111
1100000001001010011100111000110101000101
1111001010111001011110000001111000110010
1001100011101001001001100000000110100011
0011111010011000111000001100110000101011
1110011111101101011011011000111011001100
0011011001101101000001101001111011000001
1101011011011000100000110000100010001000
1000000100000000110001011011011101100101
0011100011001001001001110010011101011001
0001010001000000111010010011100000001101
0110001111110011101110100000100011011101
1011111000111110100010010001000001101000
1000110111110110000011010100101110110001
0101100110110010110011001101110001100001
1010101011010101010000011001100101101101
0001010001111100011010011000111101100111
1100100011100111111001100011110000100101
1101100010010000110100011000111111100001
0010101100111011010101110011101000100100
1101110000100001001110111101110000100001
1000010111010110100101101111001101011000
0101101001000010100110100100000111100101
1100101101110000000000000010010000010111
0110111111001000100010111110011111110111
0011001100011100011111100001110110101011
1011000010111001000100010010100011010011
1101001000101111001110110111000011110110
1011000100110011010111000010111100001110
1110001001001001010111010001000010100011
1010001110101011110100110100110100000010
1111100100001010000001001110011101011100
0001100000011000110101100100011010101111
0011101011010001111001101110010100011100
1110111101000001101111000101010100100100
0110000111101010101010001110010000101100
1001111010111001111110011111100111000000
1000010000010001010010100101110101100100
1000011001100011110110100101101000010110
1101001011010000000010010001011110000010
1011001101000101101001110100000011111010
0000001010011100010001001110110011101010
1011110110101111001010100101111111011100
0101011011010101000010110010001110000010
0010000000111110110111100011100000110101
0011100011001010001011000010100110011010
0111111000100111011111100010001100010100
0110011110010110100010000000110001001010
1000001010011110010010010111110100101110
0010101111111010101100100101101001100000
1111111001111001100000101011000011010101
0110011000111001010011000110000100001110
0000000000101110000111101011110101110011
0111011111011111000000110101001110010010
1111000010101101010001001000110000110100
1111011111101001100010100101011011101011
1011110100011101010101000101010101111110
0100111001010110011111000100100000011011
0111101100110000010111000110100101001110
0011011010011011101001100101110001101001
1011101001011000011000001110011010000100
1011111000101010001000011011101000100100
0110001001000100100111000110101010001010
1101000011100100011100101100111111001011
0111000001010110110111010000101011011101
0011000001000111001011111101100010100101
1111110011001111101100100100101100001111
0011111010011110101000100101010110001100
1111100101100010010000110011010101010101
0101000101000001010110010101100001011000
1111011010001001001011111001001000111001
0000010001100010000000000000111111110110
0010100000101111101110010100101111111000
0001111100110010000010101111010001101010
0101001011001001011111110011101111101001
0011100010000000110111001100011100011011
0110100001000110011010011000011100101011
0010100001111011001000110000001010101011
0000111001100001011110010100110110010010
0011100110000100000110000000001010000101
1000000011100101000001111011010110011110
0101100100101010110101011110000101001111
1101001111110110110110100110100100100101
0100101110010101101100000010111100001001
1100010110101101000100100110111100111011
1010000111011000101010100001001000000101
0001101010010100011110000100010111010100
0010001000011110011001010101101010100101
1010010010010000001100111110110001011110
0110010011001010100101110111110000010000
1110111101100101101100010101100000101011
0110110011111000110100010111011010100110
0110100100011101110100010101110000111111
0001111110100101101111011100011111001101
0010000000011011001100101010111001111110
1010101100011000000110111011110101110111
0010100000011000101101111000111101001100
0111000100000001100010110101001111010110
1001101010101111110100011010011011100011
1100101111001001111101100110011101110111
0001110111011001011111100011011011010001
1001010110000001100010000000100011001001
1111001000111001010010000000000111011111
1110011101011001110110110110101100110000
0010001011001001110110011101011101101010
0000011000110100111000101010000011111110
0101100000010000010001001011110011100010
1101110000001010000111001100111110100001
1011100010001111110111100101111011010101
0101100000001011101000010010000100000100
0011101110011110110111101010000000101111
1101111100010001011111101011100000101101
1101100000000011111100111010000110010010
0010110101101010110100001111001100000110
0111111101010110001001110000001000010001
0110100111101001110100001110100110011000
1000101000010101101101011010010111110001
1111100001101001000000011111111110110111
0101100000000111101000000011011100011111
1111010100100010010110101000001110001011
0000000011100000011101001111100110000110
0100100101110001010100111101101011010001
0111100010110010110010011100011000100001
0101011011110110101000001000101011111000
0101110100000001100001100111101000001011
1110010011100000010111010110110100110001
0000101000111010101011100011011110101001
0001001000111000000111111100011101000110
0110100010110011100111110000111001000100
0001011001111111101100000100110110011110
0011101100011101100001110101101100110100
1111110010110111010101001111000011100111
0000111100100100011011000111000001110111
1110001010011001101010001111110101000011
0101010100010000000010001100001001111001
0010111100100110010111011100001101000100
0001000001000001001001001111100011000111
1011010101001011111110111000111110100001
1000110110100000010010001011011010110010
1100111011010100110011111101111100100111
0001100111100001101011001110000110010101
0100011001001111101011111010011111001001
0100100000001101110011111101111101001000
0100010111110010111010100000011000110110
0011011110000100111010111110111111111111
0111111111110001101000000010110011011001
1010001011101110011000011111101011111011
1111111110011011111010101000010101101010
1001100110101110000100000110110110001011
1110101000101001101100010110010111001111
0110100010100100011111100110101000110001
0001001100100001001011001110010110111110
0101011001010101011011011001011001001101
1101101111010101010100111010111001011100
0110001001111011001010001110001111111000
0010111000110111100010101100101101011100
0011011011010101000110000110110101111000
0001100011010011111101010010111010010100
1110000010101110100100000100110011010100
1000010111110110110010000110010100011111
0101100111001101101100011011110110001101
0010010111100010011110000001101101000101
0000011001110011011011011000110110111100
1010011011100011101110110110111011010111
1000011111111000010101011010011100111000
0111100100101111101101110100011110011111
0111100001001011101010101101111000111101
0101000010000110010010101001000100101000
1001001000111111100101100011010110011011
0110001011101000011001101001010000000011
0101010110110000001011110010101100001000
0011000111110100000001101100001010011110
1011111100100100110101011100000000001101
1010011001001001010100001111110011100101
0101001101110011101001000001101101010011
0101100101010101100001100110111011100011
0111001010011010001001101101101011010000
1100111101100110010110111110001101001011
0100001010001101110011010001100111001101
1100100000000000101010111000101100100001
0100111011101110110010000000110011110010
0010110101011111000101111101000110111100
1110001010100111100001111100100111111100
0100001101011001111111011110011100001110
0011001111001010101010110011100100100011
0111011101001111001000100100010111011000
0000011001100001110010100010101110010000
0011001100010100001000000010001001001110
1111001100010011000000000010011011000110
1000110000001001100110111011000000101001
0010001111000010010101011100101001000010
0100011011010010011101011100111001001110
0001100101101010000010010010011000100101
0111010011000011011001001111011111010101
1010100101111101100100010101100100100101
1011010100011011111001010110011010000111
0011011110110101010011101100001100101111
0101101110111000111000000000101010000011
1010110110001110001011100001111110111000
0000100000110010010000110101100100000010
1111100110110011100010010000010111101111
1010000000100000110011111011111101011001
1101100100010001001101011100101011101110
0101001011100011101001101110001101000001
0111000011010011100001111000010100010001
1100100011000100011001010001110100000011
1110001111100010011100101010110011010010
0011100101111010100101011110010111011100
1100010111000100010110100111000100010011
1111100011111001000011011001110010001011
1110000011110111100000011011000010001011
1010101100010011010011001110111011101010
1101011010101001010100101100010011001011
0000000110111111101100001100100000100111
0010011000111110111101101111000001011101
1100011000001101010011101000010111111110
1001101001110001110001001110011000010100
0101010001001011011111001100010111110010
1011101111001010111000010110001001001010
1110101010010001001100101111000000111101
1000011010000100110101001010011101010100
0010010010111001001011100110100101001101
1010001010111000010101110110011001111100
1011100010000011000001100000111001100110
1111001110010111101010111100010101111011
0010110010011000011101111011011000110110
0111010000100001000110010101101100000101
0111000010011110100001100001100101100000
1110110111111110101001110010011111111000
1011000101011110001000010110001001011001
1110101000100111010100110110010010000111
1001000000000010101010110010111111010011
0100011001100010111001010110011011111101
0011011011010110110100111010001101000111
0010010001001010100000010110010010010001
0111101111000001000001001011001100011000
1001000011010000010111111101110001101101
0001000111111000110110101000001100100011
1010110100000000000010111101000111100010
1010101001110000100101101000000110101111
1100010010101001010101100100001101101101
0101010010000011001010111000001100010101
0100010101011010110101010101010010011110
0100010100111000011001110110010011010001
0100100010011101000111010000111001011101
0000011000000110111010010111101111010111
0001110011110001100001101100111001010000
1011010010110110111101011100100001110101
0111000000001100000011110011010001111010
0100011010011001000110011011111111100011
1110100111110100000101000000100001100001
0001010011001010011011010010111111011011
0110000111110111101011100110101001000110
0010001001110110001011000000000011001000
0111100000111101110010101000000101111001
0001111110100010011111001111011111100101
0001101011110000000011101101111111000111
0101100100111000000011000000101011100001
1101111101001001000100111101010111101111
0011001101110100010100011001110001100111
0000001000001110100010101101100010100110
0100010101001011000100000100000001100100
0001001000010001100111001111000001110001
1010110001000100110001010000111101010110
0001011110000111001101011000011011101110
1001011110101111011111110001110010101011
1011001110011101110100010111101011001101
1110100011111010111111000110110111001001
0001001001010001001011111101111100010110
1100111001100111100001110011101011010011
0011010010110001111000010001000110010010
1010110001111011001100101101101101110011
0101101011001001011001100011011110100010
0100001001111001110111101110001010010101
1011110010010010101000111001010111010010
0100001010110001001110010111101111110101
0111001111110101000110010010111111001001
0101001000001111010111000110000101011111
1101100010110000001110000000111001001000
1100011111101011111111010101001101100010
1101110111111011100101010001000101001000
0100101000100101000111011000101110001011
1011100011001000011000001110011011011000
0110110000110011111101011100111011100011
0111000111011100000111000110110000011111
1011000100001111010100011111000111110101
0101001001000001011000000011110000011001
0101111001010110101000101001111011001011
0000000111110111011101010101101100001010
0101000011011100100111001011001101110110
1111000000000101111110110011010000110010
1111011011001100011101110110011001010100
0101111110110100101100010110001100101101
1010110110011010001001011001101100000101
1010010011011011100011010000000011100100
1000001010010001100110110000001101101100
1000100101100111100110010101010101001110
0001101011001110110011100000110011010100
0000000111010000111100111110110000010110
0011111101100111011101000111000111010100
0100100111110011010010010010110111101010
1001000101110101101001010000000001111010
0001010001010000000000001111001000000101
1011100011110000110111000010011101111011
1001101111110010110000100100010010101000
1101111010111000111011000011111110111100
0111001100011111011011111111000000110001
0001110100101101011000111110000010110010
0110010101100000111011111110001011000110
0110110010010000110100011001000001000101
1100010011111000110010001001100011100011
1111100111011100101001110100110111011010
1101001010100000011000100111111011010110
0110010110011111110010110101111111011101
0011000011110110010110010111011101111111
0011111000111011000111011110100011001010
0111001010100000100110100010001101010101
1100100010111110101011010110000001001100
0000010110001010111101111101000101011001
1011100010110001111111001000111110111100
0110011001000000101010011111110011101101
1000011111111001011100000110010010110100
1101010100010110101110001000111011111011
1101111110110010000110011110110011110010
1111001000101001010011011010010000110011
0100111110001100001100100100101001001110
1001000000101100101101110001101100010001
1100000101000001001011100001101000001011
1111100011110001110011101011001100111011
1000101100100111110100111010111010010100
0000111100100010000010101100000000011110
0101011101111011010101100100010000000100
1110010100011000111101100100111011010101
1011011011001011101101101111110011110000
0111001000110011101010010100000100000110
1001000110111110001001110001010000010100
0111000111011100010001101001101011100010
1101110011010101110100100001001010100100
1010010111111011000010001010110010100110
1101000101111111011010010010011011010001
0000110110001011100001110010000011110011
1011100000101111001101010100000101110000
1101000010100110001110001110100000111000
1010100111011010101010111111101100111011
0100010010000101110110010101000000100001
1010010111101000010110110010101110111011
1101110100010110101010000100101101001011
0010100000111010001110011011100111110110
1000010010000010101011101100000101110101
0000100000000101000100110101100000111110
1011110101011100011000001100001111011101
1001000101000110101101101100111011100101
1100100110000111010000101000110010110011
1010100100010100011111000111101111011000
1001101011110011011100010011110101001111
0111100001010000010101101111000000000010
0000111010011110001001011111111001100011
1110100111110011110110010111110001111111
0110110010111001101010100001001110001011
1011011000010100101011010001100110001011
1001010110101100111010010111010111100010
0101010110101100100111110100011100111001
1111101001000101011010101010011101100110
1011111101100000101110001111010100110000
0101010100000110000110011001010010010011
1001110011111111100001100110000101011100
0011100101110101010000100000111110011101
1000101010110011100001011101100000110110
1011100111000001000100000100110100001000
0011001010001100011011100000110100100011
1110110000100111001111011111001010101110
0101101110000110011110011010011110000111
1010011101000100001000011100011101101111
0110101101110011000011100011101000101110
1101101100011100101111010100101100001100
0001111100101101001001011100100110111101
1101010011111010100110101010100000110101
1111110111110011100001011010100100111000
0100010100010001100001001010010101111010
1000000010000000110000000000001101010001
0101001101110000000011001000010100011000
1100100110010100011101010011101110011001
1110001010111000011010010000101100000010
0000001011011101001001100110000010101010
1111111011011000111000101011100010001101
1110110010111010000001111100111100010001
0010110100110000111001000000110101000101
1110011111110101001101101100111111000100
1011111011010001111010110010110100000011
0010011101000011010011010101011011011000
0011110000001000010111100001111000010001
0110100100000100101101010010110101110011
0011001011111010110001101010001100000111
1111100100000011101001101011001110001111
1011110001010000010111011100111100001101
1111011001101100011001001011110110110010
1101111111111001011011110101110000100100
0111000100000110001110010100110011001110
0010100101010001111111011010000110011100
0100110111000111001100011000111010010111
0110110110101001100101101001111100100101
1101011010010001000011101110010000000111
1100010101010010010010000001110010000000
0001000110111110111101011010111101010111
0010100100011101100000001011101011111101
0000011101101011101011100111100100111010
0111111010011100100111010100100010000111
1110000001100110000101100000011000001011
1111011101010000011111110110110011111000
0111000101000100000011110111001011000000
1011110001110001001010010100110101011010
1000110011100001010110011000101110101010
1111101001101100001001011000101110011011
0101100000010111111101101000001010101011
1010000101110111001000100100011101101101
1111001110010111010111101010011000011010
0101101001100001101000100110010011111001
1000010010100011011000100110101110001111
1101010001110010110110010001010110110000
1000001000101010001101000110001100011110
0001100001011011010001111110010100101101
1011100101100111111000100111100111011011
1011010101011110000000110100011000011111
1001100100000001110001101101011010111110
1110010000000011000111101111111011001010
1010100010001101100101010100110101100010
1111001001001010100111000100111000001111
1011000000100110001011011010001000110000
0010000111000101111001011011101110110000
0110001001110001110100111000100100011000
1101010110000100010001101010100010000000
1101010111000101001111011100110101101001
1000110010001000011100010111101010000100
0101011001010111010001111100111111100100
1110011001110110010110110101010111000111
0010111100101111010100010100010011101000
0010101000100001111000100111101110111111
1011101111111100001101110111101110111101
1010000000000001101100011100000100000100
0011011100100111011110001110001011000100
0110010010001110011111111000101001011011
0000110010111010011111111111011100100010
0101100111101011001101001001101011111100
1101010100111111010010010000000001000000
1010101110001000101011100011011111000001
0110011111100000011111000110111111111000
0000111101010111100100000011100001010101
1010001011111110100111100000110001110010
1010010101010000110100110110101111101111
1001010110000110100100000101001100001011
1111001000111001000111000100001010101011
0101000000010010001101111101001100000100
0000101010110001100001000101011101110110
0000000010010111011110000111011010101100
0101101001011101001110111101111111011101
0000000101110010111000001011000100101100
0110100100111000001110010111100100011111
0010111100100011010110011011000011101111
1100010010000110001011011000010100111011
0110000000011100100011001100100111100101
1001011111100001100000100111111110000011
0001101111010011000000111001110010110011
1100111100101110111001010110101001001101
0111111001011110010010101111011001001111
0011010111101010001111001101011011010010
1110000110000100000101001110001100011100
1010000111111011110010110100110100010100
1011001100000110111000010000011010111110
1000101011101111111101101111100111000100
1010111111111001011010000101111000101011
1111001110000010100111000011111011111000
0111100000101111000101011000100010100101
0010111000101101000110011010100001110110
0111010111101100110001000011010011000111
1001000010000100010100110111110010110011
1001000100010101001111011000000100010001
1000100000010011010010110011100001110001
1000111011110011111100011001101100101100
1100110010110100000101001100110010001100
1101000011101111001001100111000011100011
0001111000001011000110100000111100011101
0111011011100101010001110100100111010011
1011100001111111101100111111110011010011
1110111011001110001001110010000010111100
1111100110111101001100001001010101000101
1111011011110111011011001011110110010011
1010000111010100100001100011011111001001
0111001010100011011100100010010010010100
1011000101110001000101101010101011010100
0100101110011001110010010001010100111011
1110001110101001000111110001001100111000
0000001100100010111111001011111000110010
1110010100111101100001000001111111010000
1110101001100011001110011000000110000110
0101000101110011011110110001111110110110
0011100011010010011101100100111110011011
0111010001000111010010100111000011110101
0100101011100000111000000000000011111000
0011011101110110101100100100111010011000
0011011010110001100010110111110100110001
1011100111001101110011001101001001010111
1000011000101110111010011001110111110001
0000101111110011111011101110010010100111
1001000101011010110000011011110001010000
1101110101110001100001000001000000111100
1100010110100010100000111100111010111100
0001111101000011011100001101011110110110
0000010110011100001010010000000101101100
0111110111101010110110110111001011001001
1001001000110111001011101100010111111101
1110001001101110111100101100101100010101
1100000000010101010000110001111010010111
0000011001101101001010010010110110001010
1110100110011110111001010110010101110110
0110001100110001010101110010011111111110
0011110100110101100001000101000011000101
1011010111000100010011100111000000101101
1100100001110100011110000011011001011000
0111001110110001010111100100011010000011
1001010011000110001101001100110010001111
0111111100101110001110100111111001000000
0000010010000001110111011011101110101101
1001000001111110111001110101000110000100
0111100010110101101101100100010100010101
0010001000001000111110110011111010000011
0110011110100011000111111001100001010011
0011011000011101101111010110101101000100
0000000101101010111111101111111110110100
0001001101001010111010011010111110101101
0011001110010101100011001000011001101001
1000111011111101010001100111110000101100
0100100111010111000110101110110111100101
1100000101000011001101110101001010010101
1110100000000011001011000111000010010100
1101001000011000001110010100110111101011
0001010110101100011101101100010110101110
1111010000100010011011110010101110110110
1100011111000011101110010111001111101111
1111000111011000001011101000111001011000
1100011010101101101110010011110110101001
0111000011000100111101001101000000011011
1011100011011100101111111111001101011100
1011011011111100010110010010111110101101
0001000001111110110100111101101001000001
0110110000100000011000000111011011000011
1011101100001010100100001010010111101001
0001101101010010001001000011010010100010
0111011110101111000010011110101001110010
1011011110110010001110101011100100100000
0001010011111100110101111110000100010010
1101111101000110001000110100111101110111
0101110000111000101110101010111010011010
1010010010111001110010011010010000010010
1110110010101110111001001110110111010111
1100111011010111111001001000010000000010
0011111001101001111100000001101011010111
1111001101110001000011000110100011101001
1111001000001110000001100111001011100111
1000001011101011000110101100110110000111
1011111101101011100111010100011101010010
0101100000101101001101011101000111101101
0000011101000111001100000011001000000001
0001100100110110000101000110110111010100
1010100101011111110010111101000100110010
1010011100010001101001101101010001010100
1100011001001101100100100111011011101001
0010100110110011011000101000100000010100
0000011000110110100011011011000101000100
0010101000001101000111001110100111000111
1111000111001100110110010101110101110000
0001001001111101110111101011001111110000
1101110110100101110000110001010100001010
1010010000001111110100111100101010111000
0000111010001001111111000010110100111100
1000010010100111001100101001110111000000
1101101111001111010000111010011010100101
1000010011110101011010000101100011101010
1010010011000011000011001101011000011110
1100100001100000110101111111011011110101
0001101101101111110010100101000001000101
0010000110010001000101101000110011010111
1110100010101111110000011000001011111001
0011001101001111111000000011110011001010
0100101100011111101000100111111110000101
0011000011110110110011000010111000100010
0111101101011110000100011101101011110011
1000101110101011000011001011000101000111
1010100111111001000001000100101011101100
0011100010011010101000010000110001110100
1110111110001001000100010101110110100110
1100011000101001110010100100100001011110
1111000000001001100010101011111111101101
1100001011101110010010111011101101011010
1000010110100011100100010101101110100100
0101010100010101001010010011010101000100
0110000100000101100011110000010101001110
1010010110100001010100011111111001001100
1100011111011010100110100110100111001000
1000011010011101010101000011001110111000
0110001001000001100110110111111011110100
1000011000100011011010010000011111010001
0010111010000011010100110110111001101001
0100000110100101001000111100011001101010
1011010011101011101010010000001001101111
1011010010000111100110011010000010110010
0011100110111110100000000001001100111111
0011110000011101011100011001111110001100
1100101101011110110011101000111000001001
1010000011000110100001100010110101001111
0100010111000111110111011101111000001000
1110110111100010001000001010010100111101
1100010111000010111100111111010010111001
0011101101100111001110101011010110100000
1110111000000001011011111111001110011100
1110001011000010100001000001111110110111
0010011000100011101110100101100111011011
1001100110110100100111111011100011010101
0101100110011110100000010010100101010000
0001000111011111100100111111001100111111
0111111010110100111001011001010111110100
0010111111010011110100101110010010111000
0101100110001000001000000110111110011101
1101011110110100100001100101100001101010
0110011011010110010100000011110011010011
0010111011011000110100001010100001110011
1010010010110011100111001010101100001001
0101000101101110000010111001000110111011
0110111101111110011100111111101011001100
1001000100111010000011001010001011000011
0000001001100011000110010010110011111001
1000111010101001000010001111101010101100
1101101100001111110000000110110101011001
1011001110101100010110101100011011111001
1001111010010110101101001100101000110001
1110100111010010010010001000000111011000
0111110000000100100111110011010000100000
0000001001111110001000111011111111100010
1101011010010101100110100000110111001001
0011111001110010000110100111110110010110
0110011110000100110111001111010001111001
1010101111011011101110000011001100001110
0100010010110000111001010010101101110011
0001111000010001111010101101001010100001
1010101011101110000100011000111000110110
0110010100101011010100101000010111010011
1011011011010110111111011110000000101100
0000101100001100110000000001101000000101
1101010111010011001010100001010001101111
1100011011101110111110000001111011011000
0100110000100000101010101001001001111010
0000101101111010000100101011101000010111
1000101011100001011011110011100000000000
1110000000001111010101101110000111010100
0100100101110111110011001010111010010001
0101101111000001000010000100111100111010
1010101010101011011111111000100101011010
1111101100111100010000110101100010111111
1000000110000111001010100000111011101011
1001010011100000000111001110110000001111
0001100110100001110000111110101011111001
0011001011101001101010000101110111011010
0110011110110110000100011100111011110110
1110001011100001101010111011001010101101
0000000011010100110001110111010010001010
1000101011100100000001010001101001101000
1010011100101111100001000101100001101010
1011100110001110001001111001101110001101
1110010100100000010010101101111010100001
0101000010011111001101111001010011010010
1110000100011001011101010100011110011100
0011111100100011010110111100101110101000
1010000010100010010011010101001101100001
1001011101100111101011000001000101110111
0001001111111011111011110110001111001110
0111100101011101001101000001101100001111
1010010000100011011101101101000110001100
0010000011111111110110011101101100110010
1011101100100000011101110001101001101011
1000101111110100010010001010011001110011
0000101100011110000111101001111101100011
0000110111111001001111100010110111010110
0100110100011110111101100001111101000010
0100100011111000111100101101111011101100
1111001011011100001000011001101111011111
0011111011101010010101011101110101011011
0101000100011101010100000001010000001100
0111000010111110100011001010111101110101
1110110110100101101011001111001011000111
1000110001101001001110000100110010010011
0100111000000110100101110100111100011100
0110001010100110100101000111000001110011
0010110000111111100001110010110010100101
1010001001000100011000001110101000101000
0010000110110000100010110000111100111010
0100101001011010110010011001110100001011
1111001010100110100000010111001000001110
0011101100111011001111110010100000111011
0011100110010101101101010111001011111110
0111101111111001110001110010100000000111
0001001100110101000000001000000011111011
0011101000000000110111100001011111100100
1110110111000010111101001010111110110000
0001101101001000100111011000111010001111
1001011100010111010010000011011001101110
1000111110100000101111001110011011010100
1011100100000001110011100101100110001001
0011110000001001010011101100110001001010
1110100000000101111001110010100101000101
0010110010101100010011001111100011010000
1111111011001000010000010111000000011111
1100011111100010001000100000011101110110
0001110010111000001011000101100100011100
1100001011010010010010011000101001010100
0101010100100010111000001001000011011000
0010100001001101110001000101011110010001
1100000001110111000100000100001111010110
1100001000100101111001101110111010111000
1010100110100111001011011000010101110110
1001000011000101011001101100111110011000
1000010001110101011110100100110100010011
1100011000110000110110101011000001111101
1111010001111011101111100011011111110101
0111001111101100000100000110101111011001
0111111011010101110101110001010111010010
0000110111110011101001001011111110110100
0101111011100011000010111110001111000110
1101011001110100100000111101001010000011
1000000001011101111110000010110001111100
1000101010011100001010100101111101011001
0101100111010100101100011101100000011100
1001001011110001000111101010101011010010
1110111000101010001001100111100100001100
0011110110111010101001110100000010011111
1011010110000110111100110011100111110011
1110101100011100101111101000101010010000
1101110110101001110101001101001101011000
1011011010001101100010010100010001101111
1010100110110111110111101010100101101111
0010101111000000000010010011100111011000
1101000001011011101111100001001101110011
0100100111110000000111001101111110110011
0000000100101111001101111011101011011000
1101000000010101010100110000000011111000
0100100001101111111100001000000011110110
1000010010100011011110111000010000100100
0110010000100101010001111101000000111101
0101001101110000000111110010100100010110
0001110110110010100111011111100110100011
1001011011100011000010011000001101100111
0010001001000011011010111101111000010110
0111101101001101110110011011111010001000
0011011111101011111110101001001010100110
0000101011100111010100100100010011111100
0111100101111100111110101011010000000101
0000010100100001110010101000001001001011
1110011110000111001001110101011100111111
1101110011011010011000001111111111101110
1100010111110111110010111100111100110000
1011011100001100011101101001111100111100
0100001110111000101010110001101000010010
1000000011001110010011110101010111011010
0111000100010000111110111000100011100010
0010100110101111110111010010000111101100
0011000010100100010011010011000010101000
1100101100101101001010000101101001001000
0011100110010100111101100111111011000010
0001101101001010111011001110010000110110
1010000010111101111011000111000001101100
1111110011000001001011101000001011011001
1011010110110000100010100010110111010100
0110001011000100001010110111011010111001
1110111111110010011000101100101000010100
0000001100000011101011001011111101000100
1011101101011101000111001100111110100101
1010101001010100111100011010111011100011
1001011010011100001100101001001111001000
1010001100010011100001011101000111011001
1110011100110110101101001100100011000110
1011101110001111011101010001110101011101
0111101101010000010010001010010110100101
1010011110100100000100101000111101000100
0100100111111100110010111000110101110001
1000010011000100010101101001011101100000
0110110000000010010101101000100001110001
1100001001110001100010110110010111000111
0100010101101011100110001100000111010000
1001011001100000000110111000001011111000
1110010011010100000011101001001000011110
1011000011011000001010001001111011100011
0001010100010110011001110100011100101100
0001010010010110000101100110100011011011
0101000101110101010000011010000111011101
0000000111010111111110011100100100111000
1001110000001101011100100100110101000110
1110110000010010000010001011111001111110
0010010001011011010100010001110111001101
0011101001110111011110011011100101110010
1110110110111000000011100100111000010010
1111111010110101101011101001011001111111
0100011111101111011100010111110101011110
1111110010010001001010110100110100100010
1000000101011001000111000111010110101001
1001000100110001010000101001000010110100
0101100010111001011110000100001011101111
0101011101000000011010101111011111101011
1001101101101000110111101100011000010010
0111111110101011100000111011110010000010
0111010011011001110110110100111011010100
1011001011111000001110000100111011100011
0111011010110101000000110101100100011111
0100010010001100000001100010010000110100
0101111001001101011110000100000010101110
0100001001000000101101011101000100000011
1001011100010111101011111111111111110101
0100110110001100110010110100110011110101
1110000011001000010000001001010001101001
0000111110000101100101011111001001011110
1011111100001111110011111101011110100000
1101101000110100101111110000111100100110
0001111011000001101111011100000110110110
0110100000111001000110101100111101010110
1100010011101101001100011001010010110001
1011010110111001001111111110100100110010
0011100000100101110010011101011111100110
0000110110001111111111111100100110011110
0110100101101011010111011100001111001101
0100011001001001010100111000011111110001
0100110001001110111010111001011110101101
1001000010010111101100001000000001110101
1000101011001100010000101001101110000110
0011111001111101001010101010011100100101
0011011010111011010101110111100100101000
0101111110010101011110011000100001010001
0011010001101011101100001101111001100101
1010001110010010110101001000001111001100
0111001101001110001011100011101000001110
0101011100011100111011101010010000101100
0101100010101001110000111001000010000100
0010010100110001010100000110010010011010
0100010101011010011101000000110110000010
1001100101101011111000110110011001001001
1011101111010000110010110001011111100110
0011110011101011111011111101110000000111
1011100101101011101111111100110101110001
0111111111101000101110001101101000111110
1110110000100111000100010111000011100101
0101101100101010011000101011000101110100
0000110100010010111110001011101101000111
0011001010111001010111000101011100110010
0110101100111001001010110111110110011000
1100100111100111110101110100000101010001
1101111110110010011000101101101101011001
0010011111111110100110100101010101011100
0011001100001100110100010011101011111110
1100011010111101100111001100010111100110
1010100100001001110101111101011111011111
0111110110001101011101011001100100001110
0010011000010101110101110001101000001100
1000011100101000011000101111111101101110
1000101100010010000001010000001100110010
0001000001101011110110100011111010100010
1101101111101010101000001111100100000011
0111111110011110011111001011010111000100
1111010110100100111100011111011110111110
0110100100010000010001011011010110000111
1011000100110111000111110010000001110000
1001110111010010001000011110111100110111
1001100101011000001111010011100101101000
1100100000101010110110100101100011100011
0001001100100111111100111110111110011110
1010101101100110000011011100111110110110
1101000010110100100111000000110110001011
0001000011100001000111010111010111100000
0110110110010111000111001000011111001010
0000111010011000110100000111001000111101
0111010010100110101010100001001101111110
0000101011000010101010111000011000100100
0011101001001011000111111011111101011011
0011001111101101000101011100000011101111
1110100000100011111110000010100101010101
0001110110101110110000000001001011010111
0000101001001101001111101010010000111100
1001110111001000101010101101101011001000
0101001010010100010111001010110101001100
0100001111101110010001101100010101110001
0001111001010010000001100011100010000000
0111001101101101101101101011111001111000
1100011110010011010100111110100000110001
0101111000110000000110101001000110111101
0000000100101010011100011111000011011011
1010010110011001100101010010101000000101
0011111011111000000001110100110100111110
0110000100111100110011100001011101001000
1111110001010111100010101100111100100001
0100100011010101011001000100110110110010
1111110100111100010100111101010001001010
1100001111010110101001010010100000101110
0100000101010101100110010010010111010111
1100000011100010000011110011001000110001
0010101100000001001100011110111111011111
1110111101100101011010010010000001101001
1100001101001110010011011110111111000100
0001011100001001110111001010111000001100
1000101000011101001010110111011111011011
1010000000000101101100101100010011011110
0000001011010010111001100111001011000110
1000011100010100000110101101000101000111
0000011100000001100100011011001011001001
1001001110011111101000010011111000010111
0111010111011010111011000010100101101001
0010010111101110101001011011100010010110
0000100111010100000001111001100010000011
1010110000111110100111111110111011010000
0101001101100110011110111000100011000111
1110111110110000001010010000011101001111
0101010110001101110001011011000000100111
0010101000001110000011110001110001011000
1101001000101101011100110010001100001010
0101011000000110110101111000000011111000
0111001000111111101000001111110011110010
0011110010110011100011100101001101001101
0111110110101111000000111111000111001001
0011011110110110000101100010011000000001
0101011100110110000010100110101011011100
0001010000011001010011111010010101110110
0001011001011110111101000110111011100000
1001000010000011010000010011011000000001
0011011010011000001110000001100110100101
1101001111000100101010100111011000001011
0101010000010010001011101001110110110101
1011101110011001110110100000000010000000
1101111111011011100011100001111110011110
1011101000100000101111101110100101000010
0011100100010000011100010000001101000011
0100111100111000100101010111010101110010
0001111010010011011101101010111001010011
0111110001011010011100011011011010010101
0101010101101100001110000010011111010101
1010011010101101100001010010111101001101
0000110001100111110111011010110111011100
1000100111110100000001111011011000101011
1001011010011101101000011110010101111110
0100001110011000101111100101011110001000
0110000100000010100100000000001011000010
1001001010110100000110111000101001010101
0101110011100011011001011000100000110011
1101010011101110011010111110100011100011
1010000001000111000010010100001111001001
0000000000011011101011101101000100000000
0100110101001110011111101100110011000010
1000001111000001001000001000010010000000
0000100000001110001110101001000010111000
0111110110101001010000010101011011010110
1011100100101100010101111010101101110110
1011010101101001101011110000110011000110
1100010001010011101100011000000010001011
0111111011101010101101111101110101001110
1100110100101110001100001111111001000100
0100110100010110111010001110011101010110
0100111001000111000101001101010100100000
1100001001010000001011010010000101010000
1101110101001011010001110111010100110110
0010000001101010011110101110011100011101
0100101100010110101110011000001110010100
1010000000110000000010000100000010101101
0101111000001010010000011101001101100110
0010011101111011001000010010011011010000
0001011001100111011101001100001111001010
1100100110001011010000110110110011011011
0111010011101100010111100111101001011111
0011001111110010111001001010001000011001
1101110011010110100110011101011011000111
0010110001110101110011100001000010100110
1000111001010110100101101101101101110110
1110000000010111101111010110000100011000
0101011011101111111010101011001111001011
0100110011101001001110000001110010111001
0011100000011010111001110010100000011001
0010001111000110010100101001010100000101
0010111011010010111100000101100010011110
0000101100011000010010110110111001000010
1111110111100100100111000011001110111100
0111011111011011001010100110010000100101
1110101110111100001100110110000111111010
1101000101110011011011100110001111100011
0011001101001110101010011010111010101000
1100110011000011100110110111111001000000
1101100100010111001101011111110000101000
1100001100001111001110000000111000001101
0011011111100000100110001011101000110111
1001110100010000011000110100001110101010
0010111100010111111010110111010011011000
0010100001000101110101110111100110111001
0111011101100001110101011100001111001010
1110100010110100000000001010100101010100
1101010111101010111000101001001101111111
0100001100010100110100111110001010001010
1010011000100001111001110100110010101011
1010110010000101111001110010000110100011
1111000011000010100010101010001101000010
1000011000000100010111011110010010011100
1011001110001110111000001001111110100111
1111010000101110001110011101001111111101
0110000100110000100000100110101010100100
0111010001010111110110100000100001100010
0100101100011111100010010101010011100000
1110111100011111101111011111111110101101
0010100001011100000011010000000110011010
0001100001011111010011011000101101100110
1001111111100110100100111110011000111110
1101011011001111011111000010110001010110
1101100100100011110000010000100100010100
1011110100000111101100101000010100111111
1010110001100000111101111001111110010000
0011010100001001001010110101101000011100
0111110001111111101111100011010011110111
1000101001010110011011111010010000111010
0100111011100100001111101101110100110011
0111000010001110001011110010110101101111
1011011011100100001011110011011000000011
1101000111011101101011000111101100010101
1100001101100111000001011011001101111110
1111001101101110101001110010001010101010
1110001111011101101111001010100011101010
1001011101110101101110101111010111100111
1111010000011001110010011100011100011111
1001110001010100100101100000000011011000
0001000001101011101100010010101010100000
0010011101100010001110100110001011110000
0110010110110101110100100000111111101001
1010101000010001110110000000111011100101
1111001000000000100101110011100101000110
1110011010010110111011100100100101001010
0001000010000000101010100110101010000001
0111000000111010111010001111101101100010
1010001001011101101110000110011011111010
0111110101010111010000110001010001101011
1010110001100010001101010011010111000010
0100001101011001010011101110111101010100
0100000010111010000101000101001111111000
0011010001101101001000100101111001000001
1011010111001001111110010010011001010010
0111100111100011011100110110100010000011
1001111010000100010000010001111011101011
1011010111110010111101100000011011100001
0110100101011011001010100101101100011101
0000101010110110000101111100100011111101
1100010010010110101100111111001111111000
1111011001001111111010111110111111011111
1011100110100110101100100101101111000111
1001100110100010011100110011011110000100
1101111110101000010111101110100101101001
0110100010010001001011110110010001010011
1001001000000100001111100110000001010111
0000010010101000100000110111011110000111
1100110110111101000010100010001100100111
0100111000110101110001000101111101100111
0000111010101100100110010101000110011110
1000110100111100010010010000001111011011
0011001010111100110100100110110010011011
1101101011100011111110011101000001100011
0011011000011011011001001010000110000101
1000111100111000101111100001111000000110
0011111011101110011111100101100110111100
1111101000111000001110010011000101001010
1110100111101011010101111100001111010100
0101010100010010010111100011011101111110
0101011101100010011001111101101000111001
0100010000100111110001110100101111110101
0000110111110111110001011000111111100101
0001011010110110111111111001001000101011
1111100110101101111001011011011110000110
0010110011001110010100010011101000111001
0110111010100101101001111000101111110000
1101101100010000100000011000010111010111
1000001110101000010001100010100011100010
0011010101011111010100001010110100000000
1111111001011010001111001100001100110110
1011101011000000110011010011101111010000
0011011111010110101010110110011101000001
1000100110101100111110000010000110111000
0000100100100010010100001000011000100111
0000000110010001100001111110010011010001
0110111001001011011011011001000110010110
0110001100100110110101100110001100100011
0100001011110100011110110110110011110001
0100000000001010110100101001011000100010
1010110110101000001010010101000010000111
0010000110110000001000001100010011011100
1000000110111110101001000100010100001101
1100111110111111000000110101101100000110
0001110100101101011001111000100111111111
1111111011111100110001110001100010000010
0010001100010000110111110100010010100011
1100101010111011010000010010001100111000
1010111100000110001001100001010001110011
1101001001101011001000000010001001100000
0001010101111000011101100001000010111001
0011100000101101010101000010001010010110
1011110111101111101001111010011110011000
0010100000111000001111111110110111010010
1001100111101111111010110101110111111101
1010011111000010011000010100010111000111
0010100011100101101000001001000100111001
0100010100011111011000100100010100010101
1011111100100001010000001001001011100010
1001011110110100001111100011111101111001
0010110001101011011011110011100011000111
0111001001111100011111011000111110000000
0100100111111001110010101011011001011010
0111000000110110000001001011001001110111
1011001100110010010101000000111111000001
1111101010111100000100111000111100010100
1010000000000111010011011011011010010111
1011101011001011111111001001000111101110
1100101001010000001001101010100000110101
0010111111010110011010101010010100010000
1001000111111010001101011111000011010011
1110000111001101100111011011001000011101
1001010110000101001111110000000110100100
0000011001000110111100110001100110110111
0111001010001010001101011001000111011101
0111010000100011010011010100111111111000
0111010001000111001100101111010000000001
1001011011101101100111010100110111001111
0000111101101010011011001110001101101011
1100011100110110000010100100010100101010
1111010111010001011001100110010101110111
1111110100010101010010001011100011010111
0100101001010010111000000100110111111100
0110101111111001111100011111001111110110
0100001000111001010100110100001110000110
1110101110001000000011001011010100100111
0011111110001010000000110000111011000111
1111011111011000101010000111011000111101
0001010110001000000101000000001011101011
0001111001110011101111110101001100000000
1011001001011010011101110111000011111011
0011000000101001111010010111101110100101
0011010001100011101100010000011000101111
1110110100011001001111011011001110010110
1000011001011101101111010101010010000001
1100111011111000011011010100001010110010
1100001001100011100111001100010001011100
0010001101101000100010100101100101111000
0100111100010110101101100000110011000110
0000111111010001111100001001000010001011
1100110001000100111101101110101000000011
1001111110011001111000101110000011001110
0000000011001101101111011010110000101001
0001011010101011111011100111111101111010
1100010110010001001111111010001010011001
0000111110111100100010101111010010111111
0100100101111010110110011110101101111100
1101011001110000101110011110011110101010
1001110001100010010110110101000101110010
1010011100011110010111101101101101010110
0010000110001101110110011010000010000010
0010101101110001001101101000110011111111
0001011000101111001000001000101100101000
1110101101001011010000110001101101011010
1000110000110100011010010101111010101011
0001000111101010100111101011010100111100
1111110000010011010000110011100001010110
0001010001010000000110101101100000100100
0010101111000101111010111001101001110100
0111010110001111011111111100001011001001
1001000110101110110010100011110101101010
0001111000010110111110010010111101111001
0010101000111101010111011100100110011000
0000100100010101011000001010101011101100
0100001100111010011011100111111011010010
1010101011011000100111001110011101111111
0100000111001011000111001111101000001011
0011111101011101111110000000011110110000
0100011010010111100100010110100111100110
1111110000010001101110001100011000010101
0001000011000011001100110101101110111111
0000010100010101111001001111110000101100
0101110111001001111011010111100111000111
0100100101001110011110010000000100010000
1101001101011110110110101110001101111100
1101001001000000111001100000010101101001
1111111111001001001011000011111011110101
1110011100010101100000010101101010110110
0110100110001110101001111000011100111000
0101111011001110100011011110111111011011
0101100010101111000010100001101001011101
0101101010111000001110100101100100000100
0010001010011100100001101110111000100100
1011110111110010010000010111111110110001
1000110100010100110011110111001010010100
1011000100101111011111101111110100010010
0101111101011001110010000110010010001011
1101010111000001110100110100110011011011
0100100100100110001111001100100110001110
0010010011011101110111000100010001000111
1001110010011110111100010000000000011111
0101011011101101100101010000010011101101
0100001110010101100110000101111100010111
1101111011010001010101100000101101110010
0101110111001011000010010111010111000100
0100010000111100110111100110010001000111
1011111010010111101101011111101000111110
0011110101100111100110010001011010001000
1001110111100110000100011110110111010101
1111101000010110111000100111011000110011
0011101001100011010001100010010000100011
0011010101100110100000100110111001100001
0101000110111011001111011100101000110111
1010100101000100000111111100011010111000
0010100100001101001110001100101111110101
1111010111110111011101110001111001011010
0010010111101100100100011101111100000111
1011011111111100110011100001110100001101
1111110111111111111100001100111101011001
0011011101111100001110111110001101000111
0111000111100011010111001010111100001000
0011101000001111010001100010011010010101
0011100111110100111100011101101011101001
0101111111110110110001101001001001000101
0110010110111111001001110011001010101111
0010101101101100000101000011011100011110
1001110110101001010011010010100111000001
1010001010101000011010101011011011110110
1011000011000001111101000101100010000101
0001101100011110111010000110100101000100
0000001101000101000010110110000111111010
1000001001011110011110001100110010000111
1001110010010110011111011000110010010101
0011010110001110010000100101001001110110
0101011010010101010100011100010011010011
1100011000110101100011111100011001011111
1000001111001101010100100100011011111100
1011001100001001101011111001101011110110
1010110101000001110000100111011000111101
1010011011000111000001000101100110001000
0001100000010111011101110001010110110101
1111000110001010010011111100011001110010
1100111100011111101001100101001100001000
0100110100000000010010010101111000100111
0110011010111111101010011101111011001110
0110111010000100100000101101111011111100
0101110000110100111001010101110011010111
1000100010111100001001101111001111110011
1100001101010010010110110100100000010000
0011111010010101111100100011001110011001
1101010000111010010101010011111011100100
0010011011010011110110111100110110010011
1101101000111100100011111100111000000000
1101001011010010101010000111011000101010
0001100010010011100000100111011111011111
1010011011011011011010000110110010011001
1011000000001011101100100101000001111110
0100100100001001001110001000100100001101
1101010011011010100110001111111101000111
1011101110010100100110011100011011001100
0000101111111000101111101010001011111111
0111001100001001011000000110011000011101
1101010010110110011000000100000000001011
1101110001110000111000011111101000001000
0100110000001110001001011001100100110111
1100101010000001001110100110111100111011
0000010010101110101011001010101011000101
0101000101101010101010000001011110110110
1101111000111111111100001111000010110111
1100110100110110101110100110001111011000
0101001100010000001101011011110111010011
1001111100001101011010011110011000001111
0001000001111010011101011100001110111110
1001000100011101001001001111101010010011
1001000000101100001010011000111100100000
0100101111011101110001100111111011111010
1100100000101100010110000100010011111011
0000110110101110100110011010100111100000
1101001101001111010001100000010101110100
0100100000000111010001110111111111010111
0100101101100001010011000111111100101100
1100101001011110101101100011010000110101
1000110101100110110100110001011000011110
0000010010101000100000011100011100011100
1111010101111000000100011010011111100101
1100000101111001010110001110011110011100
0101111011110011111010001001100100001101
0001000010011011100111000001010011011111
1011111010100011011011011011010010000001
0111010111000011010110110000010101111110
1010010110000110101111100100010000100101
0111111111010100110011100101011011011011
0110101100001100000010011111011010100100
0110001100000010001110011110101101100110
1000100100001011110101101011000101001010
1011011100111101011001100100110001010101
1101111011000100111101001010100010000001
0011000001110011001100100001011101100001
1010101110111001001010011111111110111011
1101100100001011110100110101111011100110
0001000111101011101011001001010101110001
1000101011101111010101100010101011100011
0100011111111001111010110000100000000100
0001001000011101110011011010111101010010
1100100000011110111001100011100110101110
1010011001011011100101110001010110010010
0000101110101110110111110101010111101101
1011000100110111010111001101110010100001
1001000011101011000011101001111101100010
1010011010110101010011011100111111101101
1101001000101110001010100100000011011100
0011111100100100010001110111100011001000
1010111111101110000011010111001101010100
1110001101100000100101010010101010100100
1110001000011010101110101101110100011010
1101100010110110001100111100101101000100
1100101010010111001010110010010111010010
1101000011101111010010001101011011010011
0111001100010000011110000110010111001000
0001001010110000101010101011101011000101
1101111101100000010111111100111110101010
1000000101110111000100001101001000011100
0001001110001000101010000001100001010001
1011010010011110111101001000000011111010
0001001011010110111110100111011011100011
1110100010110101001101111110101111000101
1111010010100111010000010110110110001011
1010101111001110111011000110100011001010
1101110101100011111111000010110110010101
1100100101011000000101011011011000000111
0100001000010000100010101010101011011001
1111010001011011010110110000110001100011
0111011011011100110101111011011000111101
1000011001111001110100111101100000111010
0000011111011000001010110011110010011000
1111010110000100000110010000011110001101
1110010111110001111100000101001000100111
0110111001010100101001000011101101001100
1000100000101110001011111000111011101110
0011100011101001010010101001111011111001
1010111001100011100011111100001111101011
0011010001001101110000111111011000100101
1010001101001000001111000011011111101010
1010111101000011101010010001000001010101
0000100011001100001000101010000001101010
1011100011100010011001001111111111011100
0011001101110101110010001010000011101110
0010101100110110100110100110010101101111
0011011011111010100001000100100010110111
0011011000100000011100100010000011111000
1111100111100100010011011110101101110100
1111011101111100111001010000001101110010
1001111100100000111110100011100010011000
1101101110001110010000011011011111011100
0001001101001010001000110011110101100110
0010101000000111101011111110100011110100
1011010110001110110010001101011001000001
0110010010010101101010010000110001101011
0100100000010101111110100000001011001001
0001000010010000111011010010101011110000
0010000001011001001101000011011110001110
1010000100110111100010011010001010010100
0101000100111010000011110101100111100001
1011000110110011101111011110110010101011
0100000101110100010111010001011110010101
0101101011000001000000011111100010100000
1111101011100100110011000001111110010101
0010110101111010110101111100011100000100
0001010100011101011111101001000110000001
1110111111100101101010111100001111110001
0010011100010101010100100100000110111100
0000010100010011111110100100100011101010
1110001000101001101010000111011011110001
0011101011001110011001100010010001010011
0100010011001011010100011000001010111111
0000100000110110100110001000011100000011
1100000100001111101101111101111001001001
0001110101011000000111101010100010000111
0011111111010000010000011101001111000101
0001101011010000100110010101101010110100
1110101100111100101010000011110100010000
0001000100100011001101111101011000001001
0101011101110100101010110001000100111010
0111101100010111101100111001001111101001
0101100110001101101101110111101011101001
0100111110111110110010010100101011101100
0100011001010000111011011001011001000011
0000100100111000010011110101001011111101
0110000011100100000100100110110001001100
1011011101111011001000111101101001011101
0000011010111000011111101000101101000010
0011111111101100101110010110100101011011
1000101000001011011011111101001111100100
0111111011101110111010001011001101010011
0111110001000011000101000010011011100101
1111100001001101100100111101110101110011
0011010011100000001010111010100111011001
0111010110111110000110011100010111010111
0001011000110111011100001101110111110001
1011010110111101100001101011110101001000
1101000100000111111101000101011111100001
1101000011100011110100011001010010101001
1100110110011011100111100101100001011001
1011111111011101101111110100111011001000
1101000011101001110111100010101100101000
1101110011111111000110010101100010010000
0001011110000000110001000000001000101100
0000100100011001110000111001110000001111
0000000100101000110100011100000001101000
0111110100000111011001010100011110001000
0101000111000001011111001000000000101100
1001011100100101011001110111100100110111
1111011100100101101011111111111111100100
0101000000000111101110101111011001110010
1100000100110111010011111011011100110111
0010101100001110010100101011011000110111
1011111111001010001000111010101001001100
1101101100101111010010000001001010100110
0101001111001010101100100100100000010110
0000000111110000011010101010001110111010
1000001101010110101100110000001100011100
1010101000001011011110100011011000101111
1110000011111110011001101111110110011110
0100101100110100011010000000001101000111
0000001001100010000011101000101111111110
1101100100110111000010111110000011001000
0110101011000110010000000100001001000001
1110001110010100110101011011001110010010
1011001101011100110100100011101010010110
1111001111101001110101110111101001101010
1000001100101110001101010010000001110001
0110010110110110011011010010001000101011
1100000101110111010001100110110010101100
1101011000010000111111111010001101001010
1111100110101001101111110110110110001100
0101011000011111111001101001000110110010
0111001011010111101111101001110000100001
1111011000001111001100111111010110010111
1101000101011010010101111111101110110001
0010011000110100100100011101110101101010
1001001011001011100101010111000100111001
1000001011011101111011100110111111011100
0011110011011010110011011000010111100001
1110101101010100101010011101111010011111
0110010111101000111011100000011000111101
1001100101101010110001001000010111101010
1000100011110010100001000011111011011110
1010101100001001101100100010000011000100
1010011110100100111001111100101101100000
0010111110010100111111000010110110010111
0111111111100100111001101111000111110010
0101011010001100010011011100100000110101
0011101000100110110010101000101111111010
1110100000110101011010000010101000010010
1010110010010101101101011111111000010100
0010001001111110111000011100110010111111
1011011100010000101011101101001100011011
1110000101111110101111011001100011001101
0110100111111000011001111101101111101101
1010100001001101010000100110100111101000
1110110111111110011010010111111001001110
1000111001100111111010001101100110011111
0111010101011101001011000101001001010001
0111001000111000101100000101011000000111
1001111000101110000011010100101011011110
1101100111100111110111101001011101001100
0111000101111000000001010011011001100010
0110010111101001100101101001000100011001
0010101110110010010011011100101001101001
1101101111111100000100011101001100111110
0001001001111010110000011001110101011000
1011100101110010111111111111111111001110
1011000101010110011011010110100001011011
1010011011101000000111000010100000011101
1000110110110110101101010000111110010101
0100010010001100111100111001010010010000
1011110000010001001110001101100001011111
0000000100010011100100010101101000100110
0011010101110000000011111100001110101110
1101010000100001010010000101000101101111
1111101001000000011011110100000111101101
0110100011001010010011001000101110111100
1111001101111101000011101011101100101011
0000010000001001110001110010110010011011
0101010001000100110100100001111010111011
0111010000111111001011001011011110010010
1100010001001110110101010101001111011111
1000101111010101011110100011101101100110
1100111000000000101011000001010101100000
0100100010001001111001000110101100000101
0010111000000100111001100010110011011001
1110010001010011010011000111001001011001
0110100110011100110101100000111011100111
0010101101100010110100111010101010110110
1111111010101010100111100000010001010110
0110111000011000110001001111100010111011
1011010011011100011011001000001101000100
0011100110000101000110100100111100101011
0011000011000011110011011110111011101111
1111010000010110111000010100110011000001
1101001010001101101000000011001110000111
0100111000100110100111111001000111001100
0010001110110011100001000100110000111110
1011001100111111101111000010001000101001
1001010011110111000110000100111101111000
1010111001010110001111100101101000000011
1000110011100010101011000110011000100001
1110100000001011100011001111000100000011
1101010011001010001011010111010001001101
1101000101110101001111010000110111000100
1101011101110101100000010010111110010111
0010111100110001111111100101010101010100
0111000000000111100001100100111111100010
1111101010110110100111010001110101010011
1001100011110000010100001000011010110111
1011000001110000101000010110110111111101
1010010111010011001100011100100011101100
1000010000011010111100100101000110110000
0111101000110111011011100000011000100000
0001011010011111000011000101011100001110
1000010110100100010000111111110011000111
0010111111000001101101010110011111001111
0001000101011001000100110001101011101100
0100011000000101001111100110011111011110
1111111111110000000011111111110001110010
0100001001000100111100001110011101011100
1111100000111110111010100101000100010011
1100000000011000110010001100001011010111
1001111101110100111000100000010110111011
1001111110100100000001001011011001000101
0101100000101111000111100111001011111000
0000001101101100110100110010110110000011
0000100101010100011100111111100011101010
1111101100101001101100000011111110011000
1000111000011111011001001101011001101001
1111001000011001010010110000111010011000
0010101110010101001111110111110010010100
1111000100011000010111101101101010111010
1000000110001111100000010110011100101010
0101101001111101101001111100001000000111
0000111011000110010110011011001011111100
0011111101100001101011010111000000110110
0000100001111100110001011000100111000000
0101111110000111101000011101101110010000
1000110100001101001110101000011101001000
1000010100011010111111111100100001011101
0001010101101011110101100010000100011010
0011010001000101101100001011001101000101
0101010000000010111110101001011110000000
0011010100001011000110001100010101110001
0001010010010101001110110110111001100011
0011001101010000010011111110110010011100
0111101001010100001001001010010100100111
0111000101101001011110010011110010001010
1010011000111010100000000000111010111100
0100001001001001100000000010101101000111
0111000101001000001011000110101011100000
0011110011000000111110110110100000111111
0111010000101101011011111100010100010111
0110101011101110101000000010010111001010
1101111011100100010111101100101111001011
1000000001001011010111010110010101011101
1000110001000100101110011010101011000101
0011010111110010000011110111100100001001
0110010000110111010011000001001000001101
1000000001110110000100101010101000011010
1010010100011010110000101000100101010000
1011101101010110100101111110110110111001
0100010011011011011000001110100111010100
0111101100110101010101100000111000101111
0101111100111010111000011001101010111111
0110111001000011111001001000011011100000
0100010111110001000111000011110011001100
1110111010000111101011010100101000000110
0110111011010111001001001110100010011110
0001010111011101011110110011111111101010
0100011100100101000000010001001100011101
0000110110011110001011011110101100000011
0000101011000011110111111111010110011111
0100101100111110011100010111010110000011
1011111111011001010111001111000011011011
0111100101110011010001001111111111111001
1000010010010111101111110111110110001011
1111001111101000001011011101100011100110
0101101001100100011011010011111011011000
1111101111010100110001010001010001010000
1110011001010111010100101101001011011000
1010001111101010010011010010101101100101
1010001001010100101101011110101101111011
1100011110001110111100011000001010101010
0100010010100110100010000101111100111011
0101100011100101000100110000000010100011
1000000110010111001001001101011000000010
1101101100100001010001000010011101000100
1001110101110101101000100001011011000110
0000010001001010110000011001011011110011
1000000110110001010011011100000001101111
1100111011101100010011110000011000110011
0010101111010011000100011100100010100010
1011001100111000001000110110111000101001
1000101010111010000110101110010110000110
0110001101101111010010111110100011000010
1101110001110101111001100110000100001111
1001010000011101010100110101110000011111
0100011100010101010010010010100100110000
1110000101011110111111001101001110000100
0000010000011110011000000001110001111011
0001110000010110011000011110110101111111
1010000110100010010011101010011101011111
1100000001011001010110001101001010001011
0001110110001001010101010010111000001001
0001101100010011010000000011011011000101
1010011101011000001010000000000110010001
0101000111110010000000000110110110000111
1001110001000110001110010111110110101100
0110000100100001011010111011101011110111
0100110110111111010100110100100000000000
0001100101110000010101001001100000101011
1001110111100111110110001011011110101001
0101101010100001010111010010100101100011
0010101100000100011100010001111011110000
0011011001010111111101110100101110001101
1000101110101001100101110011100111101010
0100010111000010010101101101101001011001
1001111011010101111010000110111111001001
1010110111101010111111000011001110100111
0011100100001011010101001010001111011101
0011010000001001001010111100000000011000
1000011101110111110111010000001010011011
1011110010101010111100111011000011001111
1011000110010111101111011111011100000110
1000101000100101010100011010111000100000
0110110100011000101001101100001110111010
0101011110010101000000001111111010100001
0110101011000001101101110011011010010111
1101111111001100110110100101100110100001
0000100010011101011100010100101110100001
1001010001001100001010011100010111100001
1110101100011110010001110010110100000100
0010111000001011001110110111010010111010
1100001111110011110111000100001111111001
1110010010011100011111101011010101011100
1100110100100001111100100100001111001010
1011011010001011111111111011100010111101
0010011010011011100000011110011000110000
0010011000000111110010100001000100011101
1100001100100010110111111011011000011000
1100100000011011100101001011011111110100
1001100101010011100011110110111000011001
0010010110011010100010010011111110010011
1100001101011111010111111100101100110100
1001101111101101111011110001111101100001
1100110100110100000001111010110000011100
0011011101110001101000101000001110011111
1001110010001001011010110001111110011000
1100011111000101111100101010010001001110
0110110000111100101001101011111101011100
1101010010000101100110110001100100011101
0010000010010011110100110100010110001111
0100111110110001111111011111111101100011
0001110001100000101001100110000110001101
0100101100000101110100110110110110011001
1011111011011001101010000100101000100011
0100000110010011101101101000011011010000
1100110011001001111110111110111110100001
1100111110110010111101000101110001001101
0010111111010001110110110101001001001101
0001010011110110000100011011100111110010
1110110000111110010010100101111010101100
0000101010001000001111111101111010100000
1100010110110010110111011100101110100111
1110111000011010111101101001001111010100
1011001000110101100100011110101000111100
1100010111010001101110100001100110101000
0000010101010000101000110011010001001110
0011010011011101000001100000100011000101
0010011011101010100110001000010101101010
1110010001010101100000110100111100111101
1101011001000010110011000010101101111101
1110001011110010110101100011001110101101
0001101111010001100111101101010010011010
1111110001111110110101011110000110110001
0001100011010001111010111010010000100011
1011000000100000110100011100111100111000
0111000100100000011010001111100100001101
1111100111101010001101010011011110100011
0001010010110010111000011001000101010110
1100010110011101101011100111110011100111
1110100011110110110111000011011101101000
0101001011001101110010111010000100100111
1100011001110000010111100110100001101101
0000111011100101011010111001001111101110
1011001011101101100111010010001110001111
0001100011011110100100101000011001111011
0100111011110100111101001100010001111110
1000000011011100001010100100010111100000
0001111001111110110100001110111101010000
0111011010011001001001110000000000001101
1111111100101000111000001010111101101111
0011110111101110110010000010111100110010
0010000000010010111101110110101100111011
1000010100010110100000010011110011000110
1100111110010011011111101101110100000100
0011101011011010100101101001110001000011
0110011000010001010110011000000110011100
1001100101011011110111110000010011010111
0001100001001001100001110100011000111010
1011001101011011100010000101100011000110
0010010110110111000100010101100001001001
0011010101000000010100011010001111100011
1010101110110101101111011001110110010001
0110011110101110111000100010110010110010
1110110001100100001001000010101011011010
1010100001100110101111111010101100001101
1111111101111110100011011010011110011111
1000100111110001101100111111011010011001
0011111000000011001001110100001101010101
1010100000101100000110111101001111011010
1000111001011100111010101111100000011010
1101110001100100010101011010111010111011
1000000010100111101101001001000101100101
1011010000010010111010111000011101010110
0101111011101101100110110001101010011111
0101101001000010110011101011001010110000
0011001110101101011111010100010110111100
1100100100110010111101010100011100110001
0000110011101000111111111000001010011011
1000001000011000111110011000101100111110
0000100001001000101110111010001100011110
0011000100000110111100100001110011110110
1011000110011010010011010011011001000011
1000000100000011110100100111010001111011
1100000001011110110111101011000000010011
0100011000011010000110100100010100001101
0111010011000101111100111011111010111110
1001010110111101001111111000111101101001
0111101100000011101001010011110011111001
