40 2047
0001010100111010101110011111011011110000
0101000110000110111101001011011110011000
1100010101100000000100100110111010011110
0111011101101000011101010110110100110001
1101010010011110011110010100111101001011
1001001010001110111101101101001000100001
0001100000111110000101101001110010111001
1101011011100000101101010111000001001010
0100010101001011000010010010101010001101
1000000100010001111001001111101001011011
1100011000101100110100100101010100010111
0100110110101011010100010001000101111001
1111010000101000101011010111100011111100
1101010001101101001100101111100010111110
0010110000111110010110110101001101110010
0010001000101001100110001101111110000101
0011111000000101010000001111100100101110
0111001011101110100010111010010011011011
1010111011100001111001010101001101011011
0111010111000011001010111100111001000100
0110011000101101100001011111111000100000
1101101110011110110000010101010111001010
0001110001101001110101101100111011101100
1111010011001100000010111000001000011101
1110011010011101110100001001001101100100
0111011100110100010000100101011111111000
0111100101011011100001000111110000101011
1101000101011100011100100110000101111110
0011111011001010101000100001011011111111
0000001000011101000110111100001010111011
0111001010110100101000101010010111000110
0010100000011010001010111001110000011111
0010001101110011111010101000000101110100
1010011010010000001100100110001110111001
0110110100001000111110101010001110001101
1001001011001011001101101001100110110110
1001111000011011011111011011100011111000
0000001001101101000110000100001110010101
1010000101110100000010100111000110110001
0000010000101100011000111001000101111110
0111011100110010001000110001100100110011
1101111110101011000010010100110000110111
1101101110011100001000010000110001010011
0001110001011011010100110000011011011000
1111110010110010010111100010001111110011
0011111110100110000111001000110001101110
0101001111001001111001001110110001110001
1001101011111111111011100110111101010100
0111010111010111000000111110111000010001
0101100101001000011110100100110110001110
1010010111001100101101111011111101011111
1110111001011111100011011000111111000101
1111000010111111101111101110010110010111
0110111001010101110111101011011110110111
1110000011010011000100011000110011101010
1000000111101111010101100111110110010101
1000100110100110110100001100011001101001
1100000111110111001110010001111101001011
1101010011010011010111111001111000010101
1011111110101110111001001101111000101001
1001001001110001011010010111100010011101
0110011000110001100101001001011011101010
0001000001100100011101101000000100100110
1100110100111111011010001111010001011011
0101101110001011001101110110111101111101
1001001000001110010000011100101000110001
0000000000000001000001100000000011111001
1110110011010100011010011110110111000111
0000010011001101011000100111111101011000
0111111111001110111010100100111110101010
1110110100001010000100011101101000001100
1000100100110010011010100011110001000010
0111111101100101110011101011011001010001
0011100001100100111100110001010011010101
0111001111110110010001000001111001010001
0101101000111100101010010011001101100011
1001000101100001001000111110111001101111
0101101010111000100100011010011111101100
0000110001100010011000101100111000010100
0010111101101010001110110110101000110011
0110001110011100100010101101000111001000
0000011011010110000010110001110000110100
0010000010101000010010111011000001101101
0100111110000001101110010001001110111010
0010001010001001000101010100101100010101
0110101010001011100110111000101000010100
0000011111000001101111000010010110000000
0001011001100011101010101100100100011100
1001111111011101011011110110000010111110
0011110011000100111111011010011110000000
1110001011111100100001100100001010011110
0111011001001001111110100000110010001000
0010101111111011111001101100011101011011
1010100010110110011111111110101011010000
0100111100001111011010011100111111101110
0001111111010100100101101010001100000001
0010110011011101101110110011001110100111
0110000010011101110011010101001111110101
0000100001011001000100111111011111111011
0010110101011011000101100010101111000011
1100011110111100001001001101111011011011
1101101001001010110101000000011101111000
1110101110101111000010000100100111000000
1101001010101111111100111111000010110110
1110110011111100100101000110000111011110
0100011111100101010010101010100101011101
1101001011011010110101000001101110110000
1100001110111011101110011000110111010000
0000101101111101000000110111011100010101
1000111111110101110111110110001010101010
0100100001101101010100110100010100111111
0000111010100101111010100110111000100001
1101110000110100011000001000000110001000
1101110100110110010001111111000101011001
1100101101001010011110010100111101011101
1011000110110011100001010111111001000010
0101100000111100010110110100100111100100
1110110011010000110001101101011111110011
0001101100100110111111001111000011111111
0010101111110111010101000100110010110111
0010100100101110110110010011110111001111
1101101011010110100000000110100110001111
1100100010000110110111010000011101111110
0101110110001101010110001010101011000000
0010011011010101010010001101101001011111
0101110101000100001100111111111101010011
0100000101101100110110000101010101101111
0010001000000000001010111011010100111010
0111110001101011010101001010100100010101
1001001000011011000001110101110110000001
0101000101100000101011110011011101000000
1011101000111010010010000110000110010101
0010010011010100010010110000000111111100
0011110100101100110001101101001000111000
0101111000100011011101100101110000000010
1111111001001100010010001101100001010111
1001001100100010111011000101011011100001
0101101100110001110010111000110110111101
0100101110011010100111110110110000010110
1001011001001010110001110011000010110001
1000000111100111011111101000010111110011
0011010100001000100111111101101100100001
1110000111101010011101110110011101111011
0011100000000111000001010110110110000110
1110011110101101100011000000101010001100
0000001111000110011011110001010010000010
1100110101010000001101101001110101000101
1010010101110100001000111110000010111101
1101110111111010101011001010111110010010
1101110101001010000101011101011110010000
1111010110110011011100100111101001001111
0110110001111011100100001001110101011100
0111011001011010000011010101011011111010
0100011011001000100001110000010011001011
0100101100100101111011101110101110110101
1110100100001000111010110110101010010101
1010100110101001010000101001001111010101
1100011000100101110101000101110001111001
0101110000010001010001111010111111001101
1000011110101000001001111000011111101111
0101011101010001110101001110001110001101
1110010000001100110010011111110101001011
0101001001000100110010110001011001001000
0101111010111111100010101000111001111011
0011101010011101111100111101011011001100
0001011111110101111111011000011000000011
0110101010011001000100000011100000001110
0011001111010110011010100001001011011000
0110101000110101000110001101000100011010
0000100010111010011110101111011010101011
0001000100011100110100010110100011111100
1110110010000000110110000000010011010111
1101010111000110101001010111001110100011
0101101101001001111010011101110011110100
0001101000110011111111000011000011000101
0001101011100001001100100110111110110001
0000101010111111011000011100001010010110
1010001000010100101001110011101010111010
0110111110010111111100110011100000111011
1011011101011110000100111100111011010110
1000100101110100011000100101111110100101
1011111110010010010100011001110010111001
1111011101010111111110011011101101000011
1101100101000100101101000111110001010000
0000101111011000101000011100101101010100
1000001001011001110111010000110001101011
1000010111111001001001000100001100011110
1010011101101000010000001011110010110100
1100100000001000001111100110101111111010
0010010100111010111010011000100111100000
1010101010010001101101000011000100000010
1011111000010010111101111000001001001010
1010010011110101110000100011000110010000
0000111001001101101001101010100100010011
1100100011001101001001011000001001100000
1110001001001111010111101011011101111100
1110010111001111101101011111011100010111
1101001101100011111101001110011110101011
1110110101101110110010101011010011110010
0011100011011111110110011111010001011011
0101101011111101000101000110001000100100
0011011111101110011011000001010011111101
1111100101000000011001101001100000010000
0000000011001000000111011011100010000101
0001110100110000000100111110100000010001
1001011000001001110100100011111010110110
0010101100110100011100110100000001001111
1111010010101110111100111011001111000001
1000110000110011001001100001100011001100
0011000011100010100001111100111000011100
0010010100010010110110011111100000010111
0001001111000011000100101010000011101100
1111001000111010010001011110000101000001
1100101010111000100100100110100010111100
0101100001100010101000001000101001110101
0001111010100001001110001000001101100000
0100101101001011110101010011000110100110
1001110010100101011110111011101010101010
1001101000011011001100010001100011000001
0110001000111011000111110111000010111111
0110000110000001001101001010010010001110
0111100101000001001100000011010000010101
0100011010000001101000000101100000110110
1101110000001001110000110001001110101010
1010001101110000000011010010010100101100
1111101100100110100101000001111011111011
1010101010010100011111001100011011000100
0001110001011001100001111000001101111011
1100101010100000011001000110101111100110
1111010111100101111011001010011001011101
0001011000011101100110010001010111000111
1011110110111110001010100111010010110000
0010010001011010001101001110010111110001
0110001101110001111110011010101101000011
1100000100110011010010001000111100010010
1001001001101000111010111111111111100000
1011101001011110010010000000101101110000
1011101010100011010111000000001000001010
0111110111010001101000111110111001000110
0010110111101010000110101011010100100000
1000010011111110010101100110100001100110
1011001111111000001000001110001001101101
0010101111100000000001100000000101111010
1111011110001111100011001011011011011010
0100101000110110101111111100011010111011
1100111111011111011010011111001000011101
0000010010010111101101111110111001111010
1011000000111001110111100001001110001011
0010100110101010111100110000100001011010
1100000101000100111010000000101100100111
0100010011010000011000001100010110101101
1101101001100101100110010001010010100110
0001100110101100001110110010000010111111
0001000001111000110101010110000111001111
0010110011001110110101011110011110001101
0100110010011101011011000110001111100000
1010100111111111010010100000011110001111
0101011110101100101000101010101010110000
1000110101110110100101100000001010010101
0000000000100101010010110000010101111001
1001011100011111100100001111011011111100
0001011010011010010100100001011000110000
1000101001101001110010110100101010000001
1011100100100000011101010100111110111111
0110110011110000110001000010111100111111
0101001001111110111101100100010111101000
1000110101001110010111100101000000010011
0011101000110011111011001000000010101100
1101111110100010101000011111101111111111
0111101100100111001101101111001111011110
0011010000111110111101100111100111110011
1000111000101111101111011011011001111101
1110010000011100110011111000000101111101
0000000001001000100000111010101000101110
0110100101100001100000001110011100111011
0100101011001101110001010011101101010000
1011010010111111111111000011110100111001
0111101011101000010101001110100011110011
0100000111110100001001010110100001000010
1100111010101111110000110000101110000100
1000101010011001101111001010110101001011
0010000110110001010000000011101000000000
0000100011100011110110100111100111111110
1111101011001111000111000000111101100011
0101011010011011110000110100000001100101
1101100001101101000000010101001001110011
0010110010011011010110001001011010110111
0010111101111101101101000000001001111100
1011011100110101101011110010101010000100
0010001001101000011101010100000111101011
0000001011011110110111011110000010011010
1011010110011100000011101010100111111101
0110010110101001101000110100011100000111
0111101011011001110110111111111000101000
0000101011100100101010111011000001011000
0101011000110011110100010101101001001111
0111111011000110110000101001101111001000
0101001101001100110100101010110101100110
1111001110001110010010100101101110001001
0011110101011110110011001101110011101101
0001000000110111001111011001111011010000
0011010110010100010000001001010111011101
0010110001010100010111011001100111001110
0110000011101001110111111100101111001011
1101100010111010100000110000111101011101
0100010110010100010100011100111001101101
1010010001011000001111001101000011010101
0101101000001001000111010110111010010101
0010000010010100101100011110101111110100
1010010111000001000100100011001010111010
0010010000010000011011101110011001010110
1100110010111101000110001110101010001000
0100011001111011100101101100011001111111
1101111000001011000001011110100011000111
1110000010110111100101100001010111010001
0100010111001001101111101011111110001001
1000011011011110101100001010001111111000
1111001110110101010101111000101000011011
0111111100001110100110110110100111100011
1100110110010011001010010010001111011011
1101110100011101111100100000000100000001
1100010100101101100001100001000000010111
0111000110000001000011101011101111011111
0110111101010001110001010010000000011100
0001000010111011100000111110001110100111
0000010110001100100000001100011001110101
0011000010110110101011110000101011101111
0101011000010110110001111001100100011010
0111010101010110100111000000100111000100
1111101111100000010100010111001111011010
0110011000000111111100110001000000100110
0111011001101100110011000110111010110101
1000110011000101010110100001001100110110
1100010011000101111010110110000000101111
1010101101010101100001111110011100011000
1011011101000110000111101111001010001101
1111101000011111001101110000111110001100
0010011110100000000110101011100110000101
0110011100001011010001010000001001100110
1100100101101101110010001100010110000100
0110111001000001101111001101011011011101
0111110100111101000110101000011011101101
1111000110001000110001101101011000000110
1010110010110000100101110001111100011000
0101111011101101001100000111101100110001
1101000101110111100111001111010011100100
0110101101010011110010101111001000110110
0011101110110111110101000001101010011010
0101110100001110011001111110001000110101
1000110011001101100010010011111101001010
0111000000000100010000111001100010111000
0111001111111001100000110100000011001000
1100010001110000010100101010101101001100
1001010101010110110010100011111100100111
0111010100101100010110100111000011010011
1000001101010001110110111011000011011101
1101101101110010100000110001011001111111
0011000100110101101100110101010100000000
0101010110000011110101001000000101010000
1101000011000101011110100101010010100010
0101010001000101000011101101100011000000
1011111110111101101110111011101000100101
1000011011110110000000111010000000011010
1001111100110111110101011101000100011100
1010000110001000010100011000001101010001
0100111000001110100001111101000001101010
0101000101001111011110101000111010111100
0001110101010110000000111101011101110100
1000101010100101111000010110110101001011
0100000000000011001111111000001110100001
1010100010100011111111101100111100011010
0101000001101010011010111101010100101010
0100010111111101001101001010011001110001
1100110001100001010111000111011110101010
0101110010011001100011111100100000011010
0000010100110111111000100110000101100100
1100011111110010110110000101011001110111
0001001000010101001101001111011001000111
0000101111110111011010110110010111110000
0110010010111000110000111110111000100101
1100100100000001110001101100000010010101
0110011111010000110001100000001010011111
0010011000000000011110101111100010010111
0101101100100111001110010000100101010000
0100011011111001110111101000011011010001
1000110101101111001101101110111001101101
1010010110110100101010001110110101000111
0110111110101000101010110101100000010011
1101100000010001001000110111010000111110
1001010101000111000111101100101111001011
0101110101111101100100110111001010110110
0100001010001000001101000010111101101010
0001010111001000100000101000110111110010
0101111110110101011001011111011110001000
1000000011011111010100001110110000000100
0010010110001101100111100101000011111100
0010001100000010101110001001110001100111
0101011010110010010100111011000010011001
0000100000000011011110001110011000010100
1100001101001011100111100111110000101110
0110000110110111010111010111100011101011
0011000011101111001101001010100001001010
0100001101101011010110110011100100010010
1000001000001010101000010010110001101110
1000100100100111010000111001110111111110
1010110011001100000001001010010111000111
0110100000100110011000100111001110110010
1001000110011100010001001110111101000110
0111111001000010000101111101001010111000
0110101000101000001111011111010101000010
0011111100110100000111010001010101011100
1001111100011111110011110001001000101000
0100010100101011100100000111110001101000
1011000011010111010011001101011011101111
0010011100101100000000001010000110011111
1011011001101001111010000110010100110110
0101100101100011101100100010010100000001
1100100101010011111011010010001011011110
0111101001101000110011011000110011100000
0101101111001101011110000101110011101101
1110100100100000100100111001101011110101
0100111111010000010110001111110100000111
0000000010111010001110011111000000101111
0011010000001011110100101110100001101010
1111011110111100001110010110110110010010
1111001011011111111001100100111111000101
0000010101000111011101011000101000001110
1111000001111101001011110111010111011111
0100111001011111110111110000010001010111
0001011100100100111001011100111001110000
0111110100100001101011111011011100110010
0101111001101100010111100111010001000111
0000101101111100100111100110100001101100
0101100100001011100101000000110001100110
1110100011110001110011001010101001000110
0101110111100001001110111111101001110100
1100110001100011000100111110110000010110
0101101111110101110000010011111001001010
0000001110101011111111010001101101000111
1101100100000010100001111010001110011000
1100111110010110101100101010101100011011
1011111111110001101110100011111010001010
1000011101001010101011101000100011110011
0110100111101111000010000110010010111111
1010110111101110111111100001111011101110
1111000010101101011111110010111110111101
0101010110111010100011010111100101111110
1100101111010010100010111010111000011111
1111010011011111110011011000110100001001
0000011001010010000100010110010100010011
1000101111011101011101011000100110111000
1110011011101111101110011000100000000111
1101110000011000111100010101000011101010
1101010001101001110011110001101101111111
1110010111100010001011001110011110110100
0101101110011000010100101100010101010101
0100000001110001001010000010010101111111
0101101001111101001000001110001001010011
0000101101001000101001001110110001000010
1010110010010000001001000110100111111001
0101000010000011000010111010000011001011
1001110000110110010110100110110000010001
1000110110110000001100010111011101110100
0101010011111010011000100000010101110110
0010000001010001011001010010011100000011
1111111001101001100100101111101110100000
0011010011001011011001101111101111000001
0011110001011001011000111000101101100001
0101001101100001011110000101110101110010
0011100100100101011011101000111010110111
1110001000101100111111101001101101000010
1011111000010110101001100011010011001100
0111000000110001011111010100001010100010
0010110000111011000011011000111011100010
1100100011100110000010010011001111000111
1111110001111111000110011001001111110110
1101101110101010110110010010010010100000
0001110101011011110000000000011111000001
1101100110000100100100110101111010101001
0010011100010000010101001010101110001111
0100111000101010011011101110000001110000
1111100100011011011011000110111000010111
1010111011111010001100111111000101110111
1011010111011010111001001101000100011000
1001010111010000100010101001111011111111
0000001000110110010011001011101001010111
0111000011001001111101000101111001000010
1000111110010010000000011100100101010110
0001010100000101110100001111101001001111
0001111101101000010001000010111111010011
1111100101011101001100100111011110100101
0010101010000110111000000011001000000100
1000101010111101000111110010010001000011
1100100000101010000000100111011101001011
0010110001101011011111110100010100011001
1000011101000110101011101101110110010110
0011110101010110011111001110011101101011
0110001111111001111000000111101101101110
0100010110010010111011110010001110101101
1001101110010111100111010010100111101111
1101000110010000101000001101110000011011
0111000100010000110101011111000011010001
0101011111100111110010101011000010100011
0000000111011010011001010001111111110010
1001100000100011001000110000011000100110
0000011011000101111011101011010100100011
1011101001101010000100110101001011110101
1010111100100100100111110110110111001111
0000010111100111111101000111101100000110
1100101001111110100011011101101111010110
0100000000011100001000011100011101011101
0001000100110000110000010011011000101101
1110100000100100010001001101000010111110
1001110011010011010011101010000101111110
1111101011111100100110110001011100010100
1110100001001111010001011100111010001111
0111101000010111110011001100000101011010
1100011001110001011100011001010001111011
1011010111001010011010010000101001100001
1101101000000111011111111100000110111011
1100111101101010110101100100000011011101
1000010111011011011111011101100001010001
0001011100000010011001001100100001000001
1011101000011000000000001010100010000010
0100110000110100001111011111110100111111
1101000001001101110101000101100100110011
1101110110000001001110101101100100001010
0001101011111001110001000110110100100110
1000111101110011000001111100110000000111
0001001100101011000000101110010100001010
0101100000001000110101001010101101110001
1111001110110101011101111100100010011000
1011111001011011110010001010001110100001
0001000110010100111111101110000011111111
1100110111010011111110110110001010101011
1000100001100000101100111000010010110100
1001001010011100011001101111011111001010
1001111100010101010110010000100100001011
0100001100101100001010010101000110011101
0110101010010011011110010110101101101110
0000111000110001100100111101011101001111
0100110111100100010101101101100111101011
0100110111101010000010111101100010101001
0101001011010111010110100110100001100101
0101001111000011010010110100101011111001
0001011110110011110011000011001001000010
1101010001101100011101100001001101011110
1010011110010001100101011111110111100010
0010100010000101100001010000101111100110
0001100101011111101110000010111100001100
0011100000101011011010011111001101001110
0000110110100001100100010100000011100101
1001000011010101111111110010010110101000
0101111101011100011000110011100000100110
0000001111110010101011101001101110110011
0001110110010101101000101101101010000111
0100110110001111100011001101101101101111
0010000110010111010001101111011101001011
0111111110011111011101001001101000001110
0011100101010111001000110000111001111110
0100101100110110011101111010000110011110
1010011101010001100010100010110000110111
0110110011001010000001110011001000010011
0110010110010011011111010110000001110111
0001011010110010111010011001100001000010
0101110111000100100110111000001110000110
1101111000000000010111101010101111001010
1110101101100110111101110001001010110000
1000100101000010001100100010111110011000
0000000110000101111001011100010000001101
0100010100000000100110001100111101101000
1011100101000110001000011101111110111110
0100001110100111100010111001000101010111
0100100011011000000011110001000100000001
1001111101100111010000110101001110010110
0100010010101100000110100111010010010010
0100100111110111111011010111110001011110
1011110101011001100001011001111100111101
1101001010000001011010111111000111010101
0101111001100100000100001011010110110101
1010000000101000001011010011010100000101
1000001111110100101010101010101010110101
0000100011011110111100100101011110110110
0111001001010001000101111110000010010100
0101110010001101010110010110001111000001
0001011011000000000100000101000110111000
1001011000010000100101001011001011000111
1000111100001110001100000101010010010011
1110100111101010100001100110001101101011
0000101100101101101101100011010011001100
1111100011110111111110011100001101100000
1000010101010110111011001111001011011100
1010010100011011110110010010110111100001
0110101010000101100110000000011010111100
1010110010011000001111000111100000000110
0001110111110010011011100100011011100111
1000100111001110101000000110110110010111
1000100011000001010010111101000100001100
1100111001111100100001101111111100011000
0000011011011001011110000111110000100101
0110000101010000011110111000110000001111
0111100000001101010011000100111000100000
0010100000001000100010011111010111110101
1100110011111001011111110000000011110010
0110000000110000101011000001011110100001
1111110111001001011011010011000101101001
0100111000101001101000101011010100110100
0000101101111010101010001010100110100110
1010111001010010110110011100101000011001
1001110111111011111000111001000011010111
0010011000011100010101111101000001101111
0010100010110111010110000000101111001010
1000010101001011001100101011111000101101
0111110100000111011011111000010100110011
1011110001011101110111100110011010011001
0001100010100110110000100111010110101110
1011010101011011001000011001010001011100
1011111001010101001110110111110111100101
1001110110001101100110110010110000110000
0011110010010110010100011110001111000100
1010000010110110101101010011001011001100
0001100110000010001000101101010101010111
0010011100010001001100001111011100111001
1011001100101111111100100110010010010011
1011101100100111001011110011001000000010
1100100001101101110001011100000111001000
0110101100011001101000101010010010101001
0010001110011110110010111100010101001001
1110000011011011111010011010101100011110
0101100000101111110000100110010100110011
1111011101010101100001110011000010110101
1111110001000001101010100000000110000100
0000001000110100000101000101001010111000
1110101100100011011011001011001111011001
1011110000000111110111100010011010010001
0100011010011110101010101011001100100000
0111001100000111111100101110101110111111
1101111010101110111010000011001000101100
1001010010010000100001001001000110011010
1110101000001100000110010001100010111110
1000111000001101101001100001110010101111
1010101101001111111110010010110000110110
1110100000001001010011000110110100111100
1010001000010010111110000101100001010001
0111101100110111100100101010111010000010
1101000000001011011111101001010000111000
0111001110110001000101001110010001111111
0011001001101010110001000000110101111101
1011110110110010011101110100000101100001
1101000100100010111001110010010110100010
0110001010010011101100001001001011010000
1010110010110101101110100000000000001011
0100000101101101001110010100010001111101
0100001000010110000100010100000110101010
1000010001110010110000000011111111010110
0111001101111011000011110011000000111110
0101000011100010011000110001000011111101
1101110011001011111111111110100100000111
0000111011100100001011101010101101011110
1010110111001011101100001001000111111101
0000100100001111001100011001000101111110
1010101101100001010001100111001010101011
0110001001110100011111011101001110000110
1000101001000101000111011000110101101000
1111111011010100111101100100100100111001
0100011000111101101000101011111011001111
0110101011111010100010010110110001101111
0110011010100011110011110110101100010111
0100101101111010101101001000100001000011
1101000100001000110001100000010000001011
1101110111111001110011101011011000101000
0110101100111101100011110011111100110000
1001111111110100101100000101100111010011
0010110101010011101100101010000000001000
0101111010010111100001110000011101111001
1100110000010010111101110101011111011110
0100111111111111110101110101111100010001
1011010010000110101011111000110001000001
0110001001100010000010010111110011000101
1100100110011110011001000110111011101010
1011100000000010010110001110000001001100
0011111010000000001001010011101111000101
0110010010111101101011101010111000111011
0101010101001100110000110010000100111011
0010011100000010011100010000101101101011
0100100101011100100110001010100001011100
0010001011011010110001111100110000100101
0110111101100000011100111100011111111111
0111001000001101001111000000100110111101
0011011111010100011011101001011111000101
0111100110111101110011000110011011111110
0011100111111110011001000001101010011100
1101001100110111000000001001111100001000
0110101010001111000011110011010010000111
0011101000101100001100010011010010001101
0010010100011001111111000001100001010100
0101110001110111011010001101000111011111
1000100001101011100101000010011101010101
1011100001101111000011010011100000100001
0011111101001101000000011010100101110001
0011101001011100101010011011101110111110
1101011011011000000100011000110000110101
0001001110111001101011110001101110101110
1101000010101100000010000011010111110111
0101101110100100000001111101000100110001
1000101001000100111001000010111011110110
0111000101111101000101000010111001001101
0000011011111001001101011111001001111010
0001101100011110110010111010000100011010
1111001000010111101101010110001011100100
0101110010111000101010010111101010010110
0000100100010111110010011011010111011011
1111001110011011101111001010110011101100
0001101000000000011101000010101011111111
1101111111010001100001101111101111110110
0110011011011111101001100101101110011110
1000011010101001100111010101101000110000
1101001100101110011010100100101100010100
0010110010001100011111111010111001000101
1001010111100001000001111011110011111000
1001011110100011111001011111000001101011
0010000110101000100001110001010101001111
1011011011111010010110000000101111101010
1111001110010010010100111000010011110110
0110010010100001011010000111110011110110
1100011011110010100111111110110000000011
1010101001100001111001101000110010111101
0100110111100101100101100111110111110000
1100001101110101110011000000010111010011
1010001110001010101100111011101101011111
1101011111100100110101001010111110101000
0001010010111001111011000100011011110110
1101100001011110011101010000111101110110
1100001010010000111110100101000110100001
1110000011100001000110110010011110111101
0000111101010100000001100000001001011001
1101010011011011110101111100111000100100
0011011010101011111001010000110010101011
1110011101011011100110010000110101000100
1010111000101100110110001100101011100101
0101101010100110011000110000110111010100
1100111100011000100001110010101010011010
1110000101010110010011101110100101011011
0000000000000101111110001100010101001011
1110111111010111011111010011011100100001
0111010110100010001011110100101100111111
1110000111001111010110101111010101010100
0011101010101101010110111001010111100100
1011111110101001011111101001000010101100
0101011001001011000010000101011101011111
0111101010100101100001101101111010011100
1000101000110110010111011001011111111010
0000001001101111011001111010100111110100
1001000000000011100110000000101100011110
1011010001100001000101011101001110101100
0111001010001100010011000010011011110110
1000011111100010101010000101001011111101
1010110010100101100101110011000000010111
0110101101110011010111101011111110010111
1000100101010100011001001010101001111100
1100000001101001110001001111011100001000
0110101110001000101100000100000001011011
0111111011001001000100100001101011001111
0000011010011000000111111110011011110100
0000011111001011100101111011011110101101
0100000110010110110111110100101010111100
1000010001100000100101110001011110111001
1111111111100100001100000100101011000000
0001011111011101110100100100111001000001
0001010011111111111110001100110001100101
0111010011000011001110110010110100110000
1101001001000111100010111010111101000101
0100110110100010011011101110110110011100
0110010000110110111101000001101010110100
1100001000001110111101100010100101100010
0010100111000101000101101011010001000100
0000001001100110001111101110010101111110
0110101000110010111000001111011001111010
1111111111101001010110100101101100001110
0100000110000001011011000111100101010001
0111011101111010110011000000001001111111
0100011010100001111010011110001111001001
0100011000101011000110000100111000000001
1010110110101110001110010101110010001010
0111011111110011011110101010001100001001
0100101001111110011011111110011001111111
1101001101101000010110000111011100010110
0110000000101100111010110101101110010111
1101101110011101010011110100001011010011
1111100101011000110011100100010000110101
0111111010000101000111110100001110101010
0100110111000111100110011010011100001110
1011000000001010001111001100011000111001
1001110101101001011011100100101100101000
0100100010110000110010001010100111100000
1000000110001101001001100010011110010101
1110111001010000010000000111001111001010
0111011111011001101110101111111001011110
0110010111000100010100110011111101000001
1011000110101011101110010000110010101010
1110001011011100111111000010001000110010
0101011010111000101011010101100010011100
1000110000101100011101010010001010000110
1110101011111110011010000010101111010010
0011001101101011101100100011011111101000
1100010100100001111010111001100110000010
1001101000110111001011100100001000110001
0011011101100011000011101001111110010101
1100010000101110001000010101111100100000
0011001001010100100100111101101111101001
1000100001010110000100010011101100100010
1010011011000000011100011111011110100011
1001110010100000011000101101010101100001
1110000110100000110101001111010111111100
0101011011100000101010111011000111100001
0111110111110111100010111001111101000011
1000000010010011000110010011011010111110
0000100100110001001000101011001011010110
0110100000011011000101010010101011101010
0111011001000110110101111111011001001100
1011100101000111001111100101000100011111
0100111000100101100010110101001110100110
0101110111000110001110011001011111000001
0100100001100011010011011111000111010001
1101001111000001010110010001101101101010
1010010111001111011011010110110110000010
0010111000110110001110100110110101100111
1110110101010000000001011110000000100100
0111100000011101111101011010111100110000
0110100100001010011100100011111000001101
0001100011001111010001100111110100011001
1010110100001010010100001001110101010000
1001101011011101111111000100111010100101
0011001100010010111110100000100101101100
1110110111011100100011000111101100011101
1100001010101010001111011111100010111100
1101010110111111100000011110001000111110
1011001111001110100011010011011010101101
0000011100000100110101100001110000101011
1010010111110011101111011001110011101001
0011110010100110101110100000100010001111
1110110010101110000101001100011100010100
1000000000001011010000001010110100100001
1100100110101010001110001100011111000100
0110100110101001011011110000100111110010
0111100110101001101111000100101010010010
1011010101001010100011101100110011110001
1100000011010111111111110001010111001011
0011110101010111100110011000000100000111
1111101011010011100100110101001101110101
0110101110011011010110000110110000101101
0110001011001111111111001100000001110111
0110100000010101110100000100100010001100
0001111011011001011011100101100100100010
0010110010010010011010110110001110110010
0101100011101010011011110011110011110010
0010111011110000001101101001111010111111
0001011111110111110000001100010010011110
1101101001010010000100001000111000110001
0001110001001000100101010010110011110010
0111110001100001000010001101000001010100
1000100101001100011111001100111011001100
1001100001001000000100001000010010100100
0010111100110100110011100111011000010111
0000111101110101001111011010011000111010
1000110000111001010111100011101000001100
0101011100000000110110101101011011110111
0111100001110010000000011001001101111110
1101010010110100000101011010110011001011
0001010000000010110011010001000110011000
0011101110100011011101000111000110101101
0000101100011001000110110110000010110001
0100000110101111101110110000001111111001
0111001011101000010100011011100000010111
0000001111001101101101111011011001010111
1010000010111100101001100110110101001100
0111011010100100111100001100010000111001
1000000100000101100110100101100110110100
1110100110001010001100000110111111111001
1010111000010011101000100101111010101010
1110111101101111111100001100010010111101
0010100110100010001111000101000000111001
0001011010110110100100110111010000101001
1000111111110101000001001101111110011000
1001111101100101111110100101001110111010
0100011001101010011010001010001001111011
0111100110110110101010010010001000001000
0110101100110001001111011000001101110001
0101010110100100000000101101010000110111
0011100011100100100011100000111011100111
1011000010011110101101110001011010010111
1001011110110010010000100101111111111001
0110110010101001010111011110001011001011
1100001000000110000011110101000011101000
1101011100100010101001110100110011010110
0111001001010001011100011011001000111010
1001010110011111101110100111010011001000
0100011100101111000100101110011100111001
1101100000000111101100000001101000100000
1101110111100001001100111110110110110010
0010111110001111101001110110000000000001
1010001000101000111000100011010101110110
1011010011001001000111000001001101110110
0110010000000100101100000101010100010100
0101011101010101011010111000111010110011
0000011111111100101110110001111010110111
1000001011011100000110101110011001011001
0011001100001001010110100111101111011010
1110101111000001010111100111010000000101
0011101110010110101010101011011001011011
1111101010111110000111011000010100011111
1111100100011100101101001110010011111011
1000000001010001100110000100111001100001
0111011110001111100000101010000111001101
1011000110110101111001011111001110111100
0100110111001101001011110010000010110010
1010000010010111001101101001011001000000
1011100111100001010010101101110111011110
0010111011101100100100101111110011110001
1111111111000100100111110010101101001110
1000101100100001111111110011110000111001
0111001101101001001100011100101111000111
0101001011000011011110110111001101111010
0110111010000111001110000001100011001101
0011111111001010110011101100010001110001
0100011100011011101001011100001111001001
0110001110110010101111001001010101111000
1111100011001010111011000100011110010101
0011011111110100101101101000000010111111
0110100010000110110000111101000000101001
0011101101111101101100111001110110110101
1111011010100000110110101000001010101000
0010101001110001111000001101111011010000
1110101101000100011111000100000001111001
0101011111111011000011011010000001111100
1011111100111111001111101111110110101100
0111110001000010110010101110111101011101
0010100110000111110110010101001000001111
1101101111010111010001000110111001101101
1101010110011100010010110000101010101001
0011001101011000000111010000001001110110
1111100111010011001011101010000110110011
1110001000010110011110111000001111011010
0110111001010011111001011111001101000001
1010000010100100100111110110101010011101
0101100111011100111010010001101011101110
0010010111101111001011010101011111110011
1100011001000100100100000010011100001011
1101001011000111011010010101100000111111
1111001101110111101111110000001100100000
1111000001101101000011101010100101100000
1011001011010000100110000111000111101111
1101101100011000100011100010100111110101
1110011001111101111101111000101111111111
1101100101110101010100100000011100010001
0101010100100100101000011010110001000110
1101101111010111000011100010000100011110
0000110100110001101010010110000010011011
1001100100110111000100111100111101110010
0100110001100010111110001101001110110001
0010110101010101100110100000101011001000
1011100111111111011111000100110000000111
1101000101000100001111100111010100001111
1100110011100100101001001011000100100101
0010110011111100110110001110111101011111
0010011001010001101010101100100010101101
0000101111001001100110101000100001000011
0011011000001010011011110001101101001010
0100010101010011001101101000011011001101
1100110101011001000010101111101011000000
1000000110110000000000110111000000001010
0101111010001001101101010110101010100111
1000000011100001001111110001111010010101
1110001111011100010111010110101011010100
0111011010011011010011110110101111001111
0100101010000110001000101001110010110010
1010100100010100100010000110011111001101
0000111000001000111100110010110100100101
1010111100110101010111100101111001100010
0010101110111101000101000111101110111111
1110011011110010010001101111100101110111
1111100010101001011011101000010111100000
1000111010001010111111110100001011110000
0011100010000110110011000010100010000111
1000111000101000100001001111100010011011
1010110000001101011111010110011011000011
0001100011111101100111000100100010010111
1111100011101100111100110001010000101001
1101101100101000000011010101111101010101
1100101100000001111011000100000100101000
0010011100101000010011010111110011110100
0011000110110011010110001000001111011010
1001000001011100100001011110000111011111
0111011110111100110001110100001101011100
1110100111011011111000010101010010000011
1111100110000001111001100110100110110000
1111011111001010001001000011011110010111
0111011100001111001110001111111110100101
1101111011001011000101000111001001110010
1000111000011111110101000110111100000001
0100010101101011000011011100010011011011
1001000011110010000000010111100110011100
0111100010111111000111011001110000101111
0010011001001010011101010000001101001100
1001110110101001011000101110010000111001
0010001000000101011110011011110010100001
1000101110010000010010001000000111001001
1000111010011010001000111100100111100110
0111000111110011110110000001001101101011
1101111010100000111111001001010110000100
1001111010110000011111000010000100100100
0011100001101000011100011101000011001010
1101110111101101001111101110111011100101
0010000011000010000111100101111010011001
0101001100101100110111110011100011101000
1011100000001011000100000010001001001100
1110110001001100001001000010010110000010
1010101001100001111011011101110101010010
0100001100010001111001010011011001110011
1101111010001101010111011001010111001011
0110000001010101101000000011010000110111
1110100110011100100011101001100100011000
1010101001100010110001011101111001100001
1101001000111101100001100011101011100111
0111010101110010011110110000101010001111
0111110010000111110011110110011011110001
1100101000111100111111001001111110100010
1010010110100110111110000001101101110111
0111001101000000010011001011001001001100
0111011000011110001100110100011111111011
1010100010001101101011011000011100110111
1110101001011111010110110011010110101101
1000000000001010000101001100111001100001
0000010110000001001011011101001000011010
0100011110011000000111100000101000111001
0100001001011001101010011000011101101001
0000100000000100100011001111001101010110
1011100110011001010111011110101110011011
1011110000100000100010101011100011011010
0101110010100111101100010110110101011100
0000101101010111111001001000111011111101
0100001010010110011000001011111111110011
0100001100110101001110101011001010001100
0100001101111011101010001000101010001110
0010101001011111110110110000001101011011
1101000100001111001100010000011110010101
1110100001011100101110000010010110000111
1000110001110110011101110110110001000001
0001110000000000101000011101001111101110
1001010100011100111110011001011011001001
1111000000111000000000110111100010100010
0011000011011001010000110000000100011110
0101011000011111001111100100000001001000
0110100101100001010100101101010101100100
1110000100000000110110010010101101011111
0101100000110110001110001111100101111000
1110101010111011001000001101101111111111
1110011000011011111011110110001010001000
0000001011001100110110111100011110110111
0101011011001111011101111000010000011110
1011101011101110101100001010010110000011
0010001110111011001110011001110101001011
0010010100011111110101000111001010100000
1010001010111110010111010010000111011101
0001111000111100110100110101111000000110
0010101111011001101101011110000101110011
0011001111100001110001101110111110110001
0101011000100101001000011111101110001110
0110101000100111011101001100011111110100
1110111111101111001110100000110011111101
0100100011000110001110010111100101010001
1000001011010100010001101101110110101011
0100111001011111010111111110011111110001
0101111010100110101111111010110110010010
1011011001000001111100001010001010010010
1001001100111010101001001101000111001101
1001011110100111001100000001000001010000
0111010010101101000100010000100101111011
1010000000100110101111010000011011011100
1001001010000010011011100010101000000001
0110011110101110000100010101111011110011
0101110110011000011001111110001010100100
0111110101001011011010011110011111001010
1111000011111101010010001000001000000111
0111101110000111110011111101111011101011
1110111111101011000011111011000110011010
0101100011100101001010010001001001100010
1110110001010110010101000101101001101011
0101100111010000000001100001101001110100
1110101001011001001101101001001011111010
1100111001111000001000000101011000111111
1110011001001101110100100111111100111111
0011000000111110100011100101110000010011
0110111110010001100001011001100010010111
1110101001101110111001011011010101001110
0010110111011101100110011100001111011011
1101110111101011001000100111011010101100
1010100001101111111011011101001011101010
1001101001111100011000000011011011001010
1111110100000001010011101000010011000110
1101000000010011111100100000000101001011
0101111011100111100100101010001101000101
0000100010010101111001001000010111010010
0001000111001001011101110011010001100100
1011110101011011110011110000101110101110
0101101101001111000100010110001100100011
1111011100101011101001101001100100101110
1000110110111010010111011010001010010010
0001100110010010111100010100100010111011
0010000001101110101101001000110110011111
0011000000000001010010101110001101111000
1001110110101111001101100101100001010000
1000000000000010010000110101011011101011
1100000011101001011011000111111100000110
0010100101110100100011001100001001101110
0111101000101000110111100110110101011001
0001010010111101001111110001101110110011
1111100011110011001110001011010101000101
0011010000000111000000011110101111001110
0001100011000101110011010111100000000000
0101000110010011101010001100000010100101
1101110100101111000101101010111010000101
1100000010101100000000101001110110001101
1100011111000111000100100000010101011110
0000011001110001101100111010100101010100
1111100010110001100101000111101100001101
0010110011111101010101111000000110101001
1000100000110100110101101011111001101001
0011000111011100101010000111111001000010
1110011101001110101101100100101001010001
0010110011100111010000101011111100000001
0001000100000111000111011000111101000000
0111010011110011111110110010111110101000
1010101011000110010111001111100001010110
0000101100000111100001000101011100111101
0110011110010100100100101101110010010101
0011111100011110101110100100010111100100
0111011001101011000000010101101110000111
1001100100101011000100000010101000111001
0001100001101010100000010001001100010111
1000110110110010110100110101011100111110
0101001111111111111011000111010100011011
1111010110100100011111000010010001001010
1011110111101101100001001000101010110100
1001100010011111100010110100001000100001
1010110011110100100110000000000000100000
1011110000001111010010001001000001100100
0111110010110010000000111110000010101111
0101001100011101110000101010000000010000
0111010111000000100101000110101000111110
0000001110011000001111000100011111110111
1111001101010000001111000011100110101001
1010101100001101000010000011000010101111
1101110010101111010011001010000100010010
0100111010011001111110110000000100101001
0111100111111100100011011111101011011110
1011000110101000011111011101100010100111
1010000001111110100110011010101001011010
0110101010110001001101100110000001010001
0100001100001011010101100111111100110000
0101011001000000010111010111101100111010
0000101001001101010010000000001101000000
0110001100000001110010011100100001110001
1001011101001110010011101101101101001000
1100011100101100001101001011010110010011
1111011000110111100101110011101010101011
1100101010110100110010111010011011110001
1111000011111001111110111000111100110111
1010110000011110010001101101001111101001
1110101110100010100011011011111010000001
1001000011111000100101110001001111111010
1111011001010101010001110100100011100111
1001010110110011110010110100100110110110
0110000101010110010001010011100011111100
0000100101000011000000000000010111100110
1111001011010000010100011100100010010111
1001111111011000010111101011101101100001
0011000001111010000011011111110111001000
0111010001110100010110100000100110010001
0110110011001111010111101111010011101100
1101001100100011101100111100000001101100
1010100110110110110010100111001001110010
1000000001110110111010000001100010001111
1001011001111111110101010001000100011010
0000101011111011010111111110110011111001
1111101011100010011111111101001111000100
0100111011010111110110100010011110011000
1000010100101110110110110111110100001110
0000100100101011111000010001110100010001
1011101101010101110011111001100000011000
0100110001001100111001011011000010101011
0000001010100100100011010100100011111101
1111101010001000110011111110111000001100
1110110100101111100100100110010001100011
1010110010110011100001110110000100000001
0101001111101000010010001010001010111111
1101111010001010011011111100110110000000
1011001001000100110011101011100111101110
0010000101101100000101100011000101001010
0001111000101110001111011001000001001100
1111001001110101111100110000111111100001
1111111010000100110010101000001101011011
0010010101110110111111111101110001101000
0001110111101010101111110000001100001110
0010010111011110001011001011100100000100
1110000110000000001011111101000111100111
0100101001100001110110101011000000101100
1111111001001101000101100000011000111000
0111111000010011000010100000010010001111
1110100111101001011111000101001101010010
1100000010001111110111101001011010011110
1011010100100101111011010000011000000001
1100001110001101001000100101101010011110
1111110011101010001110100000100100111100
0110111011001100001001000010010000101001
0110011100010001101101000111001101000110
0001001001101010110001100010000001111001
1100111111111011111001001011101100110001
1110100101001111000011110101101001001111
0001010010000001010010110110011001101000
0011100000001001100100010110110001001111
0100111111001010110010000000110011101110
1110010100100101000011011110011111101100
1000111110110100110110000101111110001110
1110100011011111110110100101111010000100
1100111110111100100010001111000110001100
1000000001110100110100001101111000010100
1010000001111110010011011010111011011111
1001000011011000101111110011000110010011
0001110100001011101010100011110000101011
0001110011001010111110011011100111011111
0000111101011111000010111011110001010010
1010100011101100100001011010111000110011
1010011101101000011011100010010100000111
0000110001111010011100001101111100001110
1010111001011011100001000110001101001001
1101000111010001011100011010111111110110
0110111111101000100101111000011100010110
1011100000010001001100011011011101100111
0101111111011001011101001111011111111101
0011101010010100110110000100110100110001
1000110001001110010111001000001010010010
1001001001111010111011101011101010001001
0111101101101000010000010010100010111011
1110100011001110101011011110101110101011
0100110000000101001101111010101110000010
1010011100010101000101110111111100111111
0101000110001010010001000000110100111100
1011100110001100000101000110110100100011
0111101000000000100001101001101010110001
0101100011111011001001110001001100010101
0010110100111000110101000101110011110101
1110011110010110010010111011111111101101
1101110101000001011001010101001010011010
1011011110110001100111000111010101101110
1000011010101110100101010000001100010011
0011010100001110001011011001100110110101
1100000110110010010110011010011010001100
1000001001111100101010001100111010011110
1000110111101001111111100000110101111000
1101100000111000110110001100100000110101
0111010011110100010000100101000000101111
1101110101011010010000100101100100111100
0100111010110101110000000111011111000001
0100010100011010101011000001101011101010
1101100101111111111101100110111010010011
0010110111001101011011010000010110000001
0010001111100001111010101011011110000110
0110001011010111010110110000110010101100
0011100101111100100000010011100000100110
0100011101101001110101000110000110101110
0101001010100100011010110000010011101011
0010010111010110010100110110100000001010
0101010111110101010111001101101011100111
1111111011101101111011101011010100010010
1110001000100000101100101111101010011100
1110101101001001001011011101111000010100
1101010011100100111011101101000100100011
0101001100110100010111001000000110110000
0001100110010001101010101001001010011110
0001110011011111000011000011010111100111
1100001100010110101111000111001001011001
0011010001010110010000000110000001101011
0110111011001010010110001100111011100010
1100110111101100100011010000111001001101
0011100010110001001001111001101010010111
0010011111100001000100101001010011110111
0010010111000110000101000010001000001101
1001100110100011011111101111110011100010
1001010111001011100101100111111001010011
1000010100100011110000110111010001010001
0110101100111111000010100011011010010001
0001011011111110101111111010110111100001
0101111110101110110101101111111111111001
1011000110111000110111000011100101110111
0001100001111111001011110111111110011100
1001100011001001111110110001110010000011
0010111010101101000111011011011100011000
1011111101011000000001100001101010110011
1100001010101100000001011011111001001101
0111100100111010011001000101001011110000
0011110100100110111111011001010001001111
1111000101100110001010101001100010110001
1111011010100010100000001101000011011100
0100101001111100011001111011000001010001
0000010010010101011111110110011110101111
0000000111010100110001011010110010110101
0010100100100001000110101010011110001111
0001101000101000010001110101000111000010
0010100100101010001001110110011110111101
0011001010010110011110111111101000101111
1010011011110010110000001011001101111000
0011101010000100101011000010010011000110
1100001011101000001110110000100101010110
1110000110001110100001001110101110011011
0010011001011101001110101101111101110110
1011000101010110010111011101001000001101
1011111000000000101000000010001011100000
1001011011101101100110111010101111110000
0001110111010100001111111111111011111100
1110011101011011101100100001010111011010
1011101110000101110001000100100101100110
0101010001101001110111001111111111011100
0011011110111011110100111100100101110011
1001111010011000010110000111101110011111
0101100010000100010010110000010101000110
0000010010111111000100110010101001001011
0110110010000011010011001001000000001101
1001110000010110001111111000100000101110
0110011101010111111100101111111111101000
0001011001111010111111010000111101101010
1111100111001110111000010011100110000111
1000101100100110110001011000101010010100
1111000100010001011000110110000110000000
1101111010111101010111111000011111111010
1000001010011110111001000010011110001001
0000010001000001110000111101110111101110
0111010011100110111001100110011011011011
0000100010001001100101010010101100011000
1011110110110000010110100001001101100010
1001011011100010111111101001001110000011
1110101000111110000111010010000101111110
1011111000101110100100011100000101101001
0001001011111110001110010011011001011111
1001101111011000100011101110101011011010
0101011011111110010010110011100101101000
0100101111001100001000001011110101110110
1010011111011101010111111111001101110001
1110000101110100110001010010010010010000
0110010101100011010011101110101111001000
0001010001010011110111110000010011111011
1000010101011001010011101001110100110000
1001110010110111000011010100000011010010
1100110010111000101001111111011011001100
0111101111100110100000010010101110100001
0011011000111010000111110011100110010000
0111110001110110101011111010100111111001
0010111111101000011100101111000000100101
0001110010101010000001010111000110101000
0110100001111011111001100010011100100110
0001010110011110000101011101000110001101
1101111111100100110100010100001101000110
0100010111010111101110001001100101111111
1101100011101000101111110110110101011011
1010011111100111010010111010001110101001
1001111101000011101111100011100101001101
0110100001111000000001001100000100111000
0001101000101110010010000101000101100101
0110000110100011000010010000000010111100
0111010001111001010010101010100011110100
1010000010100101010001000011000101110010
0111101010110011111001100000111001001010
1000001110110101110011010001111000110110
0010110100011000001001100101011010111010
0110000000100000110000100001000111100010
1111100111000001111110001111011010100100
1001111111010101110111001111010011010101
0011010100000110010011000010010111001010
0110010111110001100111010110101010110001
0000000111010110111010000100010011001110
0101000111000010101110100011001000001111
1011101010100110000001101111100100001011
1001000001000010111101000001101000011110
0110101110100011111011011110010010101011
1000010010001000100101001101110100001101
0111011011011010100110001001011000101011
1101111000010100011001100010001111110111
1010101110101010101011100000011010010111
0001110010110001001110111111110011101110
0110100001111110000000001101001100000110
0110001111110100100001110010110010000010
0111110010111110111000001001001011011110
1000110100001000111010001100010010000111
0111111000010001000010001110000001011100
0010011011101010011110111110010011001001
1001110111010111101110010100011110100100
1010110011100111100010000100001101010111
1101111101011111111000101101111111001011
0101111011110010011101010101010000100001
0110011010001110110010101101000100101101
0010111001001011111101001001111010100011
1001000001101000011100010111111111110011
0010100010100010000110010101011001000111
1011101000010010001000001110011010001000
0111001101101010111110011100101000101110
0100100001000110010100011100001001101000
0000011110100111010100110111111010100100
0100010100000100111000100011011000000011
0111011100010100001101111110010100101010
0111110011101110001010110100100110111110
1110101011100000100110000001101010111001
0011111100000001000010111001100011011000
1101001011010010011001100011111010100100
1000101011001000110101011000111011000111
0000111100110010111111011110000001000010
0101100011011101000000010111010011011101
1101011110101000001100001000100000110100
0001011001110110110000101101001010111101
1000010111001110101110001011010100100100
0000010000100110010011011111101010111010
1011000000100111110001111101111100111001
1100110000000110001101010010100101101111
1000101011111010001010000001101110001010
0101000010010110000011010011110000010001
1000011000010000011101011001110010111111
0111001110110010100000100110010111100111
1000000010010010010111100100011110001110
0110001111110110101000110010001011001010
0110001000011100010110000110000011110110
1010111111100000010000000100111110001010
0001100011010000111100110001010101100000
1011000101100000101100000110001010011100
0111010100011000001010101100000011001001
1101101110111011010111000110010110011101
1000111100110010011111111010110101101010
1110101111000111001110100101011100010111
1000101000101101110100010011111000101101
1101111011111110000101000101110110011110
1010110001101101101010000000110111010110
1100010110101010011000000111100011100111
0110110100110011111110110010111000101010
1011110111110100101101111100100000111001
0001001100110111110110100001011000000101
0111101011010111001110101000101100001110
1011001011101110111000101110110010110010
1110011100000111110011000001001000111111
0111000111101110011101001000011011000111
0111111101001011110010101011000001010110
0100010111011010001010101001110101111111
0101001110110010001111111000000000001000
0100110010000100010000101001101010110110
0001010111000000110100010001110011100001
0010101100011101010000101101110100000000
1011010101100110011100100001101111101000
1011001000010101100101000001011100100011
1000011100101011000110000100101010100101
0001111111110010001011001001010010101100
1100100110010000100111001010100001101100
0110101100100101010100110111100001110011
0101010001100101010010000010010010101111
0000001011100010011000110000001110001101
0000000010010101000101111010001111000001
0101011101100000001101011011100101100001
0110011101101100101110000101101110001010
1010110110101111000001111001010110101111
0110111111111000101010101001000000001110
0010100110110010010100100001000100011101
0110110010000111010110110011010011001000
0111100101110010101101111001101101110111
0110001101111111110101001110110110000001
0011001001000011001110001101000101000011
0010011101001000011111101111101000000110
0000010100110001100111001010110110101001
0100111011001110111010010010010111000010
1110110101011000001001100001001101111111
0110001011011001111101001110101100011111
1100011011100100011110011101011111111000
0000101000010001010000011001111100111111
0001001101010110101100011001011011011111
1101010001000100111111100000111011101000
1010101111101010111000110101111010110000
0011010100000010000101010000001001110011
0000110001100110001111010110001000011011
1100001000000010011010110000001101101100
1110010101001010110000001001110010110110
0001010000010000010001010000000001000010
1010101110111001000011100110100001110101
0110000110000011100011101011010100001001
1110101000001001001101000110001001011000
1011011011010011000111101110100111011110
0100000110110011100001011010000110011100
0000010100101011110001101111011110010001
1101001101011111001101110111001011101110
1111110010100111011010100001100110000111
0001001111111010001100011100111001100110
0001010010000110101001100001011100010011
0000110010001110001110111111111010111010
1010011000001001011110111101100010100100
0101011011100100110010000101001100101100
0010111011010101100001001100011001010111
1011111001011011001101000101101111001000
0001010011001101011111100001101100100001
1010111011101110101101111001110100010101
1001011110011011111010001111011010000101
1001010111000110110001111000101011000011
0110100101000100110001010011101010100010
1100101110101110011110000110100101110101
0101100100101100011011000001111010100001
1001010111001000001110010011001011110101
0111101110011111101001111010101110110101
0110011111100111110001011000110111111110
0000010011101001000110010110010110000110
0010000110000010001100000110011011001110
1001011000000111000110111111110111100010
1001100110101000101100011001000001000010
1001000100110000000000000100100001010111
1101101011000111001100111001100110000100
0111001110010000100010111010010110010110
1000011001011011011000000101001011010001
0110011001100010001001100110101100011011
1110010100101000100111001101010101100001
1000101101100010101101011101001001101001
0010000011010001110111000000101010100101
1100000000011111101001111011100100111001
1111011010100001001100110010111000001001
0000110100010100010110110111101011011111
0111011101011001011101110011101110010001
0011111110000000100011101011111111001100
1000011010001100101011010010100010001000
0000001011111011111110011111111000111100
1000011010001001100111010110011011101101
1111111100000011111011011101110011100111
1100000011011011111111100010100011011110
1011101001000001101001100000000111001111
1110110011110110000001111100110011110100
1000001001001110110111100010100010001101
1001010111111000101010011000010001000111
0110011111110011011000100010011101001110
0111000000000101000010011110100000011000
0111110001001000001011101010000001101100
0010100101101100010111101111010010011100
0011010101011011000001101110110010000110
1010011110110100111001101011110000011101
0110011010101001101000110110100000101001
1111010111100011110110111111100110011110
0001001101000111111101110101001010000010
0011000100101111000000110001101000100100
0011001100010000001010001100100010111111
0111010100001010110011110011101011111010
0100111101100001001100100000111001001110
1001100000000000101100101101001011101101
1100001010110101101110100100000110101010
1010010011001011010001100001110100010110
1010100000110101100110011100010111101001
1001000100001101011010110010110110111011
1110010011011100101010011110111010100010
1100101101101100111100001011100101000111
0111000111010100010011111110100110000010
1110111000101000001111010011011101100100
1011001110101001000011111011000101001100
0010011000010100100110110100110001100010
1011010010100110010010001011101010101111
1011100011111110010011011100111100011111
0111101011111101011101010000010111101000
1100011111011010100001011100111000101111
1010010011000110011000010100000010100111
0000000010010000000010110100111100100011
1000100110110110110011111101011011001100
1010110010000000001101100111010001110100
0000010001001110111010101000010110010001
1110100011001000001101011110110001010000
0010000111101011111011011001100001110100
1111011111001011001001000110101010011110
0001001100000111001111100100010001001011
1010010000110001110101101110010110001010
0111000001101010101010011011011010101010
1000100010100101101100010011010001010010
0000000011000001101000110111110100001100
1000110110001100100011001110011001011100
1100111101111111111111011001101110110110
1111001000100101001011111101001101010111
1101011010100010100100011100111000000110
0011011011000011001010110101000110101000
0111101010010011100100010101010010111110
0100000010010001000111001010010101000100
1101001010100010110001100001110001111011
0101100101110111100100001010110111101101
1101111101111001010010110000010111011100
1100001001000111110101010010110011001000
0001111110001110101111111110110110001011
1010110111011111110110101100000111010110
1010101001100111111100011000101110001011
1010110001011001111011001001100100110000
0000001011011110011111000110000100001100
0100011111011010011001010100010011010010
1111101111010111010001000111010001110101
1010101101111101100010101101100011000001
1011001011010110010110111000001001001110
1000100001110010011000100101110111101111
0101001100111000111101000001010100010011
1000100111001000100011001111100100011000
1100000011100011110101001101001010010011
1001001100001001011001111001001111010001
1001100100010101100011101010100011100100
0011111100000001001101000101010100111101
1010011010111100000010111110000011000111
1111010000000011010000000101010000100011
1101111101010000011001101110100110100001
1100110011011111100011000100010111110101
0011001100110110110011001111000011101000
1001101100101001010000110011101100001011
0000010001100010001010000101000001100100
1100010100001011010000001001011000101101
1000100000101011011000101010011001011101
0111010011101010001011001110110011010010
0011101010001010010001110110111110001101
0011110100010111110010001000110001000010
0111101101101010101010110101000110001110
0101000110111111100101110000011101101001
0000100010110111110110101101101000110111
0000000101111110101010100010111010111011
0010101000000010111110101001110010101100
0000101000010101101010101101011100010100
1010010001110100110011011001000101110111
1101011110110010001000101010011001110011
1000101101011010000100100110000111011011
1111000001010100100001000100110110100110
0101111101101010000111010001001110010001
0110101101110110001111001000110111000010
0000010100010101101101001001101101100001
1100000000010111010000011101010001110001
0011000011100110111000110000110101110011
1011101110101010101000101011100110110110
0011011000011101011101100011101011001001
1001000110000110011101000101000000010000
1000100100111111101011000001111101110101
1001011000111011010110000001110001110110
1010001101000011101000011101100101010110
1100111001110101101110000111011000110101
0000010111001111101000100111011001001101
1001110110011101000100011000101010010001
1110011011110010101010101100000111111011
0011000010101001100111111101110101001011
1100111111111111101010100011100101111110
0101110000110000110000111110101000100011
0001010010100100000110011100100110001001
1110001001001001110100110111000111101111
1000000011100110111011011011110100011010
1110110100110001110000001110111111100101
0111010110111001110011101111100001000000
0000110000111100111000110110101101011111
1011101010000100110101011000010111001000
1000110111110101101000110101111101100111
1101111010011110110100101010110111111111
1101100111001001100001000101010000100110
1000110111010110111000000011111100111111
0101011101111001111000110111011110111101
0100111100101111010011101010110101100010
0101100000011011010101111110101111001111
1110011001001001100011000100010111001010
0101010011111101110001010000100000100010
1110010010010000101010110010001101011011
1101000011100110010011010100011100110111
1011000011111110100111010101010111000101
0111110100111101110000111110100001110010
1111101011011001011101110100101100011110
0010110111110100100110011101110001000000
1011100010101100011100001101010110010011
1011101111111111111001100101100001100111
0101000000010110100111010100101010111110
1000001111101110110100111111110001001001
1000010001001001001011000001111011011011
0100010011010111111000101010110111011010
1010100011100010000011000111100010100111
1100000011000011110011001001100011011101
1000110100111000110111000011101100001100
0111100100111101100001101010001011010010
1111001101001101110101010011011001110101
1111101100111011100110100000111010101011
1110011001110100011000100100001000011001
0100000110111011010100110100100001101101
1100000111000011101000011010000001100111
1110111000100001100100110101101011100001
0110110110110010010001110001100001111110
1000101011011000100010101100100110111101
0010001100100011100001110110000001111001
1111001111110101000000011001110100010110
1111000100100100111101100110111100111110
1001111001010001010110001110101100101001
1110000011011111111111011010111111111001
0001000000101110010111000111011001010111
1011100010000000010110011011010011101101
0010000100110111010010000001000010100011
1000000010010010000111111111100000100001
1011011100110110000110000010101111100110
1010000011001001110111000001110111100000
0001011001001011000100011100111011111100
1110110110000000110011000001100001110111
0101000001110110100000110001011100101010
1111001001101101010101010100110111100011
0101011100001010100101111111011100010110
0000111101111101001000000010101011011100
0001110010001100011011010011110010001110
0010100111111110101011011000110101100000
1010001111100000100001101110001001100110
1001010010110111000100100000001100110000
1000000001011110101110000010110011110111
1111111010000110001111111011100111101101
1011100010000101111011101000110000111111
1011101100000010100001010110111001110000
0000100111001110111000100101110101100000
1111110010000100111111011000001100010101
1110100010111110101010010010110001101111
1100000000100011000110100000110001111001
0010001110011011011010010100001000001101
1000110111010000000110111011011110000001
1110010010010111000000110101110000000111
0000111000100011010111110001010000001111
1010000100101110100111100111111000111011
1001010110110011010111101000001111111000
1101010010111001101000111001110011000001
1101110001111001111110011010111100000010
1101101011010100010111010010101100001111
1011100010011101001110110100000011001010
0010111111101001110101111111110000001000
1011101100000001110000110100001101101000
1101010000000111011101101111111011001011
1010111011110110010100101100011001101101
1000010001100011110001101000100110010010
1100001010001110111010010110110100010110
1111101000011001000010010010111010000010
0110111101111100101011000000110100110100
1000101000110110111010011000100011011011
1111011110011011111010100011110100100001
1000101111110000111001111110100100100110
1101001000100000110100011110011010110100
0111110001011000000011011111011100101010
1110110110000101111110110100100000111000
1111011110000000111110101101010110110010
0001011100001100010001000001001100101111
1000000001010010001011101001110111111011
1000000100100100001001000111100001111011
0000110111100000000111011000001000110010
1101000101001001001001101011111111010000
0111111010110111011011001100001001111110
0011110001110100011001100111000111111100
0111011110110010101101001001110000010100
0101101001100001000000000111110011000011
1100011110111110100010000101100111000101
1010000010010111000011010001011110111011
0101100111011011011100111111111100001111
1100001111010110110101000010110001111110
0110010101111010101001100000110010110010
0110110000111001101011101110110011000100
0001011111001100110001010100001101010000
1101110111000000110100011001111110000011
0100101011000000011110100110100101000111
1011000100110000111110001001000110001001
1101100110111101010000101110001001111100
0001011101111001101110011011111001111010
0101111110110110100111100011011111111000
1010001101100011011100110010000111100100
1000101010000001110100101010010011011101
0011101001111111101010001101000000101101
0001110000001101110010011011011010010111
1101111100000101101010100110011111011101
0110111000001010010000111000000111000000
1100010111101100011011100010111010001000
1111010111000011111001100110000000111011
0011100011100011101110011110101110010011
0100010000011100001011001101001111000011
1101111101110111001111000110010000101110
0101110111111001000000110100011011111011
1100111101111110101111100110000001001110
0011101000110110000010101111011100011010
0011111101011100100110011000101110001111
0110000010000000000111011111111111101010
0111001011010001011011010011001101110010
1100000111111000000010011001100001110010
0111100011101110110110000100110101100010
1100011110000111000101110000011100100110
0001101000100100101010000000001011101111
1101011000111000011011101001100011100110
1110101011011000001111001101010111111000
0110010001010010001101110100111111011100
1111111101111101011101110000111110100010
1011101110001001011100101010010010011110
1000000011011011001001100101110001010000
0111000000111010001111100110101110110011
1100100000010010101000011011110101101000
1000011011000001000100001110111011111011
0111011110111101101011000000000110011011
0101111111000000100100001001111110001110
1111011011101011011111110001110110110001
1111011010010111000000100011110100011010
1011011111110010110100001111101001000011
1100101010011101110011101101000000111101
0111111001100110000000100111100111011111
0001011111001001011111100000101101010001
0110011101011010100010101010011011110001
1011000101000110110010000011001000111010
0111101100001111000100110010111100010010
0011010100000111001101011110101101101111
0111101101001010111100001001100101010000
0010100000100000001000001010110010111000
0110111100001110011100000101000011001000
0011100011101111011100111100101111011001
1011001101111101100100110100001001110110
1111110110000010100010101101100011010010
1000001010111011011010010011111110000111
1111011000001110000101001010100000100101
1001111000111001010100001001101111101010
1010011011001001100011111100111000000001
0100111100100100111000100101001110011010
0110110001001110100110000010011011110101
0011101010110010100011011111010000000111
1111111100101010001010100011111010000110
0100100110011100101010001011100011000110
0000010001101011011110100000010010010111
0010000010000110000000111111111110111001
1100110000100000101001000111100110010110
1001001010010010000101110111110100100110
1110011000100100000001010001100101001100
0110101101011111011101100101000010111111
1100010100011011000101101010010001111100
1001000001000110110100110011010000010010
0101110000110110001100110011100000010001
0110101110011010001100011100111000010001
0000111011010101010010110100111001010110
1110101010011110100000101001011001011110
1010111011001000010001100100010000011111
0000100111101101000101011000010110111101
1010001110010001011001101001111100101011
0110111100010000111011111100010111010000
0001010110011100111111111010101010011001
1111010001001100110110001001101100010011
0000010101010011100000000101110111100001
0110111100101101011111111000110111001111
0010101111011111000010000011101110010000
1000001000000111111110110010101110110011
1101100100011011011001001101101101111001
0111111111110111101111011000101000011011
0010000100110100010000100010001010111100
1010100111110100110011010001000000110111
0011101101100111111000010001001001000000
1010111100000111101100101011000100010000
0111100010101110101011001111010111010100
1110001010111011011101110111101111100111
1001100110101101001110011110011101010010
0010101000010110000001101010111011010111
1001000101010010110010000001111100001101
1001011111011011111111001101101100011100
1111111101011111001010101010010100001010
0111100100001100111100101110100100111101
1110011100110101000111100100110000010110
0011010100110110001001100011111101011000
0110100110010011000100011010000000000001
0011100110100111101110001011010101000001
0000011011100100101001010110111011010101
1011011111101101110111111010011000111000
0100011011101101100100100011110100011110
1100010100011111101000010001111101100011
1110101001011010111100111101100010000100
1011000010100011001100100001100101001011
0110000001100101111101011101011110110100
1001110000001111110100110110100001010010
1100011111101110010000011011000011011010
1001110111100110110101010111111010111001
1001001100011100111001110100101101101010
1011111011111010110011000111101100100111
0110010001011010001010100010000111000100
0100110110101101011110101001111100111000
1011110001111110110001000110000011011111
0101011111100011001101110101011100101010
1001100000101000010101010000010001111101
1111101110101001100110111000010110010111
0010001101001000010101010111011001011100
1011111010110000111011001001000001100110
0011011011000011100110110011101110100001
1011111001000011001100111110100101011010
1001011001010011010101111010000100110100
0010101100011101111010110100001110101010
0010111011110100011100101110001111101011
1000100101011000010100101001011101101001
1110101101001100001111001100110110100101
1001110011000111010000101000001111111101
1011001010010111001000101110100110111011
1110010110101101110001111000010001111011
1011000101000010010110111000001000011110
0011101100111100101001111001111111001110
0001110101110110110101110000000111001011
0010001101101110010100111000110000000001
1110111100000000001110101001000010001110
0011111001101111001000001111111110111011
1110110000011011110101010010110100001011
1101100000010101101010110111000111101100
1000000001000100001001010110100000100111
1011101010010110010001000011010100001110
1101001011001110110001111000000100101101
1000100001100000111110001101100110010001
1011111011110011111110010110110111100000
0000101110110000010111110001010101110000
0101011101100111010101100110101001110010
0001101011000101000000101101101111110101
0000010101101110100100111011010000000100
1111010111100011111001011010110101001111
1001100111101111000001101000110111010110
1010011101000100001101001011100010010001
1001110001010000001001000101001100101110
0010010100001110011011111011111110010000
0111100100100010111011111101100110010000
0101101001100111110101101101111101101010
0100010100100000000010001100100011101011
1100011000010010010010111101001011010111
1001110000101110001100101101011000001111
1100100110101010000110011001100101011111
0100100011110100001011110001001111000010
1100100100001010010010001100110000000101
1100011101111111101011110111011011110011
1001111000111111011111111101111001010110
1110111101001011010100101001101101101000
0000110010101110001110111111011010011100
1100000001101100111110111010100111001100
0101111001111011011111110101001101010011
1110100010011100010110001000110010111100
0100111100110001000010000001101111110111
1000101100111010100011001011101010001001
0000101011100110111110101100110101101001
1000101110000010100011011101010010101000
1001110001110110001011011110101010001000
1111011010011111111100001001111101010001
0010101111000000110111010101101011011001
0110011111111111100000101000101001010111
1011001011100110111000100010100001010001
1101110011010101010110101001110111100100
0011011110111110010010000000110111000110
1000000110111001010100111011000110011111
0000111011110001000110101010001011010010
1110010011011010100011101011111100100110
0101010001001100000001010111011010101101
1010000001111010010001100100011001000010
1110100000110011001101010011111011011000
1101111110101101001111000110000110101010
0110111110100100011000000111110110100111
1101100110010000001101011111000001111110
1111011001000000000001000000100111000010
1100100100000111110100110011011000000111
0000001111001101000011110111101101100101
0110010001010101100100001001111110101010
0110110101110010111001000100000000011110
1111011010110101000011110111110100011010
0001011001101110000101011110100101001011
0100001000011100111100010111000011011000
0010010111100110010011010011111000010011
1001101101111011001101001000000110011011
0001000011000000001110111110010110011000
0101111010001101100011010101100101011100
1011100101000100000111001000010111101101
0111101100010010011010101001000000110110
1010110111000100011011000111010011110011
1111001001001010011100110100001111000100
0011100111111011110000110101100100000001
1111000111101100010111101011011011100011
1101110010100101100011011111110111100100
0110111100101010001111011100001101101011
0010101110001110011000000010011110001011
1110100101101010010111010010011011001110
0010100001000000000100111100100001011111
1100110110011011100001111000011111001011
1010101110100110110110111010010100001111
0101101110110100111001011101011001011000
0010100110101010001011110000101011100110
0010101010001110110110011001010100011101
0101000010000100101000111001000110100111
1101100110100111001101111000000011010101
1101111100011101110111010110100010100111
0010010011001111001110101111101100011111
1101001101100110101011111110110010101010
1101110000110111010011111110010101101001
1100101110101000001100011011111100101011
0000111011101000001100000010001100111100
0101000101110010100110100100000110001101
0101011101001000101110100110010110111000
1100010101011010010010101001001100110111
1111010101000000100010001010110111001000
1011011001010100111111010100000000101000
1011010110010110101110110111010000110111
1111011110110001001101000110111001011001
0110101011011000010011000011101001001010
0110010101010001000111111010001001110010
0000001110101011110001010001101010111001
1100101011101110001011011001111100000111
0010101011100001111001011101011110101100
0001111010101010110111100010001111110111
1000001100111111001000100111111110011101
0111011111010111101010100100001001101001
0111110001100010000011010011001110011011
1011100100000010010101111100111111110010
0010010000000011001100101100111100000110
0111110111110100101001010010100101101001
0000100000101110111111111110110110100011
0000111101000110111110101111000101110000
1110111100111000001111001101001011011001
0101000010000101101111000011000011111101
0001010001000000100000100011010001101011
1111000000001011101101001010000001111010
1100000001100100010110001111111101010011
1000001101001011001001001010001000101000
0100011100111101101100101111000010000000
1001001100110010111100000100011011100100
1100001000000111000111100100001000111100
0100010001110110111111110001101111110100
0100110101100001000100001110101101011001
1000111111110101110110111011011011110101
1010101101101001110110011011000010000010
1010011110010101100010110110001001100010
0000000011110010100111000101100010101110
0010000001010101110001110000110101101111
0110010110111000000010000010101001011100
1001011111100001110110010000010110011111
1011001101011010001100100010011100010011
1101100110101111110111110100110110111000
1011110010111000010001110111000101100101
0001100001000011101000010011111100100010
1101000001111110100010110100010100101110
1111111101011011110100011001011010101111
1001000101111010010011001011111011011101
1000001011111110001110110001100011110000
0100111011101011111110100010011001010010
1011001110110000010110111111010100101001
1011111000110100011001000011000100000111
1001010110101000111100001101100010101001
1001111100100000000000011111000010001011
1000101100100101001001111101110110111010
0011000000101110001001110010100100111010
1101101111110010010000000010010000010110
0001100101011111110000000001000011011000
1000000100010100001111110011010111101111
1100011000010010010111100101011101011001
0111111111110000110010110010111101110001
0001011111100111010000000101110001110001
1000111110001000001111001110010110010100
1001101011000011001000010010111010011101
1101001101110011011010001001010110010101
0101011111101100101001100010010110100010
1100101111110100111101100011001111111001
0101110011010010100000100001011110100110
