40 2047
0101011011101000100000001011000100011001
0110000011011000010010001001111100110100
1001001010101101110000010110011101100000
1110101100011101110111010001111001010010
0001001111000110111100001111100000000000
1001100110100011010000011010100011000110
0111110110001001101111111101010000011001
0010011111001001010100101100011111110110
0101001101101110110011101010011111010110
1101010100110011001000001001111111011010
0110010000000100100101010110001101100110
0101000001010001011110111011000010101100
1010100111011001101011101111110011101110
0010111100110100101100000110010110111111
0100111111101000000001111001011100011011
0000111000101001011011111111101110001101
0011010111101111101001011110000010111010
0101111101101100101001001110010110100000
1100111100101110011100011001100011000000
0010111000011111101100100111010001100101
0101100001110000000011001110110010001010
1000111101010010111000100101101110100001
1001100101011010011010010101000011111000
1011010101000010110001101011100001111110
0100000010010011010000101110100111111101
1111100001110011100101110011110010110101
1100010001100000100000010100110010110000
0010001111001101111100001000100011110001
0101101011000000100000101001111110100010
0111101001111010010000100001011011011000
1000000011100110011101100100100000100010
0101011010000110011011100100000110110001
1011100110011000101010010001001001010110
0110010110110110011100100001100100111110
1000111010001101110111111001110100110100
0110100101111100110010011000001100001110
1110000001010100100001100110001000011111
1101111000010100000101001101010100110100
1000011000101110100001000111100001110110
1101000111011110100110100110111110000011
1111001010101101010000111110001100001101
0000101000110010100010111010010011101011
1011011001110010001010000011100010001111
1000001001111010110111000100101100011100
1000110001010111111110010010011110101001
1010100001001010110001101111111010000001
0101011111101101011100110110101101101101
1111011100101111101111110110001010100000
0011100001101011010110111001111111101110
1111100010010001001001000110110001101010
1000010000110101000000000010001011100010
1100101000000011010001000000010011100111
1001011111011111101010001111001101001000
1000010011000001000110110010111010100010
0010010001100110111111011110110000100011
0000011010100101011111001001110100110110
0001110100010001110110011110100000011101
1110111010010111100101101110001111110111
1010001011100101101001010001011110000001
1001001110111111011001010111001101110001
0111010101111100001101010110110110000100
0100000111110001001110101000111000010000
1101011110100000100000000011010010111001
1001110010101010111110000110101100001010
1010111000001101100010000001011011101110
1100110110001000000010010101001111101110
0011000000011110110101110111110011100001
1111110100111110111110010011011100100010
0010011111010010000010000011100111000110
0111011101001101010100101101101101010000
1111000000101100000010011111011101010100
1010111011111111100110100010101011100101
0000101011001111110100100011101100000101
0111001110100101100101010000100111010101
0010100001101001010011111100100101111111
0111101101001000100101010100100100010010
1101001011111001001101011111001111101101
0001000110010100111000100000011011000101
0110001111111010111110110011100001000110
0010111010110001000010100000001011001000
1010010110100011101010010010110001111001
1010001010101101010000110000110001110001
1011000111001100101111011110110011001010
0000100010000100101100111110100111000001
0010110010011110011100101110101110001111
1001010100101010011010000011111110001110
0000101010001101010011110100001000110011
1101111001000000000100010110010001001110
0011100100101001111011010011101000100100
0001101001000011001110100101101011001111
0101010010101101000101110110001101111000
0010000100110101010000110101010011111101
0000110100011101110010001010111011011100
1110111011010111000011010101001111001011
0000111101110011011011010000010001110110
0000110100001111101000000001111100001010
0010011110000010001001011111101011011010
0111011001000000000110111000111110000111
0101000011010101101010001000110001000010
1011111010001110010010100000000011101010
0001110011100010101000100101000100010110
0111100101000101010010011110010010000100
1011111011001011101110001001100000010110
1100101000000101001110111110000110100001
0000110101100000101011111000111010010000
0010011010000001001001001000010000111010
0000001111110000111101111010010010000110
1011001011101111100111111111100001111100
0011110110010000100110010111001100011011
0100111101011101000111111110110010110110
0101001110001010110100001000100111100000
1101110000101011001100001111011010100000
0101000111010101001000001000110100001110
1000100110000001110111100000101101100101
1010000101100101001100100001010110010101
0110000000100010110010000010101010011101
0011010010110010101101101000000100110100
0001011011111001100111101101111111000000
0010000011010111110010001010111101111101
0001100100001001110111011101111100101100
0001111000010111001001001000100001000111
0100101100111111001101111110010101110110
1100100101001000010011010010010101111111
0110001010000011111010000000111101001100
1100010000010110010010001011010010110101
0011101000000111011001000100111100000110
0010000110111111001011000000111000000101
1001100010000000101100011000101010001101
0100100011100110100110001000010011111101
1111110000110001000000110100000000111001
1100010110110001111010110111101000000011
1011100011000111100001010010100000001100
0010100100100100001000000110100001111100
0001011100111101110011111000101111111010
0110011001010101011010000011100001111110
0111010100111011100100110111101000101010
1101011111000010000000010101000111100001
0100010010101001001110101001110110010011
1001000010101101100001111010110011110101
0110000111010101110010000111000111000010
0000010001011000110111010011011000111111
0010011110111100101101110011101001100100
1011101110001011001111001101101010101011
0110101100001001111011011111110001001001
1101100011001000000011111001110110101100
1001111000001001100001111101011010000000
1000111101011110000100000101101000101111
0011001100101000110010000010100111101011
0001000011001101001010011001101000011001
0110100000010101011111010111001111001100
0100101110100011001100100111100011010000
1001010111001000011100110000000110100111
0010011000010010010111111001011110010001
1111100110100100100100110101100000010111
1110110001000101010011010100011010110001
0001001000111100000100100111010110111010
1010000100000011001000111000011100101011
0001110011100001101100011110111110001100
0111100111010001111110101111111110100010
0100110010010111100000101001111111001011
0101011001100101110101001000110010001010
1011110011001011110111001001000000111110
1010001110011101000001000101001111110111
1100110010110001001110011000111100010011
0111111110100001101010101010111100110100
0000111011011011000111111110001001101001
0100010000100011001110101100001010011011
1001101100100100101011001000110000001100
1011111011111111000101001101000101010101
1111101010010100000111100001001100010001
0011111101101000001111111000101110100101
0000000101011000001100110110010010111110
0001100110011111111110000011010000101001
0011110010110001101101110111110000100110
0010011000110010001101010001101010000101
1001001101111001011100010000101100100010
1000100101000100111101000011111000101110
1000001111010000110001110000010000001100
1011000100101110101011010110101010101011
0000000101101010010101111011001111101100
1110010001010100011111100100100100111100
1101101110111010101101001111101011110011
0001010111101010000001000000000010011011
0100100011101011101111011000100000111001
0001101010000111110011100010011110000101
1110001100000111011110000011111010111001
0100011111000101101010101001000101101111
1001000011001100101101101000110100100100
0101101000100110011111111111111111110011
0001110000100000010101100011101010011100
0001100100100010110100001110011001001001
0011000001101111011000100001101110000010
1001011110111110100110011010110000111111
0101111110001011011000101000100000001101
1111000011011101110011011000010001001110
0000001011100010110111111111010101100101
1011000000011000010010111010011111111010
0100101001111001010111100010001111001101
0100101110101011111111111100000000011010
0110001001111011010111110010111010100100
1111110000011000000111110110010110010100
1011101010101011011111111011000000000111
1001101100101111101100111111000010001000
1101101000000110011000100111111011110110
0001101101000011000010000011000100111100
0010110000101111100010001111010111111001
1110011110111110001001011011111011100011
0111000011101101010100101000110010000100
0101011100010000111011001010100000011101
0110111000110100001110111010101101111010
1111010110101111011000110011011100010111
1110110011101010101100101111011001010001
0011101110000110111000001100101100110000
0000111111000110011010110011100111011110
1111000111111111111101101000101011100001
1101010001110110011100011010001110111111
0101000110011111101001010100001011010001
1101000010111010000101001100010000001110
1010010010001101101010110000100110111110
0001111000111011000110000010001010100111
1000110011011100010110001010110100010010
0011101011101100111010101001101100000101
0101000011101010010001000011011001110001
0000100011010000101011000111101001001101
1001101001001111011011001011101100011111
1010010111101001111111011001101110111001
0110111001010010110111010101110010010100
1000101100100001110010011110110110111101
1010101001110010001000001001101110111011
0010011100101110000101000000000011101011
1000011100101000000111011111100010010111
1000110101111010001110100010001101110010
1011010101100010111001101110101111100011
1101001100111001111100011000011011000101
0110010001011101010001110001111111011110
1101011110101001000111100111011111011010
0100010100100100010100100001100001011111
0110101000010000010111010111011101111111
0001011111100110101110000111100000101101
1100010001010101100000110001101110010001
1110000011001110011010100000101001111011
0111011001010010011001010111100101100011
1001011011010110001100101010010110011010
1111001011010011111011110000100100000111
0110111110101111010001101110101111100101
0010000111011010111001001001110011110110
1010010011111110100011011101101111110010
1000011110101111000100100001010000101101
1110011100110111000100010011001100110110
1110001011010011101101010011010101111010
0011110100011111101010001000011011101001
1111100101111010000100111000010001111010
1001010001000101000011101111111111100011
0111011101101110001011000011101101000101
0111101100010100010001000010000001101001
1011110011110001010000011011001110001011
0110100010001011011101111100101110110100
1110000100001110101100100010010010001100
1001100011101111000101011111010110111000
1101100001011010011011001010011101001101
0010110001011100110100101001001010010000
1011011100100001110111101100100110010011
0111010101101101000101111110100000111110
1001001010100010100101000101000010111100
0110110110001001001101101010101100110001
1110110001011001010011010101100000010100
1110001011111011110001010111111100010001
0110000000011001111101111010100111101000
0010110110011000010011011011011101000111
0110111000010010111011001101010010001001
0100111100111010111011101101001001110111
0010101111101001011100010000101100110011
0100110110001110010101001001101101001000
1111001100101100000111010000001010011000
1011000100001010111000111000101100111100
0101100101011011100110111111111011100010
1010110111100000100000101101110000000101
0010011110010010011101100111001001101111
0111000110001110010111100101010010011000
0101000111001011111100010000010100100101
0101100010001000111011100001100011000000
1000101001010010000100111010010111111011
1111110001101011101010001000000000101100
1101001101110110010001100010011100010001
0010111110110001001000011000011001011110
0101001000100110011000111110100111111100
1011011000010110101101111010100000011000
1101110000110010110111100011000011011000
0100100011101110101110001110111101000100
1101111001000110000011100011101011001010
1100001000000011011000000011101101110101
0101101101100011111111110010101111101010
1100100101000001001101000001111100111100
1010110101001011010011111011001100101011
1101101000011101011011101011110100101010
1100110111100111011111011101111100010110
1111111101000000111101001110101110110110
0100100010000101110001001110010001101101
1010010111010000000000100100100000010101
1010000000111100011000010111110001110000
0011000111100101101101110001110000010101
1110000000100100011111011001111011110101
1100101011011010001000000111011111111111
1011001001010100001100110100011000010011
1010111101011111110100100010000100100111
0010111111010000110011101011111000001011
0000000000010100010111001100110000011000
0101111001111011011010001101101001011111
1010100110110010110101000010000100110111
0101001000101101000000010000000010011101
0010101001111010110001000101011010011100
0010101110110010000011100111010011000010
1010100000100100001011110100100000100010
0100010001100001101100110100011111001100
0101100101011110101110100101011100011001
0110011110100010001100011000111111110000
1011111000111111111101100011101010001110
1010010110111010010001111110011111110000
0100101001000111100101011011100100000100
0100111001100011110110100111101001110010
1101101100111110001100011000100010110100
1111101111111001000100100000010101000010
1010100111001000100000100111110000000001
0110110011111011000010100111011110010001
1110001110101001011010011101011000000111
1000101000011010110010001100001101110011
1010110000000100111010111100110111010000
1111010010111111001111000000110001111111
1001100010011000101011011111011011001110
0101100000111111011101100101100001001101
0111011011111110011100111010011000000111
1011100110100111101101111100101010101001
0110100101110011001001010101111100110010
1101011110011011011110011101000000010010
1001100011010010011110001100100100001110
1111101010000111011000111011001000101110
1111001010100001101001100111100110101111
0011001000110111101001101100000111110100
1000001000010100011000100101111100000111
1001001101110100100111011110000101100010
1111010001011110100010000111100100011111
0011001100011110001100110111000111111100
0111011011101001110100100011101100001100
1110010010100000011011001110011111111000
0110101110001101110101001001110011110011
1001111101010111111000001110111010001011
1100110001111100000010110011001101010110
1101110000111101101111110000001101011110
0100010110001111110000101100000010000011
1101101100001100000000000110010000100101
0111001001100010010011000011111001000011
1110000011011101001100101000010010001111
0100100010100000000101000110111010111000
1100001001011011011000101111110100101111
0101100110010100101010001101101101100110
1100100001011001001010111100111110110101
0011000110001111110111000110001011101000
1110000101001001110100111000100010011100
0011011000111111011110011100000101000000
0010100100100100101110001000110000110110
1110000001111000001110111000110101010010
0011110111010111010111011001100011001011
1010100000100110110001100111000010111110
1011100110001110100010000101101111010000
0101000111111111001000100111010001000111
1011011110111110000011101100110101011001
1101011001111101100000000101100001011100
1111101010101111001011000000100110111010
0010101000101100101010110001100101110110
0000011110011011011000111010110011111000
0011101001000100011101111000110011101000
1101001101011110001001101101001001011100
0100101001101101100001100100010100110001
0010100110101001000010110010001100000110
1001110101000011100011100110101101010101
1100001011000000111101101110101011000101
0111110101111101010100001001011001000100
1101101101101101111001010011011011111011
1101100111110111100011001000011011111000
0000000001010100110110010101000101100010
0011110111101111101100000001000100100000
1001110110001100101001001010100100011101
0010110110110100000100101110100111101101
1100110111001000010011111010011100100011
1000000001100010110101001000100101001001
0111000000010110011000000110011110010110
1000100100111001101000101001101100111011
0000100011101101000100010100001101010000
1000110110010000011000011100101011011011
0000000001001011010101101101001010001110
0011111010101001111111110101100111101000
1000000011000000011011101111110110011000
0101001101001111001110001111110010011010
0011000001111110000000011100100010011000
0000001100101101101010110110100001110000
1011001100001111100001001000001111110000
1110010100000011110000000100100001000110
0001000010001110110100100011010111111010
0100001101101011011000001010111100101111
0011111101111010000011111010110100001101
0111110010100000010001010001111101011001
0101001100010011111110000000111100010010
0101101011011110110111101011010110011001
0001000111111011011001100110101000111101
1000011010110101101101000001101100000001
0101110110101111100001010010010000110010
0101000001111001011011001001010111101100
1110111001110010101110110001100101111111
1010010100101101000101101101101101100111
1100000010110001101010100101011111100100
0101010000110100001001010100111001000100
0001101110011010101110000010100000101011
1110100000010011100000000001011010110110
1000100010100011010100000000011111001010
1101001011011011001010101011010100001111
1011101101001001101000000011101111010011
0101001100111000011100001011010100011111
1111101110001000110110001001101010110110
1110010001001110001101001010100011000100
1110110111111000111000000011011111010101
1101101100111010010011100010101100110011
1010110101011011101011100001011011111110
0000000101000101110100010101001001110101
1110001101001110111000000000010011101010
1111011111010101010100001011100000011000
1000111111101111000011001011111101011001
0110100001000001010110100000011001111111
0000100100011010000011111001100011111011
0101100111110001110101110110000000100000
1111000101001110101101110011101010100011
1111000110110000000111000110111111100110
0001110000000001101000001110111100001011
0010100010000001011111100000001011101100
1111011011111101010010110101000100111010
1011011011100111100101101010101100100111
1010000010100000110010111100111000011010
1101110010100000001110111111010001110110
1100110011110001011100000011101001010111
0000010100110101100100000000101101000000
1110110101101101011001000101000100010111
1011110101011010111010000101011000101010
0000001001100010111011010110010100101100
0111110000111101001101111011001101111111
1001001111011110101101010100010001011110
1100101110010000101101010110100000000110
0000100010100100000000010110111001011111
1110111001110110110010100110101010100111
0101011010000100011010110010100001010111
0010001111101100101110100101001011010011
0011100111111001110000111111101100111111
0010100101100111011101001101001100100101
0010110001110101100101011010110011010101
1000111100001100011010101101110010101001
0101011100001111100100111000110011110000
1101111010100111000100011111010011110010
1010011110011000100100000011110001111101
1100011110000110001100000000001000000110
0110010100001000110101100011000010111010
1001111011010111100000101110011110101001
1001111100101011111101011100101100111011
0001011000000100001110001001111111010011
1011001101110001100000011010111001100111
1100000101110000001101101001000001000110
1000100100101001111100001010110001010001
1100011101001100001101101011100010101101
0111000001111111001110111011100001100000
0101100011000011000001011111101000110101
1110100100011010100111100001101000110100
0101011110101111101001011010011111100001
0101111010010101000100010010100110011100
1111101000110001110001111000110001111010
0000010011111111011110001011100111101011
1100001110001101010101010100100001101001
1100110110010000010001011000111100011100
1001011111011001111010000101111011010001
0101001110010000101111101111110110111110
1000010011101100110001001101000011110000
0001101000000011001101011011000100000011
0010001110100010011101101101011010101110
0101001100111001001100111101111100000101
0100101000010110100010011101111100111001
1011110101110011000110011011010111110010
0110000110101000001101111110100010011001
1101111100001111101110001110100110000101
1110001000001100011101111011100110001110
0000010100101101110010011010001110001111
1010110001001001010000100011111000001001
0110010101111000100111011111110110101101
0100000011110011101100001101000110000011
0100000111010010010010101100100010000101
1111010101110001010111011010110100100110
0101011011010101000110011001101001111011
0010100011100001110011000100100100111001
0001000011101101110011101100110010011111
0100101110110100010110110001010000101111
0001000100010101101011000100000011001101
0111001011111111010001110000110100001011
0010010100010100110011100111101100100100
1001011101101000011010001010100010101001
1001011000011010000101010100100101110110
1100010110000101110111101110111110011111
1110111010100100010110001111101101100110
1100101110110000111010100100000111100010
1100010010000111000111111000111100011101
0111111100110010110100010000000000011100
1110001001100011000001010011110001001010
1111010110101100010010000001101010011001
0001011011111100010100011010111011101100
0011010001001100110001000101010001010100
1001100100010100001000010001100000110101
1100010010111010111110110101010010011111
1000100100110100110100011011001110000010
0000010101111000111101110100101100100000
1000011101011110110110010001010101011000
1001100100111110011111110111011110111101
0010111100010010011110100110110000100111
0110110000101100111001111000011100101100
0010110101000100101001100111011010001010
1000010000000101110100001101101101111001
0111110111001101010101011100010111010101
0000011111111110100000011011000100110010
1010101000110101101001110011010000000000
1100110111111001001001111100001000010001
0111010110111111000101100001110010100010
0000110110001100011011011011111010101111
1001110001100000000011110101100111011100
0010111111111101010011101110100000010000
1010001101000000111010001010011010111100
0110001011101101101000101010010001001000
0101111110100001010000000111100100110010
1010100110010001000000101110110000100010
1010100001111111100110111101011101111111
0010111100100011110010101000000110000101
0010111101110001001100001010100010000001
1101010001111110101000111001100110100001
1011001001101100111000101011111011000101
1010111110001111101001011011110110011001
0011010010110100110010011010000111101001
1100100001010000101101111101010010000100
1100100011011100011010111010010011111101
1011100000001110100011101010011001110101
0011110111010011010010010010110110111101
0100011101000110111101000000100010001010
1101110110011000001111101000110101101010
0111111010111010110000001011000101110110
0011010011000111011000010110100011111101
0011111000001111010010101111110101010110
0001000110000100000100111011010100011010
1000011110010000010001111001000100101100
0111011000001000110010010001101011100101
0000101111101101000111010101011111111111
0011000010110001010100111001101100010110
1110110001100011101101011011000110101001
1111011110110011100110010001100001101010
1011101011010110111000010010011100000100
1001000001110101101111100000110111011111
1000010011110111010001111001011010011100
0100101011001000010011110010100000011010
1101100001010111101110011110001001100110
1100010001100001111010100010110000100111
1100100101001010111001010101000001011111
0010110010100000110110110110110111110001
0010011101111000100011000011001011100000
0010101010111001101110111110101010001100
1011001111110000001010000110100001101010
1010010001100111100111011111000000101011
1001110111101010000101011100010001000010
1101000111110010001011110011000110000000
1101011110111011000011110001000100000111
1000100000110000101100000110110010100111
1101011101101110100001010000000000011001
0010111110111010011011010110110110000000
0101111101010011010101000001001100101000
0101000010011110001001100010101101011000
1011010001010001000111111011011001011101
1111111111100000010111011101011011111111
0001010101011001011111111000101111010001
0111100101100001110001110000011111111111
0110010101001001010011011101101110001100
1010100001111001101001101101001001001100
1011000110001000011111100001110001100010
0100011111000101110101110011000101010001
0100011110011011011111111001011100101001
0011011000000001100001001100101001000111
1100011011011100001100010111100100010000
0011000110110100110111100000100010111011
0111111111001100111101111000100001010100
0101110011001011101110000011111111001010
0001100111011100110100010010001100110011
0111101101110010000110101000011111011110
1000100111110000101011101010111001110000
1010011011011101011111000101001011010100
0100110010111111000011011010000000010100
0010110000010001101100101100110010000001
0011000010010101110011010111001110000001
1001000001111100111011100010000111010100
1010100100110101110010011111111101001011
0100011110001110010110011111110100001110
0101110101000101011000101000101100111001
0111100110010001111000000010011100110110
0100110101000111100101010100110111010001
1000011011001100101101101000000100000000
0011110101010010001110001010100011000000
0110000100110101110110010100001101010010
0010100111110100000011101011110101001100
1000011001010110100000111001111011111110
1000110111001011100111001001010101000110
1100011000000111101111110011000110001110
1111000010101011111000001110010011010101
1110011000000010101111100001001100001110
1111110111100111110010001010110100011101
1001001010000100101001101001101011000000
1011100001000010110010001110000001001110
0010010100001111010001111011100000011100
1011101001011000011110001110101010001011
0101001001000001011001001011111110101110
1101010010010010111111011000011010000101
1001111110011001000001101010000101000011
0001111001011111110110001011001011011100
0111100100010100110111111001001111110110
0101011100001010100100011100011111000001
0101000000100010111011010010111010010011
1111011111001101110110110101011110001001
1001011011001101011010101100001011010000
0010010111011110101110111001011101100100
0010100111110111111001000111100111100001
0000110000011101010000100000000010000100
1111100001100111101110010111000011011110
0010000011001100100100100110110100101011
0011000111110001101010001000010001001000
0010000000000110010101111101100011101000
1011101011100010111110010110101000001001
0011000101100110000110011011111010000100
0110110010111100011101111101010101001010
1101010100010010011110001011111011110110
1100001100000010110011000111101100010001
1100001001100111111010010001111010011010
1000110111010101101011000110100101000100
1101001011010000000000000100011000110001
0111111010010010100011000111010011000001
1101110010011010110101001110000101100010
1010000011010001010101011000110000110010
1000011000110101001111000101101001011101
0110100000000011110100100000101101111101
0100001011100111101011101000001010111100
1111000111111011010111010000011011001100
0100000111100100100010000011101101001001
0011011000110110100010011111100111010001
0001110101010010100111010010111001110001
0010101100111000101011110010101010010100
0111100111111011001101001100100111101000
1011000100101010110101011111101100111010
1001101110001111000110010110110111010100
0001110111110111001111010111010111111011
0100110101000011100111010000110011011110
0111111100111001111110000100100010001010
1011000001111100000000110011011101101101
0111011100111011010010000010000110010011
0101100100110001001111010101101000010110
1110000110000101111000111101100001110010
1000000010001100001110000100010010101001
1000011111110010111110011010100000010001
1111011101101000100011110010011001110100
1111010100110000010001111010110010110100
1011100111111111011001110110000101100111
0010110000111101000110011101110011000000
1101011011101010011011011000101000000111
1011000100101111101010110110100100101110
1110100100001001011100001011010111100111
0011110000001111001010000101101010010000
1011011101001101000111100001111010001001
0101001001000010001101100010000011000011
1010110000101111111010001010010010101101
0010010001010101111111001100010011011110
0111100101010101100101010100111101101010
0100111000011110011110100000100110101111
0011100101011111000101110001100000011100
0001000100000010000101001011000111100001
0100000100110111000000111110001001111100
1110000001011000110011111111010001010000
0100101010101001100100111011110111101011
0011010011000001110001111110110001100001
0101010101011010110111011010000111100101
1110010001100001100000001110000110000001
1111001011101101111101000001100010000101
0001101100000101111100000101100101001100
1000000011001111110111110000000001000001
1011010011010011011100100011011100100010
1100001011001101001100000100110100100110
1011101001000110000010101111101010101000
1111011101011001010000101010100010101001
1100101001010110000101001001111001011011
0000011110000111000001010100101010000101
0100010001000001011011111011001001001000
0110010110101111101001000011110111110000
0011101001110110001111000000111001110001
1101110011011001000100110111100110001100
1000001001000000001110101000010100111111
0101100101001110111100011001010010010111
0010010011001110101100110111011010000001
0001110000100001110000000111100110001001
1010111010011100001001101111011010111000
1000001111010001101100000100000101101100
0101111101101101111101001001101000000001
0010001001011101011001011111100100000101
1101000011000010001011110010111001011001
0100101000100100011010000100110010000111
0110110110011011001010100111100101001101
1011001110100100101101011101010001000010
1011001111011100111011111001011111100001
0110001010010101100011101001101100101000
1010011111011100001100111001010000101001
1000100011011010100110110111000110001100
0001110011010011000100100111100010011010
0010001111000000001111000111101001111101
1110101111111011000100100001110001110011
0111011110101111010110110100111001100111
0110111001110001011101111111110010110110
1000110110111011000110001010001101000111
1101110111000100110111010010010111011110
0100101011111011111100111011011001010011
1110011100000111100101001001100110110011
0111111010000110101101101011010110110111
1101001010100111010101100111100101111101
1001011100000000100000110100010111000100
1000010000111001110110000100111011000110
1010001100011100101101011100101110000111
0001001101101001110001001101101101010011
1000111101001101100011011111111011000110
1111110010000100000001000100101110001010
1100111110001000100101101100101010010101
1000010110011010111010001100110101001011
0011011100111111011111100111010110111111
0000111101100010001001101101000101000111
1000000110100101110101100100111100101010
1101100000110001111111010001101100011000
1100100001110000011111100011010011000001
0100110110000011111100101110110101100011
1100000000111011100001001111001111001110
1111000011001110011100110001110000110100
0011100101100001100101111101101111101110
1100010100100011000100110111001110001001
1101010001010101110010011011000101011011
1011001101100101101001110000011000010000
0001000110110000011001000110100010101101
0010011000001100000011110101010101111110
1010111011110110111100111100111101110100
0011001001110000000000101100000110010011
0000011101110000001001100011111100000010
1000010100101110101111101010100001100110
1110010101110000101011100110110011001101
1011101100100110110110110010100001011001
1111111010010110101011001000011001011101
0111101101100101110011100001110101101100
1001101100000101111010001011101100010001
1100001110110001110000101001010101101100
0110110101011011001000101001101110110010
1011100001111001111010111011101001010100
0111011100100010100001100111100000000111
0110101101010001010011001101111110101111
0010101100100001010110110000100111111001
0000001111100000111100111010110100110111
1010110101001010100011001001001011000001
1111110001101001010111000101111100011010
1101001111101000101010110001011111011011
0000010010111100000110010110010110101111
1000011000100001100010110101011011111011
0000010001100100100000010010001010100001
1010000010011010011101010100000100110000
0001000000011000001111011100001001110000
1000010111010010010010000101111000000111
1000011111111011101101011000111011101010
1100000011011101010010001010010100101010
1101000000100110010010101101101101010111
1101110001011000000110010101110000100101
1010101101111101101011000111101011101101
0111110111011001101101110011010000110001
1001101111101101001011101011011111001011
1110000100111100110101101110110011011001
1010011011111010111000001101100001010100
0010000101010011011001110100101001000111
0010010110111011110000000110100110100011
0110100110011110000011100111011000101111
0011011001000110000000100010111110111011
1001101010001111001100000001101101110000
0000101100111000100011110000001011001001
0101100011100111000110000110010000110010
0001001010001111011111111100001100111110
1111100001001101101000100001101111010100
0100101011111011110101101101101111110010
0010100001111110111001001010110000000010
0111101100111001100101011101101100100010
0100000011110110110100101110000101100111
0000010100100100100000101000010111001110
1010111000110001011101101100011001010111
0010010111110010011100101001110001100101
1010111101000110101000111110011000001111
1111111010000110001010000110000001010110
0011011010101011011011001011001000010101
0110101110101001110110110001111011110110
1110001110011111100010001101100011111110
0100000111100010011010110000000110011100
0110001000010001101100111000110101001101
0101000101101000011011110111000010110111
0011010000011001011011011100011111000101
0011000000011110001100011001011000101111
0101111001100011101111110111011101011001
1110101001010010000100101110001101100010
1000000011011110001000000101110111101100
0011001010001000111001000110110111000111
0001010101100111010010100010000110100011
0110101111010011100110011000001110111001
1010100010001101011000101011110100111111
1011000101110010011100001011011100101111
0111011001011000110001011001100110011111
0000011110010111100111001001001010110110
0101100111010100010110010010000001101101
1110001110000110101101011111010001101000
1000010110110101111111100000110111000010
0000111001001001010101101001011001100111
0011110101110100000010110000101010000100
0101101001110010000101000111110111111010
1010111000111011100011100010101110101100
1110000101011101110111111110000011011101
1100010010101110011111100010110101100001
0010100101000111011001001010100100101010
0111011100110100000010001100001111100101
0111010011101011001000101010001101111100
0011111100110111111001011010110101001000
1101110101010000100010001111011010101001
0110000111010101010011101100011000101101
0001010011110000101100001100010000001110
1001000101111011111111000111100010110010
1000101111111100111111100110101101010001
1110011001010010110110111111001000000001
0000111100110010001010011010010000000011
1011001101001100000101010101111101000100
0111001010101001100011010010001111110100
1111101100010101110010011001011110011100
1100001100100010000001000100111011100110
0100111000111101111110110001010101001011
1000101101011011110111010011010101110111
0100101011010011110110111100011010110010
1011111010101100000000000100010001100100
1100101110011010011011100000001100101111
0111111011100111101100011100011110001100
0000010000010100011001110100011001111110
1010000010001111011101111111111111100010
0101011011110101101110111011111011011110
1011101001010000010111001110100101010100
0101011111101011100001111111010001011011
1001111100100000111100111110011100011110
0111010010111111101110100110010101100011
1010000111010101110100100110011000000101
0100110100011100101100100101001111110010
0110001010011011000110101100100110111100
1111101110000100111111010010011000110100
0110011111011011010110010111001110110010
0000111110010111011010011010011010111100
1111101111110001111011101101011010011111
1111011000101110001110010011100001010111
1110000001101001111111010111111101111000
0100101001100111100100111010111010110011
0011111110110110010111110111100000010110
0111001001110000010001001100001101001000
1001010101110110010101000011111101101111
1100001100010010101100010011111001001011
0101101001110110100100011000011011110110
1111110011110110001010111111100000100101
1011001000000100100111010001110101101011
0010100010100010101011010111001011101001
1010110110011011100000111010010100010101
0010111001011001100110011011010110100111
0110011000001110011111100101100000111100
0110011100111110111011110111000110100000
1111010101010101011100100010010100100100
1111000001010101101010010101100011000001
1111101101010101101011110001000011000111
1110100011010111000111001111111110011010
0001110011010111100011000100010011100110
0111010101110111000111010101111110011010
0101000110010101010110011100001111101011
0111100100000100111100100001110011001111
1000000001100101011000101110111101011111
0110010000101100001110001011111011010001
1010010010010010000001101011001000001000
1101010110001111111011010101000110011001
1111001111000000111101101110111011101110
0101100110100111101110111000000010001011
1000100111010011100001000101011001001001
1101011110001110101101001101111101111001
1000101010101111101001010101110111111100
0111010001011011001101001100010000000010
1110011000110011100011011010000001101000
0111010111010101011011110111100000111101
1001010100111011010110000010100101011011
1011001001100010000000100110111010010100
1010011111001101110100000001100101101000
0110011100101101011001101000001111100001
1010000000111110010110101111011001011111
0101110101001000100000000101110011001011
0100100011111011111010001001010000010010
1000100100101100001100111001000111010000
0000100100101111001010110110100010000000
1110000100010011110100001011010111110000
0110100110000011111010100100011100111001
0101100001000101001101101000101010111010
1001010010010001111011110100010011000010
0010110000111111011000101111001100000011
0001111100111111111110110000111001000110
1101010000110110111110101000010011011011
0111110010010110011001010010010100111100
0000001001100110111100100001101110011111
1011101010000110001101111000010111010101
1000000100011110010011110000010110010110
0101001000101000011011011000010100100100
0100001011001011001011101001111101101110
0001010001011111010010110111111011101101
0010010011000100000010101000001111000000
0010100000010001000101101111010101001011
1000110100001110001000011101001100111110
0010001001000111111000110010100101100110
0101100110011001001100001100110010101010
0000010100100011100000110011011000000111
0101011111101100000101111010111011010101
1111001101111001101100111001100101000010
0001111001100110000010000111000111100111
0110011011110101110000111110111101101111
0010111111001111110110010100010001101001
1101101010100001110001011110010000000100
1010010000100010001011000011010111001101
1001011110100110001101010110101000000000
1000110010100111100000001101000110001110
1111011010100010111001010110101010110111
0000010101010110101000000010010000100111
1010100010100110010110011110110011101100
0110110011011011101001111011010010000001
0001010110110100101011100000000000010011
0110110101111100001011000001110110010000
0100111110011000101010100110111111100110
0010111001011001010000111010000110010000
1111100001001011111101010101100011000001
1110000011011001100110100000010100010011
1000111010110100011001010000010000110101
0000100111011000111011110000000110010000
1010101010101110000100111101101011101110
0011101111101000001101010100101111100010
0001001110100010110100110100100101101010
1100010011100010100001111111011011100011
0101110000010111001011000100010000101100
1100101101100001011010100111100000011100
1011110110110010001011101101001011001110
0011110110000111001000010010000000110001
1110001110110101101010110011110101101010
0110011110111001100000011000110110101011
1111011110110101111011010001010101001101
1010000100110111001011100000100101111111
0001001000001100100000010111101100111101
1001000110101100011101010000011101000110
1101000000010110111000110100001110101000
0110110110011001111000100000001000010001
0000011010110100110110111001001111000100
0100011100111100011110011101111111111010
1010010100111011110001100011000100100010
1010001010110010101010010111101101000100
0101011000000110110000101011001111100000
0110011110101111100000111000011111000000
1001111111000100001111110101011111011001
0001010011010001100100010101001111000011
0001111000100011011011011111001110011101
0100100000100111010100010000110110110101
1111110011101100000001000001010101101101
1110011011100110100011101011111001101011
0100101101111101000110100100111000111011
1010001000010111001110100111001010111000
1000111110101101100110000001101010101110
1101010100000010101000000011111010100101
0001000110101110101111101101000001010101
0001111011110100001101001011110011011010
1000101001011111101011100000001101011101
0001000110011010000100111010101111111001
1000101110000110010000100010100000110000
1110111001001101100010010000100001000101
0100101110001011010000010111100010110101
1000010101100000000010011011110111000010
0000011000001101001101010100011010001001
0101001001010010010100000001101011011110
1000100000101110111001001101010110101110
1111110000110111011000110011110111100100
0111100100001000111011011010111001110000
0001000110001011011011011111000011000000
1101010111001101110000010001111001010111
1100110100011011101100110110000100111111
0110010100001011110010001011000001001000
0100101101101100000100011111001010101010
0100000100001110110101101101000011001010
0000010000101101110110001010010010101101
1010111110111011100011011011110110101011
1001101101011100011001111110101100111111
0010111000101000001110111111010111101000
0100001101110101101000111110110110000111
0000001001110001100100011110010001011100
0100010011110101101011100101111100100101
0010011100110111001111111101000011011010
0111100001100100101001001110010001101100
1111111001111010100110000001011011000011
0010100100000001011111111100000000010010
0111010101100100100111111110001011111001
1001100101000001111000001101101000001101
0001111111011000110011111101100100010001
1000010100001001100110000011111100101100
1111100100111000111101011111111111111000
0110100110011110011110001101100111101111
1010010110000110101001001000011011100010
0100110011100100001100001110110100000001
0011011011010000011110100111001101000110
0110101010010110001110101101010111100001
1001110000101110111101101110001001010100
0100100001111000000110000000111111111110
0000111000001101110101000100001001100011
1110001011110011111100110100000101110000
1111111101001111100110111011111000100100
0100010110111010111100101100000010001100
0011010110101011110110101101111000101101
0100000100000110011001111111110111110000
0010010001010101010100111001010011010000
1011000010111100001001100011111010110101
1001110010001010100110001101010110011000
0101101111001000101110100101110001101010
1110101110000010001010101010101110011101
0111000101011111100001011000000111000100
0000010010011011000010110100111101100000
0110111100101000111110010101011001000110
1111100001101100000100011101110111010000
1001101101000011111111101001101001101110
0000100011101010010111111010111111100010
1011000101000101100101101101100010010101
1111100100011000110110111100101101111001
1101011010011001011100111011001101101111
1100111000001100010011010100110001001100
0101001101111001010011101001010011000011
0100011110110101010001010000000101101110
0011011000100101011100011001011011111010
1001100100011010101110001100001000001110
0111000101101010110000110110111100110111
1101011110010001001010100111011000101100
1000100100000011100100001100101110001100
0010000110110101111100111010011000010011
1101001000110111011011011011111101100010
0100010010110011111010000000000010010110
1101111000000011010011010110011111000011
1101000101110000101110010110010011010010
1110010111000011010000101111101000110000
0100110100110110101101111110110001011011
1000100000010110001110100011111010100100
1111010011100001000011101111001111001111
0001010111111111110111100001011000000010
0110110000100001101110000111110110011010
0100011011111010111111111111011010110100
0110010100110010011110010110101000111111
1000100101101110111000110011101100011101
1011100000010100100000000100001111110010
1101100100111000110010001010001001101100
0110010100001101110100101001010010101101
0111000000000101111011000100000110111111
1111111110110010000111001011000110001010
1101011111100100110101111100000001100110
1000101011100101001000001010001000100101
0000011100100001000111110110101111100100
1101001111110011011100111011101000001101
0100010101010000101100110001011100011010
0010001100111010100001010000000000110011
0100101001000010111110111100100000111100
0100110101001101010010110000011101000101
1101000111010011111001111111100000111111
1001101000011110100001101011000100011010
0011010101110000101000101111100101101000
0001001111000010010110110110010001110001
0110111110000001001111000101111010100111
1111000110010000011101110011111110000010
1001010011001110011011100010100001101010
1101110010001110000100111001100001011111
1110010101111101001101100001010011000101
0010000010111101000111011110001000001001
0011101111010110010011011001000111100101
0111110100001001110011100011010011001001
0111111110101111011111110100000001001110
1100010110001100000001110101011111101001
0011100001011011011010011000111000010111
1011100010110111100010101011001111110111
1100111010010000010101001011111000110011
1100110001101100000000001110010110010111
1100010111110011001101110110111111010011
0011100110110101100100100011010101010011
1010011001001001000011011110100011000001
1110001000011111110010011111101001000000
0111000010011101010111010011000010001100
1110101111101111001101001110011111101100
1110010111101101001100110100110011100000
1000011010010110001111111000101100010111
0100000000011011001010001100111010100001
1101010000100001011011100111001100101010
0100001000111010010111111000111001010110
0000101111100000011110110000010000110111
1000101111011100101101000010101000101011
1111110001010011111100100111000001000000
0111111001000110011110101110100001101011
1000101110001000100101100111010101010010
0010000101000110110111111000011110100010
1110100010000001110100101110101111011011
1011101111010110111011001010010100001101
1111000101100111110110011001100110000000
0001000000010111000011101100101000001101
1100111001101010011010101001111011000000
0001101100001000000000010010000111010000
0111011100001011010101101010110100001101
0100111100011001100101000001101111010100
1000011101000000111100101100111011101100
1010001011110001001110011011001100110110
0010011001111111111111101111001100010101
0010100010010111000011011111010011000110
0111000111000110001110111011101101010100
1100010100110000010101010100000011111011
0011101001010101111010001111111011100101
1100001100011001011000010100101000111100
0000010111101010001101101000010101110111
0111101001000101010111001100010010001101
0111011100110101110100001101001010101001
0100101110011100000110110010000001100110
1000000110100110101010001001110010000110
0011010011001011110110010001011001110010
0011011001110111110111110111110100100000
1011011101101001101010111111100000110100
0010100111100010001101001001010101010001
0111110010111110111111110100001101010001
1100000011110101100001011011001101010001
0110000101111111011001100100000111111000
1111010011000000101110101100110011000110
0011000101011010010001010100000000100001
1011111010001000110100101111111010001010
0010110010101000010110100100110110110000
1110110110001110100111111011110101011110
1010010110100100010011110011011101011111
1100100111000110111100011011101011110010
0000001100101011001001001011011110001010
1110110111101111000111101000000011011011
0100100111000111110100010001001001110011
1010010101000111011110111011011101101010
0111111001100100101111010011110111101100
0110001101110010111001010000100010011001
1101000100110010011011110101000011110111
1000110011111011111000110110101011101110
1011001001010010100010011011101011001100
0110010010001011010000100010000001000100
0111001011110101111010110011010111000011
1111100010110000010000100111100110001001
0011011010000100010110010101110011111101
1010011011111101101010001011011100101110
0110111011101111110111011111011100000000
0010100011001010010011011000110110001011
0011110001000110000001101010001110011000
1011001101111000000001010010001100100011
0001111011001101101111100110110110000101
1010001011110100000010001001000001100101
0001000000001010000001001001001100001010
1111010111100001000111000000101010001101
0100101111101111111101011000101000010101
0001001100010011010000110010101000100100
1000001011100110010011011100100110000011
1111110100100011011010000011010110001100
1001010110100100001111100111001101011101
1001010001011011000010100101000101010100
1000010100000001010011101010011100010001
0010011100110111011110010101001010111001
0000100011000010011100000111100000001110
0101111110101100100001011010001011010001
0000001100010011000100000110100101110000
0110100101010011000111110101000011001000
0000100111010010011010110000110011001000
0000111110110010001000010100101011101101
0111101000100101001001000111000101111000
1100101110100000001011001101110001010110
1111011100000001001101000100001100001100
0010010110111101100110000001101101101010
1010001111111001101011111001011001100000
1111111011001101101000000111100100010101
0100011111100000100010011001101001000010
0011111011111111110111010100110000100001
1011110100011011011100010000001011111001
1110110000110111100000011111000011001111
1100100110000000011100010010101111001110
1001011110110110000000110101111000110000
1000111010111110110111111010110101011010
0001101100110001111001110000100001010111
1110001110110010010101001101111111100000
0110010001101111101011010001010010100101
0101001100100100110011011000110011010111
0111100000000000000000101100000110111010
1001101001000001010010001100011001101110
1110010100111101101101100110011101011001
0110111000001000000111111001100101001000
1011011011010011101001000111110001001111
0111001010111001010001111011000010111100
1001101001000000011100011111110010010100
1000110111001011111101000011111101110101
0001011011110111101011011110111110010001
1001011110010011101010011111110000010101
1001000100100000101000000110000110101100
1101100001001101111000000111110101100101
1111101000111000011011110111001011100001
1111011011010000010000111010111001111010
0001000011101000100100110110010111011101
0000110101010111010111010001101000101011
1001101000100010110011110101100000011110
1011000101111111000111010001110010110111
1010100100010100111100101011100011110001
1100111000110011000001111100010010101011
1110100010011000110010010010011000010110
0011111000110111000101001001101011111010
0001011110010000001010100100001001110001
0100111100100111000100010101110111111110
0000001100100000111000100011001110100011
1011011110110001001110010001100100100010
1111100110001100000010110010000000000111
1001000001010110000001111101101110100101
1010011010011101000010001001000000011110
1001110111011000110110101011111001110110
1000001111100101100010000110001011110001
0001100011110100100101001001111011010001
0001000011011111100001010111000101101000
0101001000100100100100011101000001101000
1011011101001110011110010011001011111110
1111001001110101011000111001000000010100
0111011110000011000110110101100010001000
1110011110000001100100100100110010100010
1110110110010101010000101011000111011101
0000111010011011100111111111011001001110
1011100110000111000101010110111110000000
1011101111011101010111110100100001100001
0011101110001101101100010110111101111100
0011100110101100001100000001010111100100
0000011100001100101110001100100111101110
0100110110000101010110000101110010000101
0111000010011101010110010100010000111001
1010101101110101100000110010110011011010
0001111100010100010101001111111100111000
1111010011001111000101010110101000110011
0101101101110011000110111001111101111101
0110010000111100111100000010000101101011
0001010011101001110010110101111111000010
1110111010100000101100111011110010000000
1010001111101011011000000101000001001011
1100011110010101000110110111010001111101
0000001000100010000011010010000011110111
0001001110111001100011001100001111010010
0001010100011101110000010111110110111101
1101111101110010000000101011000010000001
1100100011011011101010010001011111010100
0001100100101101010100111100000101101111
0110101001101011111010000001000101101010
1110001110101010011110001010000101111110
1011111010000001000010110100010101110101
0111010001110011000000010111110011001111
1110010011101011010001011100100010001010
0011011111011111011110111010101010110100
0000110010010011100010010100101101000100
1010011001011000111110100000101100110100
1011100101011110001111110100110100100000
1101011101001110111010100011010001000001
1011110010101011010010101100000010000111
1101001111011100110111110001000101010000
1100110110110111000000010101011011110011
0111011000010101011011101101011011111011
0010000100100011100000110010110000000000
0110001000110010010111111101100110100010
0010010001110011111111000111010111110111
0010010100111111110100100110100111010101
1101000010010000010111010110010011010101
0111000111011010001011001010111000111101
0001111110011001011001110010111011110100
0111100110111011101100011011001011001001
0100010101000101001111010100011101101001
1101010110001100001011011001110001101111
0100011111000010000111000110011111101111
0111010001110100001011000011111011111011
0101101101101010001010001100010001000010
1100001000100110101101010001000001101000
1001001100111001110010101001010100101100
0010010001000100100000010100111111101101
1010100100111110111110110100100101101010
1100101111101101110000101001101010111000
1101011000101110001011010111000011001001
0011011010101000111001011101101001101100
0011110111001110011110101100011101101000
0011101001100100011100100001000111100101
1101001011100110110111101010101000001101
0111011100101100101101001000100000000011
1101111001110011100010010100010001100111
1011111100000110010010111100111000000111
1001111001011111011010011111110100000001
1010110010111101100101110000000100011001
0111110110001101111111000010111000010011
0001100110100111101010101110001100011100
0001111111100010010101100000110100100110
1110000000000011000001011111111111110101
0101100000111010011011111001101101110110
1101100001010010010110010111000001010111
0001010110100110011110000101010110011001
0100000100010101101100101010110010011111
1100001001111111100001110010011001011011
0110111000100011011000101111111110110110
1010100111101001110001111111011011101110
0111111100101011110010000101101000001011
0100010100011010110001100111011111110111
0101000100011011011100101101110110101101
0000111001110001011101010101101011100001
0111111100001100100000000110111000000000
0111100100010001011110011110011010011011
1010101101110111110001000000011101100011
1000001101011100100110010001011110101110
1000010011001101001100111001001001100010
1011000011111110010000100011111010001010
0101010111110101110111110000100110001011
0100011110100011100001101101110000100010
0111010010010110100011110001001100000100
0001000111100000111001011011110110101100
1011100000011001010100010011100010001101
1000001011110001000001000111010001101110
0101001010110110011010111101001100010010
0110010100011111100011011000011011000100
0101011100011010110001000111010110101100
0110011100100001000011100111101110101111
1111001011000100000011011010110011110100
0010110101000110001101001101000101011010
1010010001100011110000110010010001111011
0110110110010110110111100100101000111001
0000011101101001111110110101101111110000
0011101110110100011100011011000110101101
0101000011111011000101011011010110010110
0011101101010111011110100000010010100001
0000001011100101111110001111111101011000
0111011101000101001100011100010100010111
1000001000111001001001111110011010001010
1101001001001000011000000001110001100000
0101110110000000001100101101101111111010
0001110110111001001001010111000100110111
0010010011000011010101001101111000101010
0011100101000011100110111101011011000001
0111011110010011100010101110010011110101
1100111011000011000000010001010010101111
0011011010110011101111111100110110000110
1101011110100101010001011010101111000110
1101100010101110011010011111000110000110
0010100010111111001100000100011010011010
0110000000011000010100100011011010100000
0011110011110101111100101000110111011000
0100111111011110001001110000110010001011
0101111100000010001000110001010010010100
0100000011101011111111000000011100111001
0110000111010010010010000001000110011001
1010110010001101101101100111000100111000
1111111110100011000101100110101100101111
1100101101110110111000101100111111110110
0111001001111101111100011111001110100000
0100110010111100000010111010101001101110
1100111100000101101100111110011011100110
0000100000011000101101011110110100110101
1000011000010110101011000010001101100000
0101000110100110101010110110111001000101
0101110101000011110000110100101010111010
0100101100001110011111010010010100110010
1011110100001010011101100101110001000100
1010110110110001000110110001011010110011
1000011010101001011011110101110111001100
1000101101000000110100000100010000111001
1010111110101111101111010100000101101101
0010011101011001000000010100000001011011
1100001101000111001101111001000011101000
0001111110110000010011010011101000100110
1001011101001010010111100011101101000110
1000101011011010010011011011100000000010
0000100001101010110111110101111011110110
0101101111001010101000101110100011101010
1101111001001100111110000011001011000010
0100111011111001110011000011011101101011
1110000010110011101101011101000110101110
1001111011101010100100110010010011110001
1111111011110100000001000111001101111110
1101001111101111110011110010010101000000
1111001100110100001010110111100001101011
0010010010010111101011000001110011011001
0001010111001010110111000001101011010001
0011110111000010010111100111001011100101
0010111100101010101011001101101111010011
0110011100101110101111010000110011011010
0010110101010111010000111010001111111001
0111100100001010001011001100011010110011
1000011000000101011001101111100011101001
1001110110101101111011100001011000000011
0100110010000000111100101010000101110100
0100101111011110100100011001110010011011
1011001100111001001011101011010011000001
1110100110111101010110111011111000011000
1100110001101101010001011111101110101100
1010001011111011000101110011000101011111
1110111111011110111101001101001011101101
0111001000101111110110101011001010010001
1001001001111001110101011111110110010100
0001110011100010010011001011111100000110
1001010110010001000010100001001111111011
0111001110111111000110010011010100001000
0100001000001010111111101010101101011110
1101100100001101011110101101011011110100
0001100111110011111011000000010000010011
0110010011110001011111100100000011000001
1000111011000111001111111110110101011001
1101001000000111111000000100011101110101
1000110100001100111101010110001010000110
0010011000101001111101111110100111101100
0110101000000110101100101011000101100111
1110011010100011000011000010010101111011
0110000110111010100001111101011010110100
1011011011110110100011101110110010110110
0000101100100100100010000110111101100000
0101010000011001100100100100011111111100
1110001101110010100011011111110100011110
0011001011000001000011000100010100100000
0100110111010011110111001110110011010100
1101010010100101111110010000101011111101
1001100000110001111000111111110011000110
0101000100001011100100000011100111010000
0111111101010001100110111010111110000010
1001101110101111110100011001010101011100
0111000101000110010010011001100011011011
0010001011111100111111101111010111111011
0001011000111100001100011001100110110111
1110101101100111100100011010100111011010
1011010100011110001101111100110000000101
1111000101111001100010101000100010001001
0011011110010100110010111100001001111000
0010110001011100100111011001010101010010
1100010110010001010100001111101011100110
1010110000001111011110011100110110011010
1001110111110000000011010110100111011100
1010010101010100001111000110110000010000
0101110101001100110010010110000111110010
0100100110110000100001101000100111110010
0111111101101010100000011101010111011011
1100111111100100000011010111111101001001
1011010101000100100011000100110011011111
1011000010110011100110011101011001000001
0111101111001011010101000010001001101001
1010011110101000111110110010110001100100
1100001011110101000001010010010001011001
1000101011001000000011010001110011110110
0010011001001001010100000001110110100000
0011110000111111110000001001110000010011
0001000110111110001010111100100000001010
1000000110100111000000001110000110010111
0011110100111000011010111110001110101001
1001111100011110110101101110011101111011
1110101100111011110110101011010110000011
0111110111110101100111000011100001010011
1100101001100000100000100101011100111100
1100100011110111101001000011010011010111
0101111001000110011010000001101111000010
1111101011110100101110111000101000010010
1001001110011111010010110101011101010101
0001111111000110111010110110010010101000
1101011110110010100100100001100100001101
1011011011000111110111011100111110111000
1000101001111000100001000000100010001001
0000011001111101111010100001101111100111
0101001111001010110100100000000110010011
0010111111101000100111010011101011011000
1000001101101100001010010101111101001111
0110011111011110100100010110001100000011
1010000101111100010101101010000010101110
1110100001000111110011110010110111001011
1100101110101100111011100011010110000100
0011101000111000001101110100101111011110
0101111010110111011110010101011111100001
1001110101110101001101001101110010110011
0101011010100000011101011100000110110000
1100001010010111100000011110110111100101
1000011101011001111001010000011011110101
1010010010101110010001110111001110001010
0100111001011000101000101100101110000111
1010110111110000100111101111001011110000
0011001101110111001101111101111000100110
1010101100100001011101011010001101000101
0101000000111101101000101000010001010101
1001010111001001010001010001010000111100
1000011110111011110001101011110101101100
0001111001111001011010100100111110010101
0001011001010010000000011001110101000010
0110010101001111001001001110110001011110
0110101101011100000001011111010111000010
0111100101010100001111110001000001111000
0000111010000001100000001011011011111001
0001000111011001011011011101011011110001
0111000111100001100111111010000010010001
1010010001100000001111110011000010111000
1001100010010111101010110001100011011111
1101011111101010101101000001010101011100
1011111000111000110000000001001111110001
1010000110011001111000100111011000010100
0110001000011011110000111010011011111101
0101110100010000000011000111010001000001
1000110011001101100010100010110001001101
1101011100100001000001101000001110011111
0100001001010011010101111001100000000000
1000100101111110000000011001001001100110
0101001101010100111011001000011100101000
1101111001101011011001111110100011000110
0000111010101101101100010011001010011011
0010110101100101010001010100111111001111
0101011010001000000010110001101001110001
0011111000110101110001111000110101001010
1110001011101111101111011010000001111000
1111100011010100010111010000011011011011
1111011101000110010010110001111100101111
1011001001010010011000001100111000000000
0000001100110010011001111010110111110101
0000011110010011111010011001100101111000
1010001000001100001111001110011100011111
1111001011001101010110100010100111101100
0111110111101010111100110101011111011011
1101110100001110011111110101001101111000
0110000111110110110110010101011111001111
1001000100010001110011010111111101001000
1001111011110100010101010011010100110100
0001000101000101100100010001000000110101
0011101100101100110000100111000110100100
1000110110110111000111110010101100101100
1000100100010110011001101000111110001010
1100001000001001010011000011110110001110
0011001001110101101000001111001010010000
0101011011001100100000000000010100110100
0000100010010111101110001000111110100101
0000011001001101001010111100011011000101
1011111110011001000101111110100001010101
1100101010101111011101111100110011001110
1101110101001101000011000011101100100010
0100010101010010111101101100011100111000
1101000110010110110001001001000111001010
0100111010101111111101011000001101010001
0110000110000100110111100010001001100010
0001100001110010011000101100010010000110
0111100001000010101011001000100001111001
0100100010101001010100000010011101110001
0110011110100110101011010010000100000010
0000100101010001111011011100011011001110
0111110110111001000110011000101001010100
0000010111011000010101000011101110100110
0011111000001110100011010011100111111001
0100010110100000011011111000100111110011
0000110010000001010111101011010010111001
1110100001110001000111100011110010010100
1000110000010000010110100101100000001111
1101110010000011010100010101011100000101
1111111000010100010111000011110000011000
1010101101011110101011111010001110100001
1111010100101001101000111011110110111111
0111101111011010010011111101101000011101
0101111011000000000100100100101010000001
1001111100110100110010001110111111000010
1111000011101010100111100110000000101010
0110000010100010110110100001011100111000
0111000000101101011001000011010000001001
0110101111010010110101110001000110100111
0110110010010010101001100111111000110111
1111111100011111011011011001000111000000
1100110111110000001111101011110100000010
1111011101010100010110001001011101111110
1000110100110010110001111100100100011111
1111111000110101100000111011100000011100
0000010000100000010001111110000001011100
1011110111000010010010100011000110001001
1011101001100100101000101101001110110101
0010111011011100000100010000110010011101
0001011000010011110011110110000000101010
0110010101110010001110100011010111010111
1000101101110010111011000001110101111101
1111101001111111011100011110011111011101
0011110100110101110111001110000101010100
0100101001100011100011101101101011000001
1010110100100110001011100110101100011111
0001100010000111011001010100110000010100
1110100001001111001111000110100111000111
0110110000110011010010110100100000101010
1111100011010101101100000100000010010000
1101011000111101010010011011110010010100
0100101100001001110010011101100011111100
0000000100101001011101011010000011110101
0000001001101010110010000110011101111010
1100100011000010001100001100100010000010
1001100100000000100100000010111100011100
0100001010011011110111000111011111010111
1111100001100011011110101111010001000100
1100111111100011110111111110001011101101
1100000000001000011011010100100011111100
0111101110101010100101111101100010101100
0101100010001110101111001101001010001010
1011100111000100001111111110010110111111
1011001010100011000010011001101011010011
0000111101010111010101000110000101010011
1110010110101011111010011011010100001000
1001111010100011101000100001101111000010
0101011011000101110011000011100100100000
1000001010000110011010001110000100100101
1010001111100010100011100000010000001111
1100010111001111011111001001000100111011
1101100110110001100001100011111101111010
0010011110111111011000110101101000000110
0011011001011100010001011011100010111010
0101100010110000101100000101011001010001
1010100010010110000011100101010110111011
0000001111000011011111100111010011011100
0000000111001001101110111111101100111101
0001111101111100000111111000010010011110
1010101101111000001101100001011001001110
0110000000101010101111111111110011101101
1110101011000001010110001100110010100001
1011101011000100001110001010100010110010
1000000010001101100110100100010100010010
1001111100000010100000111010101001011111
0011011100010111111001011010101011001000
0101001110111100010001000000001010001100
1101111100100100101010100111000100000001
0100011101000001100000000010111111011110
0000110010100110110100010111000001001011
1110101011001001110010101010010111010110
1000110111011101001111011110101101100110
1101000011111101000011001100011100110111
0111101000111010000101001111000010111110
0111000010110001010010010011100110101110
0111100111100001110111100000001001000100
1111011000011101010000110101000010101100
0001101001101111010110000000100100011010
1101111100110001100100011010111110010011
1000100110010001011110001100010100010010
1011001001111111001010101011110011000011
0101111011110111011100100111011000100101
1111101010000000010110010010000100010111
0010110010000101000110111010000110101101
0101011100101010100010011110100101010100
0000011011110000111101010011011101001111
0000001101011010001111100110100101100001
0011100111010100011100111101011000001000
0111000101111010100011100101000011110001
1110101110101100110111111100111101001111
0100001000111001101010100101010110100101
0101001010101001110110010100101111000001
0001001000000001111101100110000100100111
0010011101011011001010010001100001100100
0101011111000100011011000111100100001011
0110100011001100010100100111110100101110
1100110110101000001011001011010000000000
0111101000101100100101101011011101110010
0011000010001111100110000110000000010100
1001110001101011111010011111011010011100
0011101010100010100111100110001010100110
0101011111000001011101111001101110110111
0011000110001101000001000001010101111000
0011111101100111111000010000010101000111
0010110101011010100101011100010101011111
1011000011010000100110111001011000010101
0101011111000010011111111000111111011001
1100110001001111100001011000100001101011
1011110000011101001111010001001100011011
0001111101100100110000101110001100110100
1111100101100011100111101101100101100101
1011101010110110100110001110111110000100
1000100001000000011101111100110000101100
1010011110001000111011100100110100111111
1000011001101110111100010001001101111010
1101010001110010101001001100011001111111
1100000001100010001000101111111110110110
0011101010011101110100011101111110000100
1110001000110001110011110110111110101101
1011101100011011001100100111011110011010
1111100000110101000101100010100010010110
1001010000111011100010111000110101110101
1101001110110100111100001001010111000101
0110000001101000111101101101001101010011
1011011011110011111010011010010000101001
0110011011010011011011110100001001101101
0110100100011100011110011011001001000000
0100111110110001010001001110111101110100
1000011101000011000100011111010111100001
0111000000111011000111011001110010111010
0011011101111001111101000101111010010101
0011100001000011111110001111011000110000
1100000011110000111111101110111000000000
0010110001000100111100110110000101001001
0001001000110000111010110010010000000001
1101000100100000110010000010011101001100
1011001110100111001001101111110101011110
1111110111011000110100110110100100100010
0110100011011001001110101100010101000110
1010010111110100110111000111100010100000
1100000000000010010011100001010011001101
1110010101110110100000110001100111101000
1111110100110011111111110011001011001101
1000001010001001100101000110000110000111
1110001110110011011001110010001110100111
0100100100011011110011000110101111110101
0000110000000111010010010010010011101111
1110011011100111011010011111011001010001
1110111010110010111011101010011110101111
1001111000000000101000010101010000111000
1100111011101000000001100000011011010101
0011101000011100011100010011011001100011
1100011100001110111101111010101011010000
1001110110111011110110000111111100101101
1101100011100001011100101101000110110001
1011010111011000111100000010000101011100
0001110000111101110101011110011111000010
1101110010110001111001110101110000010011
0111100011000101000110001100110111100011
1110011111101111110001011001100101010100
1110111010101101000101000100101111101010
0111100110011011110000101111111001001001
0101100000111010110100101101001110011101
1110101010001111010000100111011100001001
0110100110110011100000011000001010011101
1001110010010011000001001011110110011010
1001010110111110111100010001000110100101
0000010110010111000110111111001111010001
1111111011000010101111011100111001110010
0011011101010000001111100011001010111101
1000110010011100101001011100100000000111
0101010111100001001000110011111000101011
0010110111101011100110010110111000010100
0001110100111010110011101110010001100000
1001111110010011011100001000010101101110
0000111111001100110000010011110110110001
1100110100100111001011111001000111101110
1100011101010011110000100001111010110001
0100010001010001000110011010111001011010
0010000100101100000100100101010000100100
0101000110000110011001111100010001111011
0011110001101011000000101011101110110101
1001011010101110111110011001100011001000
0001011111101001000110000101101000011000
1010010001111001101100101010110111111001
0001011100110010000110000010011111000011
0011110010000101011010010000010111101000
1001100001011100001110010110011010010101
0010101010111101010001011101011010100111
1000010010110110011101011111000100110010
0110110000001011011111101100110111100001
1011110001100100110101010111110011000110
1001110010111101000001000000111110101011
0001001100010110011100000000111001111010
0011101000001100001110110101001000101001
0001000110111000001100011110100000010101
0001000100111110111110101100101100111101
1100100010000010101000001011110011110100
1011010111011001001111001001100111010110
1000111000000100110011000111011110010111
1010001100100000010111110110100010001111
0010001111100000011101111111100010011010
1000011100011000100100010001000100110101
1010100011011000111100111000111011001000
1111110101010101110110100111000111101111
0000010111111110101111000001111110010100
1110101001010011000111111111101000011010
0010001100001110001010011000100111000111
0111011110010111000000110110110101001000
0001110111110110110100011011000100000101
0011011101100110011001110011001000010110
0000110011111111101101110010001010001110
1100001010001111011000010001001001000010
1011111000100100110011001101000001011000
1000110101100111001111101110010111111010
0000001001101111111010001000101010010010
1011000100100101111001111100100101100010
0111100100000101010010110100001010110000
0111011010001100001101011110101100011110
0111110000100011110001001011011011110001
0010111100111011000110110011000110110011
1111100010000111011000110000010101011001
1110010000100000101100101010110011010010
1010010001001110001001010001000111101101
1110001100111111100001000001001101111101
0111110001100110111000101001111111010101
1110100100110010000011111011100000001010
0001010110101001000111010100111111100101
1110000000100010111110110011100110011011
1101011110111010110010101010110001111001
0010011011110111101000010111010001111110
0100011011110101110111111001010111000011
1110101100000011100001001111010001001100
0110111111000111110001001011111110100001
0100110110101110011101011011011110100100
0110010000001000100001100010001111100111
1111101110011111000001000011101010011111
0111110110110110011010101010110001011111
1001101010000000110000010011001100000110
1110101110100101011011011010010100100001
1111111000011001010000100111010001010000
1011001000001010011000111100110111110101
0000011100010101101111100010010001000111
1110110001101111100110111001100111111000
0100100010001000110001111100101000110001
0011101001010000101111110100111001001101
0010110011100001000111111010101101110100
1110010111001010001001101111011010111011
0111010001011110110011010101000010011011
1010011000111100011000111010010001010111
0110101100011111101111010010111001001100
0011011111001101111011011001110001110101
0001101001111000110101101110010111000110
1011100111000001111111101011100011010000
0000101111110000010100110101111100111010
0010000111110001010101101110111110110000
1000101101000001010010111010011001011001
0000101100010010110110110111111101101100
1010000000101100111000000000001110011101
1011100000101000111000011010010110110000
0010011001001010100100010001011011110101
1111101011001000000100110111001001111011
1001111110110100011001000001111101101111
0111111110100011110110010010101110000101
1001100110110100010011101100101010101101
0111001101011111111100111001111011111001
0010100011111111110100011101111000100110
1110001100011100111100011011111100000100
1011011001101001101011001110100110000101
1111100010110101110001111111101110110000
0111001011001100000010100100110110101111
1101100111011000111010001101111110101010
0011011000101001000101101000000111110000
1100010011101011011001001010101011110110
1101111000101100111100000101110111101100
1010100110110111110011111010001011110010
0011001110001110001101100101100000010111
1101100000000101100101011101000100111001
0100111110011101011111101000010111110101
0110111001100011111111010010010110001010
1110010101010010100011001011101000000110
0001000111010010110001010111110011111110
0010011001101100001110011010101010010111
0010100011010100011110100100001111001000
1101010011000011000110111111001110110101
1111010100100100100111111111110110001011
0010010001100011000101000010011111101001
1111100110101110000010101000110111001101
0100110000101000110000111011101111010010
0110100000111011101101111000100101011110
1111111101000001100010000011000110111100
1100111001011000001111010001101111110100
1100011111110110111101111110111100011111
1001001010011001110000001101010010111010
0010101010010100111100000110101011000111
1000010111110110100001110011010011111001
0011001110001111000010111101101110010100
0010011011100100110011100001001000111000
1100101010100110011011110001000110011100
1100011010000010011010010001110000011110
1110100111111110001111111110011111001110
1100110101010000000010000100110110111000
1110011010010101011011011001010101111000
0110111100101100000101010101101100011011
0111101100001000100110010000011000100101
1010011111000111101010010101011010101111
0110011111001101110111010111000100101001
0110001111100111101000001101010110001011
1000111111100101001001110110010001101100
0001000011011101010111100110010001111000
1001011101000001100111000111000111101111
0000100011010110010011111010100100110100
0010001011001000101111111001110101111100
1111010100111001010100011111010001001010
0111010001100010100101010111010011010011
1110010011001011010100111000000101101011
1111100001011101110100111111010101001010
1111000111110100101111001001001101001001
1011100000111100110001010010100101011111
1110101100101000100001111010001101101011
0000101101010111000001000110101011011011
0001001111111101001100010111001101011000
0110111101101101010100000001001101101001
1101111101010000101111111001010100011010
0001110101000101110001100000100111111100
0010010111110000100001011100111101011101
0000110111110001000010000000110110011010
0000101000001011110000111100100110100101
1010100000100000100011111010110110111001
1001000011000011110111100010000011111011
0001011001110101011100100101100000100100
1011101010110111001001101011101000010001
0111011110100010101011010110111000100111
1010011000010001010110110001110101101000
1011011001001101100001110100010101101011
1000111100011110111000111111110111000111
1101110110100110100000010011110100110110
1010001011101000100101010011010100001111
1001110110110011101111010111101111100101
0100100111010101010101111110010101011100
1011111011010011010010100111001011011110
1111101001010001110100111000111010110111
0110011101010101011110111001110010101100
0010010110111101010000000110111000011111
0001100000010110001101001110000100010110
1000101101010110111000111110010001111111
0111111111110111101010001110010001000110
1101010110110000011100101000011010111110
1100001000011110010000001011001110110111
0111111010111110000101001011000001001100
1110011100111101000010110100110001010110
1100010010101011111111010000101101010000
0101100111011110101011010001111001100010
0111111111111001101110101001101111001111
1001011000001110111010100011111110001011
0100110100101011011001101010101101110110
0001110011101001101110010111100110010010
1100000011001011101111101111100010011010
0011000010000100101011111011100101110000
1010111010011001111001101010110000111110
0000101100010011010100010110101000100000
0100111110011011011000000111100100011010
1011111010100000110101100100111010000110
1100111101100010010110000111111111001001
1011001111100111011101010000011010011110
0011101001010100110101111101111001000000
1011100101100100000000111001001101011110
0001100110010100111000010111010001110100
1100110000011110010001110011101001111101
0100101010000111111101000001010010100000
0111010100000100111000100010011001101000
0111001111101011010011011100111001010110
0111101101100110110101001101010111111111
1100001011111011010000000010110011001011
0100110111001001100110010011000111100011
0101100111100100101101011000000101010000
0111111100110110101110110100000010110001
1110101100011000011000111100001001001100
1001000100000011111001101011011101100110
0011111000101000101001100011101001110011
1011010010001010110101011110110001101110
0010001001110000110000011111001101101010
1100001011011000010010111001000100110110
1000101110001110011110101000001100001010
0110101001100100000000011000010000101000
0001111111000100111011111010011011111111
1001000010010010111110100011101100001010
0000000011101100001010110111010110001001
0001100100110110110111100100010101111110
0101110101000101001101000101110001100001
1101111101110101110111000000001011000100
1111100110110011001000110101010000001100
1010000000101111100110010110101111000011
0110011111001110000111110100110010011111
0011100010000001001100110101111010111101
0101011110011000011110001010101110111110
0110110010010011110010111011100111000001
0000001000101111010001101101001010010100
1000011100110000001111111000010000100011
0111001110100010011101000101001000111100
0110001011010010011101111101011101010101
1111010110100011001110000010100101010011
0001011101101011011011001010110010111111
1101111001010111110111111011000011100101
1010001011111011100111101111111010100000
0001000101111001010101000100100000111100
1011101100111111101101111101011001101011
1000010010100111111110101001001001001100
0011110001111101100001111110010101111001
0110110001101010001010011110101100111011
0001111110111000110110011110101100001001
0101010000011011010000011110110000110110
1011111111100101101001010100010011110110
1011111011101111110111111100110000011011
1101000110110011110110011110011001100110
0011011110100111001111001100100110110111
0000110100001110110010111000110010100000
0001000010111000011100110011100000001110
1000111110100010100010000000100101110011
1111011010000101101110001010111101101001
1001111110110100111010011101010010111100
1111011101111011010000110000100000001011
0000101000011100111011001010000100001011
1010101110011110011001101101101101010110
1111001000001101010000010010011011100001
0101100010111000101001111111001000101110
0010010110001010000101000011001110000110
0100001101001011111000111100001000111101
0001011011100001001011011001011011111000
1001110010100110000010100100100101111111
1101110110100010101111010001101101101110
0011011110001011010011011101100100111111
1110011010101111100111110000001101000010
1011100010100001011010001010011010000100
0110110110000100100001001000001000100000
0000111001101111111101101011011000100110
1111010111111000010110110000111001011110
0101000001010111001100000011101000101010
0110100010100001110010010110001110000011
1111010110010001111010011001010010011100
0001011110100001011000111110011100010100
1010111011011011101101010100001000010000
1000000011000000000111110110101100001001
1011111001111111111001111000110110100000
1000010010101010000111001111010100001001
0011011111100001111010010111010000110000
0111111000110100011111011110001010011000
1010101000010010100000011000111101010000
0010000110111101111100111111110010001010
0000100100000010011110110110011101001000
0100111010110010100000101100001111110000
0010011101110001111001010111011011111011
0101110001100011010101101110100001011110
0000101011001110001010000010000110110000
0101101011010101000100100110000011011011
1010111010010000001010111110111000111000
1010111110110010100011000011110011001101
1010101101111110100111010000000110010001
0001001100011011011101010111110010101101
0011011101001011000100000011111110001111
1000010001110110111010110100000010010000
1000011100001001000110010110111010111101
1100001111101010101001110101011010011110
0101011110111110011101001101010001101100
0101111101000001001111011110111101001010
0110000010000001010100000101000111101111
1100000111101101011011100001111000010001
1101100111000111101101111001111100010111
1110101010011000100101111101000101111111
1110110111110100010011110101000111010110
0101101110000010100101111001110110100100
0001110101111000100111110100010010111111
1101011001101011010001100100111000011111
0000000010011111110101011010111001000101
1111001110101010111011100101000110000001
0000011010111010110110011110000001010010
1011001001001111010010000111111101000001
0111101111011100100111001001100111000111
1010010110001110000111100000010011000101
0101100111111100010011010111011010111111
0111010011011111110100001101011101011110
1100010100000101111000110101111000000010
1010100101110111101111100111100011011001
1011100110010011110111000000100010100110
1011010000010101010010011011100000001101
