40 2047
0111111010000111111001010100000000111010
1000101010110010101110100111111001011011
0101111000000001101011111000000011100011
1111111001101101111111110101011101111110
0001110000011010011101111000000011011111
0110010101000010010001000110100111001000
0010111100001010101111100010011010000110
0010010010000010010010001001011011000000
0110100001101110110011111110110000101101
1000100110001001000001111101110001011010
1100010011010110000101001010111100101100
1100010001011111011100011100000111111100
1000111100010100001111101100010000011111
0111011100100001101010001010111001100011
0001101010100110110110101001100101001110
0001101010000101101101011000010101111110
1011101101011011100011010101010000111011
1101001001001011000010100000000111111100
1001011100000111001111011100001011011101
1111101001110111000001100100111011001111
1101110100110001010010000011110100011011
1001011011010111100100000101001111110001
0001001111101111000111011100110100011111
0100110110111011101101010001100111001101
0111110011000110000001010100100101010111
0001110011010101010001000011111011010011
1100011110100111000111100101101010001011
0100010000110000001001111001110101010101
0100100010011000000101101100111101101011
0001100011111100001100010001110101110000
1010100110110001100000010001001001001011
1100110100011101111100010011111010001111
1100011101010100000011110100011011010001
1000001001010100100001011010010111011101
0110001110001101110010001011001011011001
0000100101100111101011010101010011001011
1110111001111101010111011100010110010001
0011000001101100111011100000101101111100
0001101111000011000111001010110001100011
0000111110001100000111011011000000000110
1111110111000111100000111011001100010110
1001011000101001101010111011000101110110
1011110111011111110111011000001110111101
0101100001011100000100101011011011010100
1000010110110000011100100010100010110011
0111001110100110101000011011101101010011
0100101010001000001101111011011010110000
0100111101011111111010110000110110111110
0110110100010010000100100110010111111100
0111100111111001101011000110100011011110
1111101000111011010011011000111011011011
0011011100010100101110101001000100011111
0010000011010010100100001101111110101111
0001010111111110111101001100011010010111
0011011011010101001011000010101100111100
0111110001011101000101011011011100101001
0000000101001100111010011111101101010010
1100011000011010110100110001110110010011
1000000000010111000010010001000100101111
1101000000100001100000010111100001000011
1111011101110111110100010010100110100000
1000100101110011000110100010111111010100
1100100011001000000110000110110001010101
0110111011001001100110100101111100010100
0111100111001100001100100011100100010100
0111101100101010111101100010000110001010
0011000011111110110111111011011100000000
0001100100010010100000010011101001011110
0000001111100110100001111100010010000000
0000100100000001111101100100010010001011
1111100001100111101101111100100011001011
0111101111011011001110101011000101011111
0011011000111101011011111111010011001110
1011001011000000011101111011001100010110
1101000000001101111000111011001010110001
0010011011101111001111100101100000101101
0100111001100100010010000101001011110001
1001011110011011001101110000111100001101
0110100010001010001011111010110110011000
0101000001110100001110001010010100111111
0110011100001110100101011010010101000011
1100101000011111010100001011100110000001
1110101011000101010011011001100100110001
1101010001000110100010111000110001101110
1011110001111100001110011110001001110110
1011001010101001101100001100100101101010
0110001011100110100101010001001111111011
1001000001010101010100010001111000110101
0100110010010110011001101101010010001111
1010111101101010101111001100100110111110
1110011011010011000011010101000001110110
1011010010001011001100010000010110010100
0000011100101111110110110000010001000100
1000011000100001110001000000100100000100
1000111110001000001001111100001100011010
0101101001010101011001110010110101000101
0001110011101000000100000011111000001110
0111100000000011011110110111000001011011
0111100101001101110100110010011111110101
0101101010111001011010010001100010110011
1110001111011110111001110001000011011010
1100101011010010001000100000010111000110
0101111011100011010010110111011011001011
0001011100100101101101010001000001011110
1101101111011001010110111010000000000010
0010111011011100010010001000000111010000
0001000000000110011001101110111000111100
1110011100110110110101001101100011001100
1110101001110011010001111011001101101110
1010100001000011111010101000010100011000
1101010010000000111011111110101010001101
1000111000110111111011011001110111101100
0110101111001000011000011111111001001011
0110001100100011010111011010101110011001
0100100001010110000001101101111011011011
1000101000001001010111101001101101101100
1001110111100101010000010011000110101010
1100110110101110111011001100101110100111
1001011010010000111010110101111000011110
1101110010111111001110000110110010001011
0000111101011010101001010101110101111010
1011010000011001001000010011001010100101
1001111001010110011111111011101101111111
0010000111110011100110100101111010101001
1101000110100100110110000110101101101000
0001101100110001011111101001010011010011
1010100001000000010000100011000111101000
0111011001100110001100111001001001101010
0011001100111001100110000011110110101011
1111001100111000110010010000110000101100
0010011001110001100101111111100101010001
0100010000001101110011001001111010110010
1010101110010111110010011010010001001000
1101110001100001000111111010111011000011
0101011110110000010100001001001011110001
1001110011001111000010110001000101110001
0110100000000110011000011100010010111000
1111010101000001011011111100011101101100
0011011010111001011111010010110101110110
1110110110000000011100001111011110111110
0110001010111101000111101000100110000111
0001100011000111011101000001101110010110
1010110110010011000110000110001111011111
1101100001100110101101000111011110111111
0001010011111001100001000101000110001011
1010010010100100010100001110000100100001
1111000001010010010101011101001000110000
0001001000000000000000111000011001011000
1011010101001111100011001100110110000100
0000100000011001101111101111011001010001
0010110001100100010111010100001100001011
1000010111000100100110110111111111110011
0110101110011010000111011001000001000111
0010101110100101111000000000100101001000
1110000000000001111010100110110100100100
0110101110111100010110001100011010101000
0010010111101101101111010101101001000111
0010101111001001010100110001010010101111
0010010111101001110101000110010101110000
0100001100011101010111101011101110000000
1000111001101010001001001100001001001000
1011101100011101111100110010101001111011
1000101110011000010100110101100101011110
0000111111010100001001001011001101010111
0001000100111011101011010001010010000100
0110001000011110001000010110101111111011
0010000011011111001001111110010111110100
0100010010011110000100000101111001100111
1101010000000101111100110011100011001000
0010101001100101100010001010101011010011
1010111011101011100011001000110000000010
1101110110011011101100011101001111010001
0011111111110010111100010010111001000001
1101111110001011010000101000110111010001
0001010101000011111000001011001010010110
1100100110001100101110010001011110011101
0001111100100101000110100000101001011100
1100100010000000111100110101010010001011
1110010101010011100100101100110101110100
1011101011101110100011001101110001111110
1100001111010011110000000011011100100010
1101100100101000111011110100101010111011
1101011011010001110001111001010011001100
1010000101010000110001110101010101010000
1100001000110110001101001110011110000111
0101010100001111100001111011100010001100
1100111111111100010111010110001110110110
1000100101000100100011000000000110100001
0101000111001010010001011100000001110001
0011000100011110100000011101000001000101
0110000001001001011000111100111010100100
0000101111001101101011000111001000011011
1111001011011011001111010100100010111000
0010111001010001110010001000011010010101
1000100001101011101110111010101000101000
1110001101000111010001100100011110110011
0011111110111101011010111000001100101101
1101010100100000000101101001100011101010
1011101111110011101111100111101100101010
1001000001100011010001101001000111011101
1111011111000011010101100010001111110011
1101111110010101000100001101011001001100
0111001110110101110111111110110101101101
0101001110101110001101110111110011010111
1111010010110110010010101100100111101100
1100101000010110111100010101011101111010
0000101111011110001110000111011000111101
1110111110111110101011111011011110111000
1010101101100010010011110111001010000101
1010111101111101110011111100010001111110
1000001101101010011010100111000111000010
1101001001010000010010001101100011011101
1011111000010110111111001101010010011110
0101111100110001110011010010111011011110
1110100011000010101100011110111000001101
1001110110101001101010111010101100110010
0100000101110110100110110010011101011001
0010110000111000010010001001100100001010
0110111011101101111111010110111010000001
0001001010101010000010011000010101110101
0111100100010001000110000110111100111010
1000000101101011111010110100101000000101
0000100101011111100100110010000101100100
1010010100101111110011001010000100100010
0001010100110101101111101011001010111010
0111111011000110000100000100110010000000
1101010000101011000101011100010100111001
1001111110001101000011111010010101111100
0000001010101011100011011111010111101101
0001111101010100001011010011001011111011
1101010111111001010100110001111111110100
1001000101110101100100000000011110100100
1001000111011101001111101000011001000001
0111010001111100000101101001010111100111
1001110110110100010011011101111111000111
1111011011011100001110111010001101000111
1110100111010111001101100110101000100101
0111010001010001001010000100100111100111
0011111000101100111100100011111111101101
1011001111100000100000010100000010101110
1100010110010111111011110111010110010011
1001101100011010100100111000111100001010
0110001001101110000010001011100100010010
0111110100001101010001001111111110010101
1001010001100001110110111110100111110111
0000101100111010000100100010100111100001
0000111110000001000010000101010000001001
0011101111000010110001101001001011010011
1100000001101011000011011011010011011000
0100011101000001001111100110000010110111
1110011000101001001010111000001010110101
0000000010110100011111010000110101101110
0111101100101000000100000000111000010000
0010001000011010001101011001001001010100
0010110110100000011100110101001011000111
1001111000001011000001101011010000100001
1011001010100011111010111100111101101110
1111001010110100110101111001000111101000
1111011001011011011100010011110110011001
1011000100100011111100010010000001100111
1110011111100000101011110101101000101010
0100110111010001011000001101001001111011
1011001100101111000010110010101011010000
0001010011001110000000101011100110010001
1101101011111111101010000101111011011100
1010010001100100001011000101100011011101
0110100000111101000101010111010010011110
0110110001101000100110001110110011011010
1010000000100101001101110100000101011001
0001000000000001000010011110100110011010
0101010111000100110000011100011111000101
1101000001111010110110011000001000111101
1011100001101111110011111100010101010111
0110110101101110001011110110000101010001
1100011001110101011101001100101011010100
1101110101001110111111100001001010100110
0110111000110010111110101010000010100001
0000000010111111010001001010111100011100
0000110010110111011011011001111100111001
0101011001101000001010101110000110110010
1010111001100111110100001011110100110110
0101111101011000000010110010011011110100
1010100110101001111000110100010000010000
1100101000110000011101010001010001000111
1000110011001101000001111000111000011100
1111011100010100001010010001011000111001
0111000110010111011000110001111011110001
1011010011101101011101110011101100101011
0010011110010000101111101110100110100011
0111000000000101000100111100000101110111
0101001110110000111111001001111111001001
0001101001101101010010100000101001111101
0000011101010001011111110001010100111010
0010110011101110110011001100010001111111
1010000101010100010011011011001100011001
1110011100001001000010000100101011010000
0011000101111101110111001001111001011011
1101100011001001000011110110001101110100
0000100010001110011100100000011110010100
1000111111101001011110000110101101000100
0001100101101000001100011000111010011001
1100010010100011011100111100110100001101
0010101100100000010000011010011001000011
0101011100111001001010110000000011101010
1000110010110001000010111000110111111101
1011101100000001001100101000100110001100
0010011101010101100111101011110010001101
1011100101100011011001110010011100101101
0010011111110010110000110110111100010101
0101100000110101011111011010101101011010
0100010000011010110010101010110111110111
0110110111011010111011011000110111110101
1100010010001100100110010010010011100000
1011000111100101110101001100110011110110
0110100101010101110101111000111010110011
1101001101110001011101001011000010010111
0011111110101101011001111101111110111001
0000000010110010000100001000101110110000
0011100011110010110101010111111111110010
1111010010001111101101100100101110111110
0000100110000001100101001100001110000000
0011101001000111110011011111000111100011
1110110101010000010011101100100111110101
1110000011110010000101011101011011100010
1101111011100110111000011011000100001100
1101001011000101110110111001001101000001
0010110111001110101111011110011010011110
0111101000001111000100000001111110111011
0001011100101010001001000110011101100100
1100011001101000000000000111001100001010
0100000001010010011000101111000111101001
0010100010100100100001110011101010000110
0011011110010100001010100010000101011000
1010011111111111110110000110111111100110
1010010010100010000100001011110011010001
0000101110011111100000111101100100111110
1001111101100111000111110111011101111000
1011000011001111110101000111101100111000
0000011101110100110100000100101100101111
1101011111100001101011010101010111110010
1100010100100101110010101001100100101110
1110011010011101001101010010101011111110
1010110101000011010010101110111111111100
0010100011010101111100100000101110010100
1110000110011001000001100001000000110000
0001000011010001010101000000010110101110
0101100111001010000100010000001101001110
1100100110101010001000001001111101000110
0001011101010011100110010110101010110101
1111100010010001001100010111001101111010
0100110001110011010101011010011100110001
1011000100101101101110001001010100101101
0100111101101100110000010010101001110000
0100001010101011001011001000111000011110
1110111100110110111001111110110001101111
1001110100101111000011011001111000000010
0000011000000100001010110110011011101110
1010011111111011110011001011111100011101
0111010001001000101001101001011111010000
1110001101011101011111011100011011001011
1101011011011010001111011100010011001110
1010001010011100101110001100100001101000
0100000111001110000110110100000000000101
1110001000001001001001011011101011111000
1000111111011100001100000000001001001111
0011100000011111000010110100010100000110
1101011010011000001111010010111101110111
1110101101101110010100010111001100101011
1111111110100111100001101011100000110001
0110000011100011101101100010001110000010
0100100100011101101111000001010101111001
0111011101111010111001100111101000110111
0110110100010100111110000001110001101010
0011011101001011010001101001000001111101
0001110101100101000101101011101100001111
0110001111010011010010111110110100001100
0010100001100011110000010011011101010000
1011010001011010001011001111001101111110
0010001010000000110011010001100010111111
0001111100101001101100000001001110100010
1011010010101000111110101101010011000100
1000101010011010100100000110110010101101
1001111001110101011000001101110001111111
0100110001111100100100110100010101100011
1000111000100001011110110100000011010011
0111000011111001110101011001100001110101
0010000100110000111000000010110000111011
1100001001011100100010101101110001100101
0111011001001010011011001110101001111000
1001001110010111100100101100010000001010
1011010111001011101001110010001011010100
0001101110101100001010000000000001110000
1010000110001111010010101010101000110010
0110110011101101000101100001111001100011
0101101111010111010001110111110000100110
1010010101101111011100010100010110000100
1101010111100101000110101110111100100010
1110100111010001001100011001000001001001
1010100111110100001101001111000000000110
1101001000110001111011010111010110001011
1110011001110000000001100111001101000010
0010011111101101110101000100101010011111
1000111001101010010011011011100011011010
0100100110111110000100111101111101111000
1111111000111110100110101011010001101010
0101000001000101001011100010011001101111
0000010011101100001011010111110000011111
1111110000101010100011010100100001010001
1000101100011001111000110111110110001100
0001000100101110111110001000000110000010
1010011000111101010100101110000010000010
0100110101011000100100110011100101000000
1000011110000000000001001011010100110111
0010100000100011000000001010100100011000
1101000011011010111001111110111001000000
1101011100001101100111100010011100110101
0011010100001111111001010100101000110001
0110001011000001111010000010001011111110
1111101111010010101000100001101001010110
0000010000101010010101101101101010100010
1110001101011000110100000011111100100101
1100001111100111011111001110111001111000
0011010011100001100011100101100101111110
0110001100111001010010010110000010100010
0011101100011001110001101100001010110000
1101001001001010110011011001000001010001
1111000000011101001000110111000011101000
1010011110001100111001010011101000110101
0101010001111011010110011011001110100110
0001001111110111001100011111110101001101
1100101010000100001100010110110001010011
0111010111000110111110010101111000001010
0000111111010110101100010011010000110100
1101001101011011101100111101111111100101
0101011101101110001110100011101111110011
1101011111001010111010000010111001111110
1111111000101110101000000000001110011011
0011011000100000111000001011010111101010
0101001100100100110101011110111001111011
1110110011011111111100101100101111010111
1001111010000111110011110111011101000101
1111110011011000011010000011011010010111
0011100100010101000100111011011000001100
1000101111010111111110011001000101011111
1110010110100110111110101101011100100110
1011101011010001011110101100111011010101
1101111110111001111110000010000000110100
1100001110001111000100100110011010011001
1010011111100101110000011001100111011011
1111000110011110111100101100010001011101
0100010001011001101110001000011111100110
0110000010110011010111011000000010111000
1111001011100100101110101110010011101001
0110010001000111000111001001000000111011
1111000000110001101111111101001111111110
0100100010110011110100100001011110111101
1100101001100001110110101000000110000011
1100000100011101111011101010011011010110
0001101000011010010111101010111011101000
0001000011111000111000100011101001001100
1100110010001111010010101100101101101010
1110010000110111111110101110100101100000
1111001001110110000000101110100101000011
0110000100011000011110001010100001101010
1101011100000011000111111010110101110110
0001100100110101000111110011000100111010
0001000011101001101000101110110000100000
0001000010110101111011101101100111000101
0011101000011001000011000111000010101111
1100010000001001010110011011100101111011
0010000101101111111000110101100101000101
1111101011010010001101000100010100011011
1011011101100001111010101100101000001010
1101010010101110111010011001000001000000
1110010111110001101000111110000110001001
1100111001111110010011111001011111111101
1000101011101001001111100011000100111000
1110100000001010110101111011100110011011
1110011001111110001100100000010001000111
1100101100001010101100011110011010001111
1100100111001000100000111011000110101100
1110010110010111011011101111000111100001
1110010011001011011000110010111010011011
0110010011100010111011000101110011100000
1100101110001100001101111000100010010101
0001101001010100001100110101001100011011
1010100011011010011100001000110110001000
1100110010010111111001101101011000100011
0001011110100010110010011111010110011100
1101011100110101111010101001101101000101
1111110011001011001001011000010010101010
0101001011111101110101101000010100001010
1110010100000101010011110001100000111001
0001101110101010011001101000101110000110
1010111100100010110010111011000111110010
0011111110111000101111111000110000000101
1010000110111001100101110000001000010101
1000010000110010101101010000011101010111
1011101010000011111010000011100111010011
0111011110110100101000011100111111100110
0001111011011101000000110011010111010101
0001011101001101000010101101001001100100
0101111010110011100000000001000100000010
1010001100000110110001101101111111001110
1111000000001000010101001100111010111000
1000000111110011000100010011010110001100
0001001110101101111101100111011011110100
0111000000101011000001000100011100011100
1111101000100011001010001100010000110011
1001111101100111010010110111011101110011
1001000001111001010001000100000101111110
1110110110011011110000011001001010101001
0001000111100010011100111111111001011011
1001100010010000011100000011101001101000
1100010101010011110010100001011100111000
0101010001111011011100111000111011010111
1110100101100111110000011100000001001000
0100101001001001100100111101111111011111
1110100100001000010011110001000011111100
0011001000100100101010000001011010010100
1101001010100010110001011110110111000001
1000000110101101111001010111110100111010
0010111010111001001110000000011111001000
1011111110000000010011110000011011101011
0111010111011111000001110100100110111010
0010001110001001111001101000101001001010
0111111000011000100100101011111011110000
0010111000110001110101100011110100011010
1100110100101111000000000001100001101110
0011000010111001111111100101001111100000
1001111111101100110100101101110000110101
0011010111010010101111110100000111100001
1011100011100111010111110011111000111001
0001001111000110111000011001011000111000
1110110100011011001010011011010000110001
0110110111101011001000001010011100011111
1011101010100000100010101001001000000101
0011100011111000111011001000010001000111
0110110110111000010010100001101110001111
0010111011010011000111011111011111110100
1110111010001110101000011010011001010100
1110110000010000111101100110100101010100
1011010110101010010011100010110111111110
1111010001011000000001100001010110101101
0100101111001110110110011111100001011011
0111100110110001011001111111101000100010
1101100110011101110000100000000101001010
1000100000101000100000110000000010010111
1001110001000001001110111000001011010101
1011011111101001111100001011110010101000
1011111001011000010111101000000010101101
0101000000010111000101000100101010110100
1111000000110001001001001001001010111100
0100100110000001000101111001010010100001
1100011000101001001110100011011111101000
0001101110100110011001111000110000001111
1101100100100101110101101100010011000111
0100101010010111001010010110000111100000
1101011101111010111011100101011011001000
0111010100011011001101011000101000100100
0010001110000000101001100110010111100111
1010111011000110100000100110010101101001
0011000001001111010100100100010110000011
1011110111010001010000101000101011011011
0110100110100000110011001100100100011111
1100000011010110001110100010001111011101
1110110100101001011101001101011110011110
0100101111101110010101101001101101111100
0011100000111000111110110100001010010110
1001001101100011011110100010000110101011
0011011000111111111001111100000010010000
1001001011100111010110110001101001100110
1111110111000011111110111101000001001111
0100111000001111101100011100100100010101
1101011111000111011001011110111100101011
1010010100101010000010111011110001001110
1001110100111010010001100000101010101001
0000000001010011001000000110001100010001
0010001101111011111111000110011000111110
0111111011000010011000001100011010111111
0101000101000001100101101111011000101100
1111001011010011100010010110001100110111
1101110011011100110000011100000111100000
1001110011101110010100101000111110100001
1111001000111010010101001001001000101100
1010111100100010101111111111010101111110
0000111010001011111110100000000101101110
1011010100001010100110101111100111110001
1101000111011111100010011110111101011000
0011110001011011010100010001110111101111
1100100011111100001110110001100110010010
0110010001000100110011110101001011001101
0011001111110101000000011011110111011001
0010000011011010100111010111011001100110
1000100000010100111100011001011110011000
0100000110110000001011010111001111110100
0110000010001100101010110011110011011100
0110100111010000011010011100111001000011
1111011010000001010111110000111000000001
0111100110010010001000110101111001000111
0011000110111101101010010000110011100001
0100101111011011100101111111000001110000
0110011011110111100101010110000110010001
0101110011000010011100101110001010101101
1001011011000011010110000110000111110011
0101001010111100101100110101111010000101
1001000110111000000011000010100111111011
1110001100110000000000011110100011101000
0000000011101010111011111010000111011110
0101010110100110000100100101011110110011
1101110110000101110111101011111111011111
1110111100000110010001000011001100100000
1010011011111111000101111101000001100100
0011101000000010101010010100001001111010
1111010011100110110010101001100111101000
0011100110011110111001011010101100111011
1111101101010101001011110101010101011100
0001100000000011010101000111010010001110
0000010000101100001100000101000010100011
0000111110110110101000011111100001001010
0010110101001100110001001101101101000110
1010010001101100100111111100110001111011
0001111111011111101101011110101000011000
0110001001000111100001111111001100001100
0111100110011111100011001100110100011111
1110000011010010010011111001110011010000
1101011111000010010111000010000000000010
1101001101010111001100100011100101001001
1000010100101101100001010101101010101010
1110110100100010111110111000011111101100
0111001001111110011010100010101000110100
1000101110001111100101000101010010011100
1011100100000101110111101110000001100011
0100000110011011111000111000100010110111
0100010100110110101100011000001110000010
1110101000100100010001011100001100100110
1000000110100101101111110001110001001001
1011110111011110011001110011000010010001
1110111110011101100101110010100101010100
1001000001001100001100011010110101001100
1110110111111010101101100010111010000101
1101110100010110111001011110011011101011
0001110011011111011000010111100101110111
1100011000111111000110111000101010010000
1101011000100010001001100100011110110101
0000100101101101110101010101010000001000
0011001111010111000011000111101001101000
0011110101010001011101001111100101100001
0101001111111011100110110101100000110001
0001011111100101100110010000001001111000
1111101101000010101010001101111001000110
0111111100011010010001011000010110011110
0010010110001100101100000110000111011001
1110111101011110110011001101110011101101
0100011101011000000011000000101000100011
0111011101100011101101111110100001011101
1110101101110011110110101110110110000100
1110101010000111010011111000100101111000
1000011110011000100000111101111110001110
0000110011101001110111010010110111111011
0101010001101011000111000101100101001000
1010001111100011100100101010010101110010
0111000010000000101011101000001001000101
1110011000110001010000110110101001111101
0101101101011001100001010111100110010000
1010100101111011111011001101111001111101
1110010101111110110111100001010001101110
0010000000101111000110110101100010010001
0101000100011001011011001011110111011110
1011110010000111000011110110100001111100
1101100000010111000111010101101001101000
1100011010100011000100000000010011011001
1000010011010100111011101010000111001110
0010100101010100100101001100010111000001
0110111010001100011011010100000100000100
1001000111111110110100000111100100010000
0100111101111100001100110010111111000011
0110010101110010101000011101110011100011
1010001111001010111111000010011110101001
1001100000000010100001011111101111000101
0000111001100011110001101011010100010010
1110011101111000101100011100110011001010
0101000111011100001101101011101011011001
1001111101101011001101010000100001000001
1010010110011100110010001111100011101011
1110111001000011000010110111000101010000
0101010111011110011101100111111101100011
1000110101000010000100011010111101110001
0000110000000011110001101011011010010111
1100101110010001001111000001011101110001
1101000101110101110101111110111101011101
1010110111111010000110111000110001001010
0111111001001001010001111111111101001101
0101010111101011000101110100000011110100
1100101100110111001000001111000000000110
1111001010100000100011000011010110000000
1110001001110010110010011011100101110101
1001000110000111011101100111101000000001
1101001110001110011101101000101110110101
1000000001101110001100011111001010110000
0010010000010110011010101011011100000101
1000100001101011111001100111010010101011
1110011000111101110101111010111101000111
0110100111100010110000010111011011001100
0100101110001100100011001001111000001001
1100010101000011101000100000010010010011
0000111111110111101010001010110100000110
1001011111001000001111011011001100000100
1110001000011101100010000010010111111100
1110111010011010000000110101100110010010
0111110010001010101110110011111010001110
1111100110010000101001010010011101101011
0000111001010100011000001101101010110110
1111011011111111000100101110100000001000
0000100110110001001010111111100001010100
1000001110110000010100111101110010000100
0011111010111010001001011101001111101001
0001010100011011111010010001101011101110
1001100101101011011001001110000011101100
1100010010000000110001100100001000100000
0111010001001001011101110110100110010001
0010100101100111101000100110000010011011
0101011100101011111101010010110110001111
1001011000101111111111100001000100010110
0001000111010100011001110001000001001101
0010000101001101011100001101010001010100
0001011011000011010111101111111001101010
1001110010000100001110101101100001100010
1110100110101110001100101000100110011111
1110011101001001110010011000111100000001
1000101010111001010111010011011100111110
0101100100101000001011001100001101001111
0110101000011000101101011010010111000100
1111010000110011101001110100000110101010
0110000000100110000111010010001100110001
0101001011100000001111111010101110000101
1000100010010101010111001011100000001001
0110110111100001010110100010010011100111
1001100001001011110001111001111000001111
1111111111101101100000000000100001100001
1001010100001100010101011111110000100011
1000011110100100111011110110010101000001
1000111010111111011101010000110000111011
1000100001001010001000110111010000110011
0110001000001101100001000101101000110101
0001111110000001000101100010100011101100
0011110001111101110001001111000000011011
0100110000001101000101010000100000001001
0101111011000011010011001000010000000011
0011010101011111000010110101001000110100
1110000110100011110100000000001110101111
0111110111101000000111011111100001000001
1011010101110001111100101101101011011101
0110111000100010000100110101000010110100
1011110110000110110110101001100001000000
1010110011100110100101100000001001011100
1111111010111011000011011101000010101001
0001001011010111011100111101110010001111
0110001101011000110110001100100011000110
1111011010101101010101111100001111001001
1101111011101100100111010001101101001010
0101100100000001010001110010111110001000
0101110101001111001001100110010011001000
0010111001100000010111001001111011101010
1111100010001100011101101001100000111011
1010111011101000011110101100100010000010
0001001110100100110001001101110111100110
0101111011111110000001100110001010000010
1001101000100000100011011111110111100010
1110110010001100110000100100100110011011
1111001000100000000011000001011110001101
0110000001111100110111111110011110110110
0001000000111011010000000010110010111010
1101010000111110101100111011100100000010
1100010110011101011101000001110010010111
1010010010111110111100111001010001110101
0011111100101101101001011000001110001100
0001111011011100101110000000101011000100
0010001010011010000111001010100010010110
1111110110101000010100101110000011010000
0111000001101011000010100000100101000001
1011110000011110100111010100111110100000
1110001011110100111111010011010001110001
1101101101000100010100011100100100110000
1111000000001000100001000101111100110001
1000010110001100000100110011101111001100
1001011101100100001000110111000001000010
1100011000111101100010101011011011101001
0110101101001101001001010110111101010111
1110000000011101101000101011000110111100
1010000111101111001010000000100000000010
0100011101110100101010100101010101001101
0010101101010011011001101110100001101100
1010111010111100101001111100011011011100
1111101001110100000111010011011001011001
1000000100111101100111100011000000101000
0000001111001010000111100010000001111111
0001110110100111110100100001000101000110
0001001100001011110000010100011111101111
1100111101110000111001001010101110011100
1000000000011000011111111011101010011011
0100101100010101000000011010110001001000
0111100111110001011011011111010011110111
1010101011101010011100100000111010100110
1010010001011100000101100110011110011010
1101111000010000110111110001011000011111
0010100000101010100000111111011000000100
1110110111101000011000010100111011010011
1100101010100111100111101110101110010010
0110001001100111001111001100111100111101
1000010100000100010000110011110011001000
0010000000011101001111101100101111110111
0101101000100111101010001001101011110111
0110000011100010011000100100100100000100
0011101111010110010111010111011001100000
0000110111000010001101101010111101010111
0001100100011000111110000011001001001101
0100001111110010100101001001111011110110
0100110001100101110000000000000011010001
0000010011110010001010101011010010010000
0000101011001000100100011111110101010110
1010101001100111110001101100110000101111
1110101000111101100101000001000011111110
1100111100101011011101001110001001101100
0010000000111000000100010010010000001110
0000011010100100000101011100011000000011
0011111001111010100110000111101101100101
0101010110100110101110010000100101110111
1000010100000010011100110010000010101010
0100111101100100010000001110001101010111
1001000001110010110011101100011111010101
0110101111100000010011100111010000100000
1100110111100011101000010110101101000001
0110110110011101111100101100001110110000
0001000000010011110010011010010001001111
1100101000010001010011101101011110000111
1100010001000011010001101101110101111101
1110001010111100100001100010101111101010
0001010111110100101101101000111001011000
0011001001001010101011100011111010010100
0001000100011111010000010110000111011100
0101100110011001101111000111000000000010
0100110011010010000000000010011100001101
1011011111001101001111001011010011111100
1000100111100000011111010001111110010001
0011101010110011111100000101010101001000
1110110110100111101100001010011101101110
0101101011011001001100111111100001111001
0010000000001001010101000001010011100111
1001000100100011100000001100011111110111
0001000101000011100010110010100011010011
0110100101110110100011000001010110110101
0101001010100010110001101101001110100100
0010010101001101001110111011000101010011
1100100000000101000100001001001111110110
0101111001101010101011110010000100110111
1011100110011100111000100111110011101000
0011110011101010011010001110101101110111
1111100101000011010010110001100001100100
1101000010110111011000011100001100001100
1000011011111000101101001110001111110101
0010101111000000010001100110010010011110
0010110110001011101101010101000101110110
1111100101010100111001010100101011010100
0110101100100011010000010100010100001101
1011100101100000010000000011100011011011
0001101011011110010010011000101000111101
0111111110000110111101110111011101000101
0010011001111101101101000111000110100001
0111101010011111101011001000101001010100
1000101000010111110110001011101001000100
1101111010001110101011110101010011010010
1111110100110011111001010000101001100011
0011001010011011000110101101010110001110
0101111011010100110111011000001101111101
1111101100010000000010110010011110001000
0110101000011111010011000011010100001011
1111000111000111110011001011110000011001
1100100101110010100101000111010111110100
0001011001110001011101100100011010011001
1111100110010011001110000101010100001110
1011000011000000010000000101001001011000
0000001111000010011101111000111000000110
1001010011010110100110101001010010000111
0100001001111100100010001110000110010001
1010010100101101100010000110010001100001
1101000111000111100110010101011110000101
1011001110000110011110101111110000000110
0000011001100011100000000001111011111010
0110100010000100110100000110100111000011
0011110010001010011011111010111111011111
0110000001011010110111111111111111000100
1111110101000011000000110011001011110011
0010010010110101000110010000100111101001
1011100101000110100110000011111111001111
1000100111110001110001110011110010110010
0110100110001101110111111111010100011101
0000011011000100100010000001000010000010
0101110101011011101111110101101111110001
0100101010000101001011100110000001101110
1100111110100000110110110100011001011100
1101000100100111010011110110010010011000
1001001001100110001011001001011001000010
0011111100111010010111010111111010000000
1111100110111101010101100111100000001001
0110011111010101000111101101011111000111
0011011111010001011110100110001101100111
0111101010011000111010110111101010011001
1011100111100100101110110100001011101110
1001111001001011110000001100111011110101
0100000110010000111101000100000011111101
1010010001000100111001101000000111010100
1010001011101010011101000111110110101011
0101011010010001001011010111010101011011
0001111011111010100011011101000010010101
1111011000000100000000010110101000001011
1010011000011000101110011000101101101000
0110111110110100011111111011001101100110
1011001001101011100110000110001011010100
0110100110001101000110110100101000101110
1010100110101100100010101010000010101001
0110011111000110011111110110000001000100
0011010111100100010000110001100011101100
1110000011000110101001001100111110010101
0100100101101111110111001100001001011001
1011100010110000101000110010001001110111
0010011000111000110111110000100000000110
0100000011011011111100010011110110111011
0011000101110111110011010100010110100010
0100011101011101111011010101001100100000
1111010010010001111001011011000000000011
1110001111000111101111100010100110000100
0110110000111010101001010111010011000100
0100110101101101101010000110110010111010
1001100111101001100010000110001111001000
0010111110110010110101010110110111100111
0000111111000000000010011010111111101010
0110111000011100011001110100110100001000
0001100110001010101100011111100110000000
0100011001100111111101011111101100100110
1001100011000111010110111111110111011001
0010000100001110001110000111011111011010
0101101000111101011001010111101010001101
1111110000111100101101010010100001001010
1111101110111000010000110100101001010100
1100001110100010110110101100011010001011
0001011100001101001100100101011111111010
0110010001111000100101100000101110110110
0011010000000100110101001001101010001001
0110000100101111111110011000100000111110
1011010110101110110000100001011001101100
1110010110000101100010111011101101001010
0110010001000101110110111110000101111110
0011111001000100001100011011101010011000
0011100001010001000110010111111100000110
1100101011000100000100000010000000000000
1000011111000101001010000110100011111010
1111101100011110010001011010101000001100
0110110010001001010011001011110100111011
0000110110111011000010110011000001100001
1000101001010011101000110011111101001000
0011100001011111011100111110011001011111
0101011101101110000011110110100011011001
0101101111100101010010011111110101110101
1100000110101101011000110111101001000010
0001101100011001110101101001010010100111
0111010011001010111001111110010111111100
0110110011110000011011010100010011111101
1010000111000100101111000010010011000101
0011011011110010011110111110001011111101
1110010011101000110110110110010000010100
0000000111110100000100010010100010011100
0000100011111000001011010001010001000011
0110001100011010010101101010001010100001
0111000011000010000101111000101110111111
1011000011110000010011010101101010100011
0110111111011110111100011000000011101100
1010101000010010110111000110000111011011
1100111001100011110000001100001101001111
1100111100000011010011011110111111000111
0011110010010010101000011011111000010100
1001101111110101110100100001000110101100
1101001111100001011111011001100101100110
0110011011001100111011010110011101011101
1001001011100011011100001011011101100011
0101111101000101011100000000001100011110
0111110001100110111001100010110010110011
0101001011100111100111010011000110111110
0010101111011101010110101011101101000010
1010001000100010100010001011111100100111
1001001100110110111000111101011100110011
1000000111101111100100001100010111101111
0100010010001001000100100110110111101100
0101010100110110000010001000111000011101
0111110111100010001111100011100100101110
0000000010111010011111000010100001101110
1111100011000101111111110010000001100011
0101100001110001111100001111010000110111
0000011001101111010101001100011000011001
0101100100101111110000111111010011111101
1100001101010010110001010010110100110101
0100100100100100001001111010110001001100
0010000001100000100101000000110111100010
1111111111010111000100010111001001011110
0111000010110011110111101011101010010011
1001011111011111101010000011010001110111
1010101100000000011100000110110010010111
0101111100000000000001001111110010100111
0011000111101001011100001111011011101011
0001000100000101010010011000110100011010
1011110111111110001100110010000000001001
0111001111100010010101010011100110111110
0111100101011101000010111001101010000001
1001101101011101011101110011010010010011
0101101111001010011110111110100101000000
0010010111111110101111000010100000111101
1011100110101001011011100101110100101100
0111101000100011001000100100010011011001
1001100111101001110100111010100010010001
1111000111000101101001100111000110100001
0111011111011000010010110100111010111001
1010010000101011100010111000011110001100
1000110100010100100011000101000101111001
1010101111010000001100001100111000100101
0000111000101000100100111110100110000100
0110010101001111111010111010011111011101
1011000000100001101000010001010010011001
1001000000011000001111111011101010010110
1101010011110110101000010100101000111111
1101101110000010110000011001110110110100
0111010110001000111111011101000000100011
0111000011000011010001100100000100000110
1101010010001110001100010010001011111010
0000011100100100110100001100100010101100
1011111100110011101100001101111001000000
1111000011100000101111110100101101110111
0010110000100011101000000000001110110011
0000010101001000110000001111111000111010
1101000101010101101010100011101010101010
0010000000110010000110111000010010000101
0011111001101100000000100111011100101110
1111000011111111001100101110001011101101
0000111000011011100001101110111011001010
1000110001010110000101001000101001111110
1000011011001100101101001011100001101110
0110111101110000100011111011111101101100
0100010110111001010110110000000001101000
0000001011011011010010111111111111001001
0100101011011001010111110000101011100011
1010010010011011000110111011111010111011
1000110010001111001011100000011111101001
1000011100000001001011110111010001101010
0000011100100001111101011011011100101110
0000000011110001010111111110001110000000
1010100100001100100100110000011010000010
0010010010011101010110101010010100110110
1010111100000001100110111101100101110011
0100010010011000010101000111111001101010
1101000011011001110110101010101110001010
1001000111111001110101010000001010010100
0110110001111011010110001001101001001100
0111001100100111110011001101001000110110
1000111101000000000100111100101101101010
0001011001010001000011011010000011000100
0000001110011010011101000000000111001010
0110010000110001111000101101101010111100
0100101100101010101111001100000010001100
1000110111111000010110001001111111010101
0111001101001101000000110111011001011010
1101110101011001010011110101101100110111
1001000010100101000000111110001010010111
0101101111101101111011011010010100100101
1000100011110000011011010011010001111010
1100010111010010101101010011011101101011
1111100001000001111111001110110001110100
1110011000110011001101000110000101111111
1101001111001000100011100100111100101111
0011011011101101011011100011010101001001
1100000011101001001011001101001110001101
1011101100100111111111010010000110001101
0000111001011100010101010010100001101011
0101101111111010011010000010111110001100
0110111101001101101111010000010101001111
1010001000011001110000011111101000010100
0011111100111010001000011011001111010011
1010100111100100110101110010010010101011
1011001111010100110001010111011110111001
0110011000100101011111001011010101001100
1000001111111111111000101001011011000010
0111110100110001101100001000000111101111
1001011000011000110111011001101100111001
0000111001101011101101000011000111001000
0000011111101110010011101011100011110100
0111001111100101001110010001101011001001
1000000101001110101101111100000001010100
0101000100001001010010101000111110010100
0001001001010100100111001001101001010001
1100011101010010010001010010111001011110
1110111011101111010010011111011011110110
0101101111010100111001010110110010001110
1000011100110100101001100000000111011101
0101000000110110111101011111010001100000
1001110101010010101010010111110111111101
0011110010010110001101110000100010110110
0010110001110111111110110000000110100101
0011001001000010111010100010111100010010
0000110000001111110111111101110111001110
1010001010000111111011000010110000010110
0000001011100010110001010110001001110110
0111010111100010010100011101010011101001
1001000110001011010001011110011110011000
0011001000110001111100100001101100000100
0001011011010011111101110100101011111000
1111011011110111101010000111011101000010
1001111000100110000111110100110011011100
1000010011101110100000101001000110000010
0011110101010000111100111011001001110001
1010100010000011101000110111100100110010
0001101100111010011101100000111100100100
0100000111101101010001100000101100010000
0111111111110000110011100100111100110010
1100101000100000001101111011000101010010
1101010011001001110100111100010000101001
1001111001000100001110011011110111101101
0100000110001001011001011110111010111111
1110000100100011011011100101010011110000
1111000100110000000110011000011101011101
1000001011110001010111011100101001011001
1111000100011111011011011111001001011001
0101010100111011110001101111011111100110
0100101001011100100001010101010010001101
0111010111101001101001000100111100001000
0011000111111011001110100000111000110110
1110110000001010001011011011101010011100
1011100000010001111000001100100000111001
1010000101001001100111001111100000001010
1100110001010010111101000111110011100100
1111101010001010010010101101010110100110
1100000010011000011100011011011011100110
0001001000011000011011100110111111111010
1001010001111010101000111101100111001110
1010010101110010100101011000001100001111
0000111101101010000010111011011110001100
1110101010101110100100100010000011011011
0011011111011100110110100101011000001111
1010110001110101100011000100011101001010
0101100000011110000101010000011011010011
0111001011100110100000111001111111110110
0111110101100100111011011001101011100010
1010111010111100110101100011000101101100
0011101010110110110100011110110011100001
0000011001110010011001100111010110101000
0101101100111011011100001011101011011110
1111001100100010010011111110010110111110
0001001101001101100000100101001010101010
1111100001011000001010100000001000000011
0101011100100010111001001001000001100000
1011011100000111011010100101000001001011
0011010110011001001100100111011101010011
0110001111101101010110100000111011110001
1001011101111111011010011111111010011111
0011101001110000010101011111110010110001
1111100111001110010011111101010101100000
1011101111101000010100010011011011010111
0101100010101011011011100000100100111100
1110111101101000011100010000001100101101
1011001000100110110011010101101100011111
1110010111010101100100010110100001000110
1111001001110101001100100101110000101100
1010111010111000010101100000111100110101
1000101100011010110011010101001100011110
0111001011010101010000010100011100011110
1011000011100000111111000111000110101001
1101010110001111001110010000100000001000
0110100010100101000101000010000010101101
1101110110101110111010011011000100100110
1100111100001100011110111110101110111010
0011101101000101000101100111001111100000
1110101111001101010010101101010110110001
1100110011111000000001101001100100111001
0100111101111011001111100100101101101100
0100000001001100001111101011100000000111
0101101000000000010110100110100011111100
0101011001110010101001011100000001110111
0011001101110101110110000001001110100100
0100101100010010010001000111110100110010
0110001011011110101111110101011000011111
1111001101000111011100110011101000110100
0000000010011001001000100111001010111100
0000110101100111000000100101101011100001
1110101111001101000011111000001010101000
0111110000101100011001100000000101101111
0000100110001010110101010000101100100100
0000101000110001001101000111000001001011
1111001011111111000010011001110010011101
1111100000110001111011110000101001110011
1101101001011110001100100111000001110100
1100011000111110111011010110010010111111
1010111101101111101000010011110011000111
1001100110011111110101100101111000100011
1101001111010100010000111000011010110101
0001010011001000010000110010001110111011
1010011000101101110101100110001111001100
1110100110110000000111100000001101010001
0000011101111011110001101110110110000100
1100101111100110011010101011101001111000
0001100001000101000011011101111110101000
1010100000011110000000101001010010100010
1001001010010001011001001010110000011000
1000111100011110111111000001011010000100
1101011101011111100000110111100011001111
0101000100011100011010111111000011101010
1011000010110001111100110010101101101001
0110010000010111000111011101110110010110
0111011000101100010000111101101001111010
0101111000011101001101110010110100100000
0010100000101000001111011010100100000010
1100111100111100011111111110101011001111
0001010100010010101010010011101011111110
1011101101111010100001100011011110100101
1101111011110000111010010010010100010000
0110110011101001011010001000111101110001
0111111100100010110110111011011001000100
0010010111100110000101010011001100111101
1011111010111010100000111011101110100100
1010011011001100011100001000010011101100
0010001010100111101011111100100110010001
0000000000100010011001111001101010011001
0011000100011110000001000111100101000100
0110011010101110001001000101101001001111
1110110100101000111000101010000010100001
0001101111000011110000000011001001000101
1010010100001100100011111011011010010110
0011001011011001111110110100101011111101
0110010100110001100000000000101010100111
0000110000110010111100001011111101110101
1010010110011100010010011000100011011010
0100011000001000001010011110100000101110
0100100001110111001101000100111001101000
0010101101101000010011010100110111101100
1000111101010101000101001101010111110111
1011111010101000101110000001100001110100
0110110011001111110101001001011101011100
1000111011001101100111101111010010000010
1110110101000000100111010101101000111101
1000000011001011000001011011101110101100
1000110010111001111111111011011110101110
0011100100000110011101011110011101010001
0111010110100111000101000100110110100110
0100101011011010011011010100011011110010
1000101010011100111011111110001001001011
0110001010111001110100111100001011001000
1111010011010010100111011100110010000010
0010011011110110101000001000100110000101
0011111011011110000110011101011001001010
1110111001011100110110110111110010001101
0100100100001000101100010010100111011111
0110010110111011001000011110101001110100
0011010100010000010001111100001010000110
0001001000111111101101000000000100010001
1000100110100010101011010101110101011010
0110010100011001001010010000100110001100
1111110110000111101010110010001001111111
1000100011101000000000100111011110101100
0001101110000010110000010010011100111101
0001100000011101101111011101100110110001
1000011011011000000000001111010111100010
1110110010111000000000001011110011001100
0011000011100100000001000000111111111100
1010110101011111110110100010011111000100
1011101001111000100101011011110110101100
0000010110111101111001111011100101010110
0110110011110101101001101110101000110101
1100110001010111100100001001000000111101
1101110000110001010010110010000000011110
1101010110001101011101101101101100110001
1100001100110010000010011011101000111101
0101110000000101110100101101011100010001
1011100001101001011111010010111010010001
1011101000011110110101000111111100000010
1100111101011000100100011010011111011110
1011111010010111101101000010011101010010
0001101010011010000100110111101000010001
1000111111000001100010100111010001100111
1001010011011100000000010001110000100011
1000100011010101011011110001111101111010
0000010000110010100010100100101011110110
1010001110000111001010010101001000111110
1111110101110100000111010010111010010010
0110011100011101011101011111110111101100
1010101001001111010000111001101000010011
0101100011001100111011001001100000011100
0011111001100110110100010111101111010110
1111011001011111001101111110001101001000
1001000011110101001001010010001001111101
0001001111000101110000101110011011100111
1010011001011000110111000011100111010010
0111010110100001111011000000001001001000
0011011101011011111111111101011010011111
0010101010100100000101000000101100011010
1010011101011110000100010011001001100010
0010011100110001110001001110001110001110
1100000111100100100101011000111101010011
0100000001111101010111001100101111010011
1110111001010100101111010000011001110100
1010001001011101110000011110101000010000
0000001011110110011111011101000101101111
0110110110010100010110100100011001011101
0100111011110000011001010000001100001001
1001111010000101110101001001101001100111
1000101011010101000000011000010100110101
1001011010100010001100101100010010011001
0000001110110111110110111110111011101100
1111110010100000001100110110110101000110
1101001011111011101011100001000011110100
1011100001000110011011110000010000100010
0010101111011100000111000111101111101101
0000010100010011101000010000101010101111
0001010111010110010010100011111111000111
0010100010000110011011000111000001111011
1001010001101011111011010110110011001111
0111101100101101110001101110011010101001
1110111010101100110001100101011111000010
1001100100011111110101100010011111111010
0100011101110011010000000000000101101110
1100101100110010111111010011100010001110
1101100010110010110110100011101010100100
0110000111100000001000111100100011100010
1100001110010111001101110011101011011110
0110000000011100111100011001100110001010
1000110011100110100000100010010111000000
1001101111100001101110011001010111110111
0111000101100101011011001111001011001100
1000010001100001101100011101000000100001
0101000100110000101110011110100111010100
1101110010011011110000101110111100001011
0000101101001101100100100110010001001111
1101100101001000101100011111010101111111
1011000001110011000000011111110000110001
1101101100101110110110010101001101101000
1111100101100000001001001110101010101010
1010100100100000111111001000110100100000
0010000000000001011100111011110001110101
1101011101110101001011101111010010011010
1100110100100001100101011010010001001111
0100100111011011111111110110101111001101
1001101000111001010101100010001011101110
0010010000010011011000101110011000111110
0101001011000011011110011111110111101101
1110111011000101110110000110101000111110
0010000011101000000101000011100100010010
1100110101000101001110101111010111010110
1000101100111000100001111100101100101111
1010111101111001001100101111111011100010
0101100000100111111010001101101100100011
1100011010010011011110000000101001011100
0100000101000100110110110001110111010101
0111110100000011001001100110011010100111
0000110010000011110011000011111001110010
0110100011000111000010111011110000001011
1100101000010011101110000110011101001110
1010011010000011101001010111110001001000
1010100110011000011100100100100111011000
0110001100010100110111111111011111100111
0010000110101000110010110011010000100000
1110000101001010011100001011001111000001
0001010110000100110101111000000101010001
0010011010110001010110101001101001000101
1000100000011111100000111000011001001000
0111010110011100110111101111000100101001
1011000000100001110010111100111001001110
0001011001111001100011110100000000011110
0101011111100011000011010000111000100000
0110000001010111011100111011100001101100
1011111011101000010011110110101010000110
1100001100000111110111011000000111010100
1000000101100010100101110000110100000111
0101010011100101100011111001000100100001
1011000111100111011101111011111001110010
0101100011001111000111000100001001010000
1000101101101011010001110100001111011101
0101111101011100101010010000101101011000
1001001111001001000010110101011100010111
0100111000010100000001001001110010001101
0111100000001100101101101110111101010100
1000110010011001100111000110011001110010
1010010111111000110011010010101101010011
1011001111010101001011011011011111101100
0011110110101111111010011100101110000000
0000111011011110100111100011010110010111
1111101110000100111111011110000001111011
0010100010110101011010101100100010001001
0110101000000001010000111001101000001111
0001011101000011001101010010011001101100
0111001110110010101011111000111111101101
1000110100000100011100000010001101100011
0100100101001111101011101100001111101011
0001011111001001010100010011000001000001
0101110101010110100011100010011110101010
0001000001101100111010001011000000000111
1101000100110111011101100001010100110000
1110000111010011100001111010001011111101
1011001001100011101000001010100101110001
0111110000010000110011101011011000001111
1111000101010001111011100111111100001000
1110101010011111000010111100010110101001
0000000011110000101010001101001001000001
1111010100100101101000101110101011111011
1100111001010101011011011111010011111000
1110011111001001111110011110001111000101
0101000101010111000111101011001010000001
0111110111110110000000000111000100100100
1111101101111100111000000011101100000111
1101111011001010001001110001100011010110
1111011001111011101001010001100000010001
1100000100001101110011110000110000110110
0011100111100010100100001101001111111101
0100011100101000101100111010111111011011
1011110111000110111011010100110011100000
0101010110011010001001001110100010110011
1101001100111011001011100001000010000010
0110111001001111110010011001101111011001
1000100111001101110100110110000110111100
1001011001001100010101101001000001111101
0111011010011100000011010100011000011000
1111111011100010000110011111101001111010
0000111000110111001010100101001101001100
1100010011100111111110111001010100111011
0100110000010110010000101110001100010011
1100101011110011011000011101011111010010
0010100011001100100001010000000100101110
1010001011010010011111101101011010101011
1010010100111111000111000101000101111101
1100101010100111000010001100000000011011
1011011011110101011011110110101000011001
0110010011011000011111001000001101111001
0000010001011101001111001001110101111000
0110010100001001110110010111010010011100
1001111111011010100000010001001111010111
1100001101100100111101110100001000011010
0111111011100010000001111100001011011111
0011011100010000001101100000011001011001
0110010001001011101101000010100010111101
1011111100111101100111100111101100110010
1000001011010001110111001000101001010100
1110000001010001000101111111011011101001
0011010110110110010110011000010100110111
1100101010101101000011101010010000111001
1011100010000010101000111111110000010110
1110000100001011011111101011011100011010
0011010101100011110100001101100011010001
0010110000000010001000010010000010111000
0001101010011111101000100110100011111101
0001010111101000010000111101101100010010
0100110111110101011010010101101010010011
1010000100110000101011100001000111001010
1101101110010000111101101110010101100100
0011111000110001100001100100110110110110
1101011100110110011011000010001010110110
0111011000000100011110000011001011000110
0010001011011101011111111011010110001101
0010000101101110100101110010010001001110
1100011110000110111101011110101110011111
1010010111010100101001110101000001001001
0000001101100101000100101010001000101111
0000011000100000010000100000111100101111
1011001001100100000110100110110111110011
1111110100110001101101011000100111100000
0110000111011001111101001000100011100011
0010110101001110000001010000110110001010
0100101001100111010101110110011000010110
0110011011001000110011100111001000110000
0001111000110001100100000010110100111100
1010100010110100111010100110101010101110
0100100110100010100010010110011010111000
0011111000001011011111100111100110110011
0101101001111101100011101010011111101010
1100011010010010001101110110001100001100
0001011101000011000111101100001110101011
1111010100110010011110100111111011010110
0110010000000100111100100010111001100011
0001011001001000001111110010011111001101
0111110100110001010011110101111001110110
0110111100101111110000010110110101110100
1110101001011110110100011011111000000011
0010010100000001110101000111010111010101
1010111111011111001110100100101101001010
0000100011100111011010100110010100100000
0110100000100100100100110000110110100101
0010000100111000011011010000101111100010
1010110000010010010101010010111100110000
1100000101010000001101010010001001011111
1011001011101101001001011110111110011011
0110011100101101111111011111000110000010
0100111000100000011111001101010010100010
1011010110001100111111001111100001111100
1001101110101011101010110101010111001011
0010111001011011001010001110100010001111
0001001001011001010101111010001010010110
0011110101010100100001000111010010111000
1001011000111110110000100100100101111111
0100101000100101011011111101100101001010
1101010110110100100110010111100011111101
0110000100101101110110101010101000000111
0100100010000111000010010011010100111011
1110110000011100111110110110101010101100
0111001011011001001100011101110100011100
1100001101010101000101000011110000100001
0110100111011001011101011000001011000100
1110000111001010101000100001010001111011
0100000010010011011100110001110110111000
1101100110110000000110110101100011101110
0101000000001110111111010010110111111011
1110101111101110101101100000010011101101
0001111011111010101010100010110011111000
0111010111111101100111000010111000101101
0001001001110010001011111010011100101010
1001100000101101010001001110000010010010
1000110110101011010110011110100000000100
1010110110110110111100011110101101010011
0010101010000100000001101110001111011101
1001001010111110000001001111011101011011
0001001111011111100011110010101000001001
0001101100110110010000111111011100111101
0101010011110111110011111100111000011001
0110000001101000010011111110011101010010
0110011011101000101111001111111011001111
1011110000100100101110000101001110101111
1101000011011000011010100001101110100011
1110001001110010011101101101111000001100
0101110100001101001001011001001010111111
1100010000100011000000110010001011000111
1111001010001111000101011101111000100100
1101110101010000001010001101001010000101
1101001101110011100100011110001101100100
1011000110011011011100110010110101101010
1010000110000110001011001000110011100110
0101001100010110010010010001010000011111
0101111001101100101011111011000000100010
1100000000100001011101010101000000000010
1111000100110010010100001010000000111000
1110011100110001100110001001110000010000
0001001001111110010010110110101111101000
1000010001110111000010101011110111001100
1101101010000011111001100011110100111101
0001011110000000111110111101011100111000
0100000000101001111000011011110100100001
0111100111010001001111011110111011111011
0100111101101111100101010111100100111011
1101110100111100011000001010001111100000
1000010101010001001111000001101111001101
0101000101000100111111110100110010101010
0011010000100101010100100111001110101100
1001100000111000000110101100100100110111
1000101011011001010001001000111101101110
1011101101101000001101100010011101011100
0101001010010000011110111011110111101010
0101010000000010001000000100110010001001
1111100111111101010111110010100111010000
0011110100010101111111000001110100011001
0010101011000111100100100111001101001101
0101000001111111101000000101000101110000
0101100000001000100100000010101000000010
0101001101011010000000010010010111001110
1110011101000100101100110000110110001101
0010111111111101001100101010110011110110
0110010001111011011010110001010001101001
0101111000000011010100010100011111000101
1000111010100001101010110010001101001110
1001100101011010101000100100110111110000
0100100100001001000101011101101010100101
1101011110010101001111001000101110000110
1011101001010000011001011001111010111001
1010111011011100001011010001110101111100
1110000100101100011101110100101101001100
0001100110001001010000000111000100011111
1001001100010110111110011111101111011010
0000110010111101010000110100011110000011
0111110100110100000011001100001011111001
0011101010000111011100110001010111001110
1000001110010010110001000000100001100110
1010101111010111011110011010111010101110
0101000111011011110010001011000010010101
0110101000101111001011111101010110000111
0000001110100000111011001010100110101000
0101111101001000011111001110011100111011
1111011110001000110010000100001101101011
1111101100100111110010101101111010011000
0111010000001000101111100110011000101001
0111110111010001100111101011101011010011
1110011000110010011000001110111111110001
0101000100000001000011111011110101100100
1000101111100111111010111101111110000001
0101010110111011111111101100111011000110
1101001001010101010111111110000011001000
1111110000001111011010100011111111110101
1111100101011100001010000000111110101101
0110101101001000011110011011101011111101
0110011110110110011101101000000111100001
0111111101100000100010100010100111111100
0101011100100101110011101101101101010010
1100101011010000101010011101100011100100
0101001010011111101100110101101000000111
1101011000100011000000000001010010110011
0110100110101010011110010001011010111111
1011110111011110110010010000101001100010
1000100110000100001111001011010010000100
0001001111011011011000010011100100000111
1100010111001001100110100110100100011010
0011111111011100010100101111010111110000
0100001000100110100100000011001101110110
1010100001000010001001110001111010111100
1000111010011101100011110000110101010011
0011101110000000001110011100110011111111
0111011001100111010110100011000110010111
1101100011011000011101100000111100010011
1111101101111111100100100010001101011101
1011101001010001011010111001001011100110
1101110111011010111111010111100101101111
0001010001010001101010000000111100111111
1010111100011010101011011001100110111000
0001100111001111100110101011010000101011
1110110000010100011000001111110110010100
0001101101101010011100111110011001001111
0011100011000101000101100001110110110100
0110100110001010010011011110100000110101
1100111001001100111111010010101100111100
1110001000110111011101111101111001010000
0100111010111000001110010010101110110000
0110111011011111001010100000000001010011
1100001101100100111010010101101010111100
0001001100011011100110100101000101100001
0101100001001100001110101000010110000000
0010100101000011000110100110100000100111
0100111000011110100001111100010111011100
1000000110101011011010010011011111001110
1011111010010001000011010111011000101100
0001110100100010111100011110100110110101
0100110110100011101010011001110011101011
1100000010000100110111100110011100010000
1111101010010110000011000010011111010100
1000000000111110011101011110111000011011
1101101001010110000110110100110100000000
1010101011010000000101111011001000111100
0110110100100111111010100010100001100111
0000011100110100001001000110110101100110
0100010100000111000010001100001111001100
1111111110011001001001001001111100011100
1010000110000011111100000001011011101100
1000101000010100000100001011011010101100
0111011100111001100001101011101000111111
1010101110111001010001100000110011110100
0001111110100100100100001011101000101010
0010011000111010110100001111001001110110
0110011111000101111011101111110101100010
0000101000010100010000110100110001010001
0000111110011111001111101011101011010101
1000000111010101001101001111110000011100
0010100000011101111100000100111011001100
1111011010110000111001001100110011000000
0111010110101001100110000100101000010100
0001011100110101101101111101010000101010
0000011110000000100011101001011000000011
1111100110111001001001111001010010010010
1100001010110011011100000000010010100101
0110100111010110000110100101110001111010
1000011000010111010001111110001111001101
0100110010100001101111010101100001011000
0011000001110111011111011010000001011001
1001010101110100110111010100111110001110
0111111010110011100011011101111100110110
0010101100011011010101011110001000100011
1010001110001001000110001000110101011101
0000101101010100101100100100000110000001
0100100011001100011101010001101010100010
1011100001100100011110111001100001101010
0100000110001100111001111110111011011000
1001010110101011000110001101110101111011
0101000010110111001100101001001100011010
0110000110001011111100100000000000111100
0111101111100100001101011110111001000001
1100101010000000011100110101111110010001
1000100111111101001101001100010111011110
0101001101111000010001000000101110110110
0110110001000100101110111110110001101101
0011101100111110000110010001000011111100
0010110011111110101110011111001000111000
0101110000110011100010011101000000011000
1100100001011000000110001010110010001000
1100000110011100110000101010001110100011
1001001111011000001111100100110110111110
0011110100010111010101011111000011010100
0011011110010000101101001000101100011101
1100100101101000011000001111011100101111
0011110001010110011010101011001000100111
1000011000011110001100010001111101111010
1011111010001000011101011011111100101000
1001110101000100011011110001000110101110
0101110000011011001001100000000101100100
1110001010101100001001110101010000001111
1100101101001100000110011000001100110100
1111100011111001110101101011100100100000
1111110000001011000100111101100011100111
0101011101111010010111001111111000100010
0110001101010010000111110111100111111001
1001101110110111011100001100000101111000
1100110010100100001010100100001010100100
1001011111101010001100110111000011000110
0101100001010010111101111000101011110010
0000001011011101000110100100011011101101
1010000010111001000111011101000101100011
1001100000001011100010110101011001101011
1000100011001010010101100000010001100000
1100000101100111110011010101110011000100
0100111010010101111010001111010011101000
0000000111001000100010001000100000100001
1110001010100000000000110010011110100000
0110001101101110101011000110000111001101
0110101010011000100101110001011001110111
0100000000100010001000000000100110100001
1110100101011111111011100100111001101000
1111000111100111001110001101100000011101
0110101100011011001100000000110100001111
1000001010100000100010011001011101101111
1100001001101111110011011111001110100010
0100011100111101100100010001000000110011
0001010001110010010010111100101010101001
1011101110100001110001000000011110101010
1111111011111111101101011001101101011111
0111001000111110011010000000100011111001
1000000111111100111000100111011001000111
0110101010000111100011000001000011101111
0001010100010101011010001100000110100111
1101011001111010011100011111111010100011
1110001100100100100001011100110100010111
1011100110000010101110101100000100001010
0001111110110010011110001110111100110000
0101101100011111000110010110111010001000
1001101100001010001110111001100111111100
0011010010111000101010001110111000011111
1111101100001101101011000011101011011100
1010011111011000000101010110011001010000
0000111010010010000000011010001010000100
1010101101101001011111000111101001101010
0011010111111011001011110000101111011010
0100010111000010100110110110111011001011
0001110001111100001000111001010011100000
0101101100011101111011011010111100001100
0011100000001000001011110001111010010010
0101010111000010011100101001110000000111
0001001011111010100101000110011001101101
0110111010010011100110000111011000100010
0101110101100110000011101110010010110110
1100011101111110110001111010000000110011
1101000001110100101110111111000110011010
1110000010000010011010010001111100111010
0001011101001100001011111000011010011100
0000101101011011110001110101110110100000
0001011110000101010111001101010011100110
0001100000100000101011111111101110110001
1011010011001110000011001011010110001100
0000111111111101110101010011010101011000
1111001011000101100001000001111000100000
0101010000011011110100111011110110010011
0111010111111110001111110011100010011100
0011101111011000110000001100101011100101
1111101100101011101111011101111001111001
1111101001101110001001001011000000000101
0110111101010110001001011110001100011001
1100100011100111010000111100001011000010
0101101101101001111110010000111001011110
1100101001101101011101011110011001110110
0111110100001110100001101011010010010110
0010101101000000101101111010110110111100
1001001001110000010010011110000010011111
0111000000000000000010011101000001101100
1101010000011010100101011101010001010000
0101101001010001010110111101110010011101
1111010001011000101000010000000001001111
0000100100000101010010000100100011101101
1001010011101010010110111001111100101010
1111110111110101001011011100010010000110
1000011010010010001011010111011100100011
0011101111100101101110101100001000011110
0001111101000100011010110000011100101100
0001010000011011111111111010101110011110
1010111010111101110101101000011111000000
1110100101110000001101011000000010000100
1000110101001011100000100100000011111110
1011011101110111000000011111110011110010
0100001011000100110011110101111100110000
0000111010011111011111000100110100111011
0111011011111100100111111111010000110111
1010101111101011101010001110101110101000
0011100100100001011100010000110001100011
0010110100110111101000011100011010111101
1011001101001110001001100111000100010111
0111011101111101111011100010010011000000
0000010111010001010111001100011101000100
1011011101000011001000111001111100111110
0111011100011100001111110110011111100110
0100000010001110010010110001100001000011
0110100100000101101001011001000010000101
1101010001111111101010101011101110001110
1001100100010000111111101100111011101100
1011000100100111000011001001000001110010
0101111010000001100001000011111100101011
1110110100011000100001101111110100001001
1010101111001000111100010110001101001011
1000000000001110111011110100110000111001
0110000100000001011111010010101000111110
1011101000100111010011011001100001111101
0010000111000010011110011110110011111110
1100101010110010100010111010111000110100
0010110000101110011010011010111011110000
1000001110000110101001000000000001110110
0001101011110101100101010111101101000010
1001000011100110101110011011101011111000
0000101101000001000000010101000000111001
0110111010001111010001111010100001000110
1111101001011011010100010111000111100010
0001101001111100110111111111000110101001
1110101011011100000101001111101011101101
1001011101010000111110010110011111010101
1100010111011100100110100110011110111101
0101110010001100111110101100001110110110
0110000010011011000101011110111011000011
1000010000000010111000001100100010011000
1011101000011010001101011110101110011101
0011000011111010000101100010010110110111
1010111000100100000001011000010100101011
0110110010100001110000001001011110001000
0010010100101001011110010001000001110110
0110011101001010100110110011111010001011
1100101100100001001001110000001101011000
1011010110000011100110000000110101011101
0100000111110011001101110001111001111100
1111000101110101111100100000101000110110
1010101010100101101011001011001100111110
0111011000001001110000101000000111101111
0010111110001001010110010011001001000100
1100110101000111101101011110101111101100
1110110011011110011110111101110110000111
1011110101011101110010110111010110000010
0011100111001101001011111011100011101101
1101011101010010101100100001001010101000
1100000101000101010100111110000000010101
0010110101111101011000100101011101010111
0101111100111010100110111111011101100010
0111111101000111011000011000101000110101
0111111000101000010110111100001111011010
0110110110111101011100001010011101110101
1111011000001111111001110110111111000000
1000010100100111010100010010010110111101
1010010010101111000111110110110111110110
0011010001010100110110101000010100001010
1100001101110010101001010011001111011110
0011011011010000100110011011100011011000
1110011010100101101110000101001110000010
0110111101101011001110100001110101111110
0001011010111101100110100001111100111111
0000100001000000010010011000100011000100
0000100011100111100000100111100010010010
1000010010111011011110110011010001011110
0110110100111110110111101000101111100110
0111010100000001100111101100011010011001
1011110110110101011011100001100000111101
0101010100010100010001000101010011010111
0000110000001000001010010111111110011011
0010011110000011000110101011011100110100
0111101111100101011011010101010101010100
0010100101011100100011011001001010101000
0011010110001110110111010110100010010100
1000111100011110111111110110100101110101
1010001101110100101001010101110000101000
0010001011101110101011101111001000000010
0010010100100100111110111101000100000010
0011100011100011000100100011101011010011
0101001111101010001010110101101111001111
0010101000111000001010011110010110000011
0011101011001000000000011010101010110111
1100011010011101001011001001111111000010
0001101101110100110101110011111101010000
0101110101100111111111001111011001001010
1001000101110000100110110111111011110000
1110011110111001010101110001100000011111
0000010011101110001000101100110110101000
1100010101111001000100100111101111000100
1001100100100100100000011110110101100100
0111101110011011111101010000011010011011
0110101100011001010011001110101100100100
0101101000011100001100010011011111101100
1011110011010011001111110110001110010010
0010101011111100110101110101001001010000
0110010011010100101010010001001010101100
0111101101010111101111111010101110101101
1110011001000010000010010110010110010000
1000100010101001100111101001100010011111
1000101101111111110001001000000110110011
0010110010011101100010000010101010011001
0100110001010010000100001110100000001111
1100001000110000000100000111010010101111
0000100100101000011000100101101111100101
0010011011010101010100010011011011100101
1011011111010100111010010010110100000111
0001100110101001101001100000110000010110
0011100111000101111001010110000010110100
0101100100001100100011001011110000010010
1111100110000010110101101100001001111000
1101011011011000111011000110001011111010
0110111101011010000101110101010100010001
1100001011010011100110001010000010101010
1110110011110111111001001001011110100100
0011000011101001111011011100111011110011
1000000010011110011111100000010111110001
0011100010111011100111000111100101001011
0010001111100100010100100001101010100011
1100100000011011100111001010111101001101
0000100010001100001010001011011001001000
0101111010101000100111110101000000101100
1100101000010111101110100010011000111110
1100111101011111001110111000010111011001
0101000111111001011111111111001000110101
1110101100100101011010000111001000111010
1011111001001100100010101100000010001101
1010000100101011010111111010111011011111
0011010001000001011010101101000011101001
1001111011000110011010101101100110111100
1110010010010110001010111000111011110110
0000110101001010000111110110111100010000
0001101010010010100000100001111110101100
1001100000101000111111110010101101111011
1001010111000011001000001110101110011001
1100000111010101011010011011011010010001
0101111000010001111100111111111001110000
1101000010001100111101100001000000100000
1101011100101001001000001000110100101000
0010110100111110110000010010000011000000
0101010001000110001110011111110111000010
0010111000000011011010000000111101001110
0010001010001101100101100001100001110111
0011101100101011110101101011001110010110
1010010100001000111101101011011010011011
1110011010101111000111011111100010100000
0100111100011011011001100000011110011001
1111011111011110110010111100100100011010
0010101001110011110010010001100110110010
1011110000110000000111001111110010011000
1100110010000111001100000010111110011101
1101111011100010111000000010110011011101
1001000101001010000011010101011111101011
0111100110010001000001100000010101110010
1011011100111111100111110110001011011011
1011010111111100101001000011000010000011
1100101011011001010100010011110101010101
1101101000010011001110111000100011001011
1100010001100001001101001010011011101001
0110101001110000011011010011001111001101
0010111111110101111010101111100010010001
0011101010010111100100000001100110101000
0000110000110101001110010100010101001111
0001101100011111010011000001100100101110
1111001010101011110001000100010111101010
0011110000101100010000011000111110100001
0101111011110001111110001110100010011101
0110101101110110001000100001101011101000
1100010111011010100111001000011011001010
0010111110100010001011000100000110000111
1110101001001111100111011111010000111100
0101101111010100111011100100110111001100
1001011011001100010110001111011001110001
1001110101011101011100111001110111001010
1011011101011011100010000101000001010101
0100101111001011000100001110100101111001
0110101010001010111011010011010110001001
1011010100001001101100100011010010100011
0100001110011011000101000000110001101010
1100011001001001110011110101110111101001
0001110100101011010011101110001110011001
1101001011001001111001010111101110000100
0101110010110001101011011110110010011011
1101110101100010111101111001110111111010
1000100001011101100000100110100001100101
0001010101111010100011101101011100100010
1011011111100101111001001101011001001011
1010101111011011000100110011110011001001
0100101010000100001111101100010011000001
1011110110110100101000011001000100010001
0110000110000000110011111111110110010110
0111101101110001100011101011011111011001
0111111010100001000011110110011010001101
0101101110111101001010100010111110001010
0001011101110101011001001100111010110100
0001010001000111010011001011000010110100
1100111111110000111110110001101100101000
1010011001111000000101011110111001101101
1110110111011001101001010110000111001101
0010001010110001100110011110000000111110
1000110011010110110110010011110100001111
0101000110001110111101101011001111010010
0011000001111100000101101100110001000111
1000101101001000110011011110011101010011
1111000011111110111111110101011101101001
0110001101001111110101011110000100001011
1010001011101011011101001111110100011110
0100101011110001111110010000101000000101
1101111101010111110111001111001101101111
0111110110110100101001010100101010000100
0111111111110111111101101011010110010100
0101011111100101100010001111011001110010
1000111111100010001110100000111111000001
0010000110101000100110111100100100011101
1010011011101011101111000101101001001001
1100001100001000001111111010010100001001
0011101111001001110100110110010110110101
0000000111111000011101011011010111010100
1110110100011110000000011110101011001011
0100010001111010100011111111110101110101
0111000101000000000110100111110111110100
1111010011100011101100010100001000100000
1101001001101101101111010111101111100100
0011101000101111100110001110101101101011
1011100100010000011000000011000001111011
0000011001111101010011001101010111110001
0001101001011011101000011100100100100011
1011011011101011100110011100101011100010
1100001010110001110000100011100101100101
0111101110111001000011001101111011011011
0000101010011000010101101100010011111101
1011110100011010111010101011110000000111
1101001100110100110100000111100001011101
0001010110101010100001001110000011110100
0000110111101111101001000110011010101111
0110010110000110110010100000011001111100
1010100010011010100100010001001100111010
1110110000001010000001110111000001010100
1011101010011101111010011111001000001010
1001110000000000111001111010111011111000
1100111010001110001111001101001101010101
1111000101100100110000111100101010100101
1110111100100110010110010010100001100101
0001111011001110000010001011101000001100
1011000110101111111101110000011111010011
0011001100110100011100100001110000110011
0000010001110001101111001010010000010110
1100111001001001110100010001001100010011
1111010000000010110010111111010000000111
