40 2047
1101001011101100111011101110010011011001
0110100111011100010011100110000110100111
1100111010111101101111110011001001101001
1111101110001111001110010001011011000010
0100000101110001000001000110100011000000
1010010011000101000100011100001111101111
1011110010011101001100101111010011011101
1100000000001101100011110001110110011010
0110100010000000110011001101011110001100
0000011110001101000100000010110111111100
1010100101100111101000011111110110000101
1101001010110001011100100111000100010000
1001101110001010000001001010100001000101
1000010101011111001011111101001110000100
0001101110011101011011100110010000000100
1100010001010010001010000100111011111010
0000000110011111000101010001001010101110
1011010001110000101101010001011000100010
0001010011011001001100110011001000001011
1101111110110000101111010001110110001111
0100101000001001101000101101111010011010
0000011100110010010110111100010010100100
0011100110010111011111011111000000101001
0000000000100110001111011101100100001100
1100010110001000111101101010000110000101
1011100110000111101001000111100101101010
0100101010110001111011100011010101000010
0001011111111101100011011000001000111110
0000011010110111111101001111010101001001
0000111000100101001000110110101110101101
1011010010101111010011011101110100100100
1001010000001011000000111111110100101110
0010101111011100010111011100001101100001
0010000001010100000010011101111001010011
1100101010100000101101100101110111111000
1011001110010010010001001011100101000100
1011010101101000001011101000111101111001
1000100000100011101110000000111101001000
0111010010011100000001010100111010101010
1111001001110110001110111100111111001101
1101100001001010001001111101010111011101
0110011000111111111111101001101111000001
0100010100011110110111010100100110000111
1100110000011011111001100000111100001011
1111001010010000011110001000010110011000
0011101001000100010100100110111101000011
0000111100100100100001110010010001110101
1101110100011100110111000111000110110000
0010000011110000111110111100110100000111
1010000000101000010101000010001111101001
1101101111001010100000100110000010000011
1011101111010111101011101101010110101010
0011010010110111001010011001000010100101
1100000001000110010111111101001100111010
1110110111101100101011110011100100100111
1111100111001110101000101111000100111111
0010001011111101111000101100111110101101
0100011011111100001101001101001100010010
1001111000100011101011001011011010000100
1111100011010110011100111100110011001011
1111010100000001110001011101000100111100
0010100110011000000101100000011110000100
0110111111010110010101010100111100010001
1100111001100011001100110110110111011001
0110001011010011111100010110011010110110
0101101111101000010100111100001111111010
1000001101111111010000010110011101111100
1011011100111001000110110010111010110100
0101001110000110100000110010001001011100
0000001100110110011011111101110001110010
0100011110110010001010100011111111001010
1101011011000110100011110000101100111101
1001111011001101011100010011011001101101
0001111010110011101101111110110100110111
0000100101101110001010110101110000100010
1010000011010111100010100011010111111010
1011011100100101111001011111011110000111
1001000111010100111011100010100001011101
0011100001001001101110011001001100000000
1001000010010110000100010111111101100100
1010001100100111010010011010100011001101
0000010011110001110000101010111110011110
0110000111011101110101001110101010110010
1000101100000101000000000111101101000101
1101010011110000010010111001110101001000
1110111100100100111000001001111001110100
0110110111000000101101111000111111101011
0011001001101111011000011010111010001110
0010111001010011100100010001110011101111
1000000000011001100010010110001001010011
1010100001110000010011100101010110110100
0000000111011010001011101100111110100001
1100111111110101011000000111001101000101
1100110011101001010101100110011110000010
0010000010010110001001100000100000011010
0011000010101100110100100000111000110000
0101110001011000100100010100100100000000
1001101001000010010010010000111000100010
1100110110110011101001010110110011011001
1100001000101001000000001010100010111000
1111111111000000110100011000110100001010
1110010010001111011000101100001111110100
1101011100010111101101111100000010100010
0010010111101011001001111001001101001001
1001110000010000001001000111111001101101
1100010111001111010001010001110100010101
1011010110000001011001100100110010110101
0010100111110111010011110000010001101110
1000011001111111110010100000101000100011
1000011110110000101001111001100101110000
0111110101100001001101001111110000101000
1101100101101001101101001111001010100101
1010001011000001101011100101100101010111
1110110000101101110111001001000001101001
1000010110001110110111010001000101100101
1111000011011001000110100010011101011110
0011100001110000110000011110100101000000
0011001010001110110001110010001110110000
1111001010110001000011011001001000000110
1010110000011111001100011110100010011011
0011010011101000000010111000111100101101
1110001000101111010000110010001101110111
0111001101001000110001010000011110111101
1111101011100010100101111101101000011001
1100111001010101011010001101000101101100
0010000110011111111000000111100111100001
1001101000101111100011011111001001110010
0101010100100101101010000000010010000100
0111010001001101110101001100010101010001
0100100001011001001000000011001000100001
0101001100111011110010110101000111110000
0000100100010010110101001111000010001111
0101100101000011011101101001101000010010
1011100100101000010011100110100010001010
0010011100100101100101111110101001000001
1101010100011100110001001100010000010010
0111001111110111000001010011011100100011
1001100110111011001101101001101010010001
0100100101111001111100100101010111000100
1000011000100001010111110010100101001010
1000011001011011111110001000010000111000
1100110010010011100010100010100100000101
1100111001011001100010111110011100111001
0101001001011000101001110111011001001000
1101011101110010100110001010111100100000
1101111011000101001110101101101101000111
0011011111100110110010011111011001100110
0010111001001110110111101000101001001111
0001101101110011111010001110011111010100
1110101100001110110110110011011000111100
0011111100100010101110100000100110111010
0000110100000011001001000101101011101000
1000011101011110111010110000000001111110
1000110111101000010011010010001101110100
1011011001100111111110110001001110101010
0000110101100101110000100011111011010111
1010010100101111101101000011000000101001
0110001011000001100000000100001100100001
0000100110001010010110110111001101101001
0010010101010010110110011100110001010111
0000011000101001101110010100011011111010
0010010000001000000001111000111001010001
0100000100011001010001010001000001110001
0110000110101111100110111011101000111001
0101001111111101101011100011110001001101
0010010100000001100110010000101100011011
1100001110000100100010000001101110001111
1111001000101001011001000011000000110001
0101010110111100110001111000100011100110
1000010111010101111110111110010011010111
0011111100110011011110010010001001001111
1010010110011111101111011100101010010111
1000100011101110001000100111011001100010
0100110001101011100011001000101110111111
1001001100010110110000111000011001010111
1010110011110000011100011001001010010011
0000000110101111111110010000011010000100
0100110011001010110000100011010101111111
0000010011100110101101000000101111110011
1110001000011110100000001101100101000111
0010100010011110011001111010000001011000
1100011000000011110011000001010010010001
0110010000110101000100100111000100100010
1101011000011011100000011110010100100100
0001000011100101000001111010010111110000
0010010010101000101010000011001000010000
1101111101000001011111001000101011110011
1101010111110101110100000110111010101010
1100100101011010101000001011110110010111
0001000001010010111000110111000111011110
0001101110011001011110010000011111010101
0100010011010101011011111100100110110000
1111000010101111110010001000110001110001
1100110011100000100100101010000010101000
0000100011100110100000100011101000000001
1111110111110001110001010111011010010011
0110100011111110000111000101011011001111
0100100110011111000000100100101000001001
0100000011000100110010010011110011100000
0011100000111000101101011111000000000001
1000100100010011000000100111011110011011
0011101100010001111001001011101101010111
0101101000000100011110001111000110010001
1100100011001000010001011000011101011001
0100001011010100111110000011011101000110
0111011010100010010100101111010100010101
1001111111010100011101110101110000100110
0000010111011101111010100100101001000001
0001000101010110110010110001010110010101
1101010010101111100011001100111000000001
0110101010001000101001010010110100000100
0101000110011101011100100111111101011010
1000000101011110110101110011001111101100
0101111000001101101010100010010011001110
0100100111110100101111010111000010001110
1011010010110000011110010001110000001010
0000101110000001001100000100000001110101
0001001010111111001010001011101011101000
0011010101000000000101110000011000101111
0011100111001110111100001100111100011001
1000101100110111011100001010101000100101
0111101101010101101010000101000001110010
1110010011100111111011000100010111110011
0000101001000011111101110010111111110001
0100111101111010111011111110111111110001
1111111011011011100101100111110011011000
1100010111111011011110101011000101011010
1111110000100100011011000011010110010111
0000011101000100101011000101101100011011
1100111001111110110101001100110111011100
0011001101001001101000010100101001011000
1000101001000110011000101110100100100101
1111110011110010101001111011110011111111
1010001000001101100101110101100110011100
1111010110111110001000001111101111100101
1001100101111000000001111111110011010001
1110100110000101101000111110100110111011
1101101111010011111001101010110100101000
0110011000100101000001000101100101110000
0111110111011001011001011010111001011110
0100001111110101110100110010010100110010
0110110010010001000010110010001110011101
0101001100010101111111010111000100111100
1000000101101000011000011100110001100100
0110011111010101110110000000000010111001
1011100000000100111111010100110111000000
0010000111100000111010110001011110101100
0010010101001101111110010100010001010111
1010111001111011000110100011001010000101
1111001001111001100101001010001110000010
0110110000000110110010110111100101001001
0101110001110100111011010110100010111111
1110111010000001110111010110011110110101
1111101011101100000110101101101101111010
0010111101101111111101110100000000110111
1110101011100110111001110011010001110101
1000100100100110000110001011100101001110
0111010101001111001101101000100000111111
0111001001111001101010110001001101100110
0101011100011100100001001101011011000000
0000011000100000111100110011111100011000
1110000001110000110010010110010001001011
1000001000111001101011000000000001101000
1110001101100011100110000000010111010100
1101101100011110110101001100111100100010
0111001111100111010000101110101111000101
0110111111001101000100100000010110101000
1001100011101101000101011111110110111000
1000011010011111000001000110000100011010
0110001010000100111111001101110011001101
0001111010111000010011010000100111111100
1101011001001011101110110000110110100111
1110001110001011001100111000010100000100
1111011100010110100111001000100010111101
0000111000011000000001010001001101011111
0100000110101111101100101101011111000110
1001001010101010011001100111001000000011
1110111000110110010010101111110011010100
0001000101101000101100100110001100010101
0001111111110100100000010100100110011000
1111010001101010001110000001111111111011
0010010011001010010000000000001111000101
0000101001111101110110111011111000110010
0110010111101000100100101110000100100001
1011110011000010101010101011111101111011
1101101011011000010101000010111110000101
0110000011000000110001011101010101010000
1100111111111000001001000010101110000110
0100010010010011001111111101011101101111
0010010010100011111111001100101011100100
0000111110000111001001101011000110010111
0100110000111001101110110000100010110000
0010000001010011111000011111011110010110
1101111001000110011000110111111100010011
1011010010110000111000111000111111011000
1101100010110001001001011010110111000011
0100100001100000000100111110011101001001
1111000010111011000101000101100101011101
1111111001101001110001100111100001100011
0011001000001010110011101100111100111111
1100110000011110111111100110101011101100
0000001100111101101101101111010011010100
0111101001011010000111001001101110111100
1000010110001110110111111001101111100100
0110000111111010010111010110001110000101
1011111010001010100111110001000001100110
1100000101000010011000100100101000000100
1110011101110001011100111111000111000101
0110110000111010011111011101000101111011
1001010010010101110010111000110010001001
0000110010110100001111110100001000101110
1010000111000000110101010000001110111010
0000001101110000110101010011011010101100
0110101111110111000101111010010100001011
1111011111100001011111101111111010001001
1101001011001010111110011101010001001111
1100010101010001110100110011101011101000
0110011000001011111111111101000110101100
1111001010101001101101111010010110000011
1101010110100000100011110111110110000011
0111111010010101100001000101001110001100
0100100111000110010011001011111001001010
1001001011011111001101011001011101110001
0011011001011000001101001011110000100100
0101011001011110010110101010111011100000
1111110101011101011000001101001010110011
0001001110101000111001101111101101101000
1111110101000100101001101001101001111110
1111101011101101000110111011100111000001
0011000000111011000101100000110101011110
1010011010011000010001000100000100000000
0001101001010111100101101101100110100001
1011100100100011001010110100101010100111
1111000011100111100000010101001111000101
1001010011010101001110011011010011000100
1001001000111000000110101100001000011011
1111110001010101100110011111110000011110
0101000001100000001010011001110010111010
1101010001110100001010100000001011001110
0110110010110101101101101010111010101001
1100001111011011111011100101100101110101
1010110011100110111001000101111111010011
1101000101100011111101101110001111001100
0110110100111011011111001110101101100011
0000100101001100111010111101101110111101
1101111100011100011000111001010011111001
0101110111110101100010001111001100011001
1000110000011101000100011111101111000010
0010001111100101101001100001110100011110
1111011111000101101001100101110010100010
0000000111011011000001010010000010101010
1100000110001100001100100100011100101010
1010000100100011101110000001101010001101
0110100111000000001111100100000000011001
0011010111010001100110101101100111111001
0001110111001101000110101010010111110101
1010111011101000011101010101001011111110
0011010100011101001100100110110000000111
0001110101101110111111010000110110000100
1110110001011111111100111111110110100011
0000001101011001011100111001001101010111
0010101010000010111111010001001010010000
0111100101100011110011110101011011101011
1101001101011010101100010111010101010000
1011001010100000011000010101001000100110
1110000101111100101001011101010000110011
1001011110000011110110101100001010001011
0000010000100011010111110000110101101111
0100101000101111010011000011000100110011
1100100110110101101101011110001111100010
1000010101010010111000111010011000111100
1101010111010111101010010101011011001011
1001000101100101111000001011010010111011
1010100000110111000110001101111001010100
1010000110110100000001001110101011000011
1010011111001101001100011000111000011001
0010001110011001001100011110101011011100
1111100111011101001101000000110111101010
0000101110000100010001010010101111011110
1101000100100111111001000010010010101110
0100101111110110000011001010110101001010
1110110110111001101010001010001110100000
0000111010000011100001101011111011111110
1011110110111010011000100101011100110001
1101111111010111101110001011101010011101
0101000001111011111110011111110111000010
0010011010101010010101010101001110011110
1110101011110001101001010111110011011000
1111010000010111010110101101000101000010
1011110011100101111101000100000111100000
1001010000101100010100101011111010110111
0010000101001100100010010011100111101011
0101101000001011001010110011100001100101
1100111000011010010101100000010000110001
0100011111011110110100100110100110001001
1100010011101101101000000110111001110111
0010100110110111110011010111100100011101
1111101011011000011001101111111010101011
1010001011111111100100101101010001110100
0111010011000001110100111000001000001010
1001111110011101001011000111001110010100
1000100100111101100010010001000110101111
1010010010010101000110000010100010011110
0010000101011110101010000101000010111001
1110111101110100101100101001101000101101
1011110101101101111110000100011111010111
1000110111111010110101100000010101111111
1001101001001000000001100001111000101101
0111100110001000101110001001111011111001
0011001011000010101111101100111111011011
1011101100000110011100110000101000100011
1101101000111010101111111111001100011100
1100101110110010101010001010001000110001
1100101100101000010111001110101111001011
0111110100111111001011010100011000001001
0010010000010000101011001001010000111000
1110001101011001110111010101110101100111
1010100110100110010000010000001000001101
1011111011111000100111100101010110110001
1101110101111100000111110011101110001010
1011111001011010100111110010010011111000
0111001111000010001001101001011010011100
0100111101110110000110000010000101101101
1001000010011001100010101101110110100010
0000101110001011011101011110010001100101
0010001101100100011111011110010011100101
1111010111010100010100110001110011111010
0110011100111010011101001100110010100011
0010101100100111111000110010100000000001
1011100000111100101111000111010111011011
0001110000011101100111111001000101100010
1111110110001011011100001000001110010001
1001111100000110101011110001101001010000
1001001110100011001011110111100111100010
1010001010010101011011101101011011100011
0000000011111011100110110000100111100101
0011111000111111111011111010110100101101
1111001000100101110111001111000010010010
1000101111011101101111010000000010100011
1101011010010000100111010100000010110100
0100010100101111100011001011010110010010
0101111100111011001100010000000100010111
1110111101011001010001000001100001110000
0101111100110010001111100100101111011001
0001000110000100100111100101010101001111
1010100111011000010100000000011011001011
1010100001010100011110010110010101010011
1110011110101101000000100011000011001101
1001011101001100100110011100011101110011
1100111011011000010000011101111001110000
0111110110110100001101101011011100100010
1011001110010010101001011011001011000110
0011011010010111010011110111110000001101
1011110101011010000101111100011000100101
1100110100101000101111010010011101111101
1100111000000010011111100000011111010110
0001100100110010001101110111011010111000
1110111101110011000001100101101001100100
1001010110101101100011000110010111010100
0111000101111111100001110000110010010100
0000111100000011110101101111101001100111
0110101101111000101110111111001010101001
0001110101111001010100011111111000110001
1100000000000110010110110001010111110100
1111101110100011111011110100100000001000
1110110101101111010111000100100111000000
0011110000000110011110100101000010011000
1100111101111101100100100110101111111100
0010000100011110010001101011111011000001
0001001011011100110000011001100111010001
0001011011010101110100101111100011011101
0010010010110111101000000111110100011000
0011011100010001110000100010010110011010
0010000100010010001100011000011010001011
0100000001010001101001001000010000100010
1111101100000110100000101010111000101011
0100011111010111100110101101100001111101
0111101010100111001000100100110100110100
0110100110001101000100110111001001010011
1101010010101001011111000110010110001010
0000110000110010001000110110000111010011
1110111110011101101010010111111000111100
0101011110111100111001011111110000001111
0110111010011101010011100101001100101110
0000010111010001101010101000010101000011
1100001110001011101110000001111111000110
1010111001010111000010101011011100110001
1001100110101111101000010110101111011011
0011101000101101101101000110101111000101
1010001101111101101011101101100110101001
0111000110010111101010000010111111001011
0000101011100101110100100011101011001111
1101110110111011101010110001001110011011
1101100011111011001010010110011111111000
0111111110101101011011100111110101000011
1100000100101001001011001011100101011110
1101010111111011011010110110001101101101
0010111100010011110000100011000001001001
0111000000110101100001110000110011000000
0101100010010111010111111011011110010100
1000111101110101100001001010100101001111
0110111000101110101101100010110010000100
0001111010100000001000001110001001100001
1110010001100100010110101110101001000100
1011000011011010110010001000100101000010
0011011101011000000110111111000100101001
0010101001000001110011001110101010111011
1100000000101100001010110101010000101110
0010101101111001111110111000111001110100
0101011101001101101111111100011110010001
0010111000011010000001001000000000001110
0110011100010100101000110001100011111000
0011000011101011110000110110010000110010
1000111000111110001100001110000101001001
0000100111011001101011011000100010001111
1011000110000000100110011101011001011110
0111101101110111000100100110111010001010
1101110100000100001010111101000100110110
0101010110001001110000011100101101110111
1011011111100001010110001010001011111010
1001010011001111100101000010101110100001
1001011101100011001110111001001000101100
0101101101100000000010100000010100110110
1000011111100011100100110001011111000111
0001101010000001010111101110000110011000
1110111011110000010101001111100010001111
0010110111110101100111110010110011111110
1010101010111101010001110011100110010111
1010100011110011011010010000011000001100
1010000110010000101001101010111111011011
0101111010001011101100100011101011100100
0001101110011110110110011100110101001100
1001000011010110000100011001101010001000
1101000000001000101101001011111000011110
0000010000011000001000000101001000001000
0111111110011111000011100001110111101100
0110111000000110100011101101000001000111
0010000101010000100101111100111101010011
1100100111110010001000000100011011101101
1100110010110110010100011011101010010110
0011100010010010100101100111001111101010
0101101101010101100111000010010011111111
1110100110111000111101110101110001100010
1010001011100000000111110110010101011011
0110111101111001010011101101100000101101
0010111000100100011101010110011100110000
1111100111110011110011000111110101000101
1000010010111000101100010001111101111100
0011011011001100111100101000000110000100
1101100000100010010001011001001000110110
1111101000110100010010100001010110100010
0011101000111000111110110000100111001101
0010101001110101011111001000000011011010
0010000111001101111001111101111001111011
1001001011111100010011001011001010111010
0011110001011010001100110010111000101011
0001001111010001000100110000110000010001
1011001110000010100101101101010101111101
1001101010110010011111100010010100100000
1110100011011010010100101011010010110100
1001100110100110000100011001111111001011
0000010110110010000001011101000101101100
1000000011100101101010100001111011010010
1001011111001000000010111001111111100101
1000101001111011110110100100000000101011
0010110110001110101101111011101111001100
0000010001110001101000000100100101011011
0111011100100110001001100001001000001000
1001011000110110101010110000011111100001
1011001011111000011011111001011100111010
0101001101100110100101110101010110011001
0110010010011101011111001001011011100010
0010010001011101011010101011110100001001
0110011110111000110111101001011010110111
0101100000100110001010010100000011111101
1000001101000000010111010001100010111110
0111111100000100011000100100000101001010
1010111101111110010111011110101011100111
1000100000000110001111000111001001010010
0100001111100011000000100110000010011001
0110101101111010000111100100001011111110
0111001100100110001001010000110110000010
1101100010111101100100010111011100000001
0101111101101011010110011101011101010101
1101000100000100101110001111100110110100
0011011110100111101101100011100000100111
1010110100100110100010000101001011110001
1111100001001010100010011000101011110111
0100111000100011100111000011001001100101
0101100100011010110111011100001011011111
1010010011111011100011011111001110011100
0111011001101011000110001010001010011101
1011000001010111010001011010111011001000
0011101000001100001111011110011001011101
0000110111111111001110001011111001100110
1011011001001011011110100111010101101111
1101011111010101001010111101111100000011
0010001011010101100000000110000010001110
1011100011010010001110010010000100001001
0001101100100101010101000010110010111111
1011101000001001110100110011101010010110
0111100101111010001111000011101011001001
0010110110100110010001001000101001001111
0100101100010000101011011000011011010010
1101111010010101100111011101010100000000
0001001011000110101110011011110100111111
1010101111010101100010101011111111101100
1011010010111111001110011011011111100100
1001101011000001000110101010110001110100
0011110100110000110100011001101001010101
0111101011101100111001011000110101001000
0110100010110000110101011001110111110001
1100111000010110001101010011001110011010
0111011111000110010110000011000011111101
0000001000111011100101001111000011001101
1111001000100010000011110000100110010010
1111011001010011111100010111001110110011
1100011100010000011001001011001011010011
0011011000111110110001011011000001010010
1010110010101000100000001101010100101111
0101001000000001010010110111100000101010
1010110010110111011011010010001100101001
1011010001101100101000111110110100000001
1011100011111010000000101101100001001111
1010000001001000111001010100111000110001
1100101101001101100110010110101010111010
0101101101100001100000000100101010111000
0010001111100100101010100110111010100111
1011010111111010101110110110001011011111
1010110110101001110101111110101000100100
1000101010000010100100101111111111000101
1011000010111001011110001011110100010100
1101100100100100010001110001011110111010
1000101101110000000100111000101001111000
1110011000001101110101000101000000111011
0011010000111110101100010111000011001001
0111100101000010111101110110100111101111
1100111011101000110101110000100001110000
0011000110011000100010100110100000001101
1110011000010111000000001101100101001010
1111111100011101101001000011010111010011
1100011111010000101111011110110001100000
1100101011001011101110001100000011010101
0001001011100001001101111010011100001011
1101011000111110000100100101101111001001
1101011111001110111100010111111001110100
0111110110101011110111111000101111100010
1111000101111100110000110110001011000001
1000101011101101011001011101101101010010
1010110101001001011011111001110101010111
1011100100101100011011001111010000000110
1001011010011111110100110101110011101101
0111111001000011000010111001010100001000
1010111100111011000010110000101101100000
0010011001010011111011111110011100010001
0111100001110111011000011000111100011111
0111110000101001010000101001101101011111
0100001011000111010001101011100010001001
0111000000000100010011001001101011111110
1000101001010010100111000000001110110000
1011101001111100101111000000011001000100
0000001011011110000111100110110001101010
1111110000100101110010100110111110001010
0000111100111011111001011000011110001011
1111011101111011100010010100111111101110
1001001110010100100101101100111010000011
0110110001101001011000000101111110000010
0111000010010110111001011001010000001011
0011000010110001001100110001110100110100
0001110001001010000000100111011110001111
0101100111111101101100110100110010000100
0010010110000100001100100010010010101000
1010001100101001000011100101010010010101
0000111011101000111011111111100110000011
1001101100000010100000000001111000101011
0100110110001110000010101011011001110111
0111010110100101110101100110001010001100
0110000111101101101001110001010001100000
0010011010100000000011111101100011110100
0111110110101110101101001101100010011100
1010110000100001111011001001111000000110
1100001000111011010001010100100101111101
1101011010000111101111001111000001010101
0110011111000101010101110100110111010100
1100110110101000010110011101100110101001
0111100111000000010000011001000001010001
1000001111110010001111001110011111000110
1001100100000111100110000001110111000100
1100100001001011000100011001000001011110
1010111111111010000000101010110110111000
1110001100001011100010111011101010011011
1100100000111011001100100110100000010010
0010001001101111101000100110110001100010
0001000100000111001101110011010000011111
1001011110110110000001100101001111011011
0111011100001001110010010100111001010001
1101011000010110011101011001001110101111
0011101001111001000100011111011100100110
0000110111001011110010111010000100010100
1001001000001001000100011010100110110010
1010110010010110001000010010101110110001
1111110101101001000101000011101110000011
0111000100000110001101111010010111110011
1011101010100100110100010111000110001110
0001001000100110001101010010011010100010
0000000000010100010000111010110010010011
0100100111110111001011000101011111000011
1101011000100000100100001100111000101011
0110101011001101010101010000110011110000
0101101001010100111010111111111100011011
0100110010010001111100000001101001000001
1000110111111101111101010010011110110000
1010110010101010001000100011001111000000
1010100100111101001011001000100010100000
0111011101101110010100010111011110111111
1111110010100110101001010000011001100111
1001100100010111001101010001111101110111
0000011100010110000111111110101110000110
0011001010110011100111010011110111000010
1001011010001000011110111010000110110110
1011110000111101001010111110011101001111
1110100100110000010001000101000110010011
1101011001101101011110111111010000001001
0111010101000101010101111001101000100101
1111000001101001000101101001111000110010
0111000111011001011000010000111101101101
1110111100100110001101101010000000011101
1000111100101000001000010011111000110011
0001011101110111011100110011101010000100
1110110110110001000110001111010110111011
1111001111000100011000011010011000001110
1101001110100011010100110111011011110000
0110110000110100011011001000111001101101
1010001000000111011100110111111000011010
1010110010110000011001001000100111110101
1001000111110100010101001010001010110011
0101011111110111010000101011110001011110
1110011111001101000011001111100111110010
1001100111101010001100111010010000001101
1010110010111010111110000011101000010101
1001010001111001001011011111010010000001
1010000010100101111111011110010101110111
1110001000011010011000100000010001011011
1010100000110111011001111100100001000000
1010111010100001010100101111100110100001
0000110100001100100001001100111001100111
0110010101011001010110010100011000010101
0001100111011001001001011000100111010011
1111000000011111110001101010110001111001
0111001111010110100111000000001110111100
0010010110101010110011001110011011011010
1001010010101001110011011101111000010111
0011110001110100101001000000001111000111
0011010110110000100001101010101101001011
1101001011000110101000001101110100100111
1011101101100011101101001011100011111000
0100001111010111101000110010000000010100
0010000010110000000011100111101100001011
1100000011000111110111110010101100011010
0011001100000100001101010101111010011010
0111101101010000000100010001101001111011
1101101101100101110011001010011101000000
1001011101001100101110011001000101010111
1110111111101100001101011111111111000011
0101100001010011100110010010101000001010
1100100111110011000010001110110100111001
0011101000000111111011000000101000011110
0001100011011111010100001101000000111011
0100001011110100010100001110000000100101
0110101010001110100010000010010101110110
1101110010110011010101010101101001100100
1001010100000110110001000101111001011010
1001100010100100101001010100011011011100
0101001011110011001011001010001000100100
0111100110000110011110100010011011100101
0000000001101010001110110100001101001110
0110010000001101010010010010001001110111
1000110010001001101110100111010001011110
0100111000100100101111100101000100010100
0111100110111011011011110010011111111011
1010110101101111111110010011101011000101
1011111110111001001110001111000110100011
0001001100011101110011011110000001100111
1100001100101010101001101010010011110010
1001100000110101110010100010000111011011
0001101011010011011001100010010111100001
1000100001010000000111010111100111111000
0000010000111111110111111101111101001100
0000001100001110110100001110101101011001
1010110000110011111010100110100111011111
0110101111011101000100000001010001111010
1011101000000011001100011001101110010010
1100111101011011001100000011001000010110
1110011111010000001000011111111000000101
0111101000100101010011100110111001010100
0000110111000100110010010000100111101000
0110011100101010000001010111001100100010
1010110110101100101010001000011000011010
1011011001011110000010100100001111000000
0101000110101110010100001101100011010011
1010110100101101001000101111001000111111
0110001011100011110101010001001100000001
0000111111010101111110100111001110101101
1100111110101101010001011110010000010010
1110001010100111011111111111001000100111
1100000000010111101101010010001111000100
0111101010010011001010111100110000100010
1000011100101000111000100111100100101101
0110101010100000010111010001101011011100
1001101111000110011001101111101110010111
0010101110000010100100000111010111110101
0001100011001100001101111011101101111101
0101001110000001011011000110100011011100
0111001111001000110001001000100011001101
1101111000000101101101010001001010110111
1010000101100011010100101011111101001100
1100001001100001111100110011011110010101
1011111101100010011100010000010110110010
0000001101010010111110000010001100011010
1010111101010110111111111110110000000011
1100110100000001111001100100001101010011
0110111010110000000101101101100001010101
1001110110110110101011110100101000110101
0110101101011101001110011100100000001101
1111100111000101011011110111110101010100
0100001010001100001111101011101001110000
0011101101100000010011010011100111100101
0100101101001110001000001010011100100111
1011010110000010111100110110101011101101
1101010101100100110101000111000011000100
0000001111111001011001111010000011101010
1000011100010010000100110110001010000100
1010111110111110100100101010011000011010
0010000000101000010001000110101010111010
0101011010110000011100001001111000101000
0101111110010011111001101000111110000111
0110100100100110100101101011000101000000
1100100110101111100001011111000001001111
1000001010101110011001111100011111110100
0101001010001010100100111010111111011001
0011000101100010110010000111101111100100
1001010000101001111101011101111000111000
1100101001000010001100110110011110010000
0111000011001111110001001011001000101010
1010110000111101101000101110111111000111
1001111011101011101100011000011101100111
0100100000001101011010000010011000101000
0101100101000111101011001100101000011101
0111010111111110010011100001111000111100
0011010001101001000000100101100000010000
0000010101010011000010101000100011000001
1110100111011110100001010101000101010001
0000010100011101010001100011001100101100
0010011101110001100101011101000000000010
0111111110110011010000100101011101000100
0010100010110100010100111100110110000011
1101100111101110011100011110011111001100
1011001101010001011010000101101001111001
0010110100101000000001001010111101101001
1101001000010010010110110100100100001101
0000000100011011001010000000111100011100
1001010111000100011110011110100101010010
1001111000011110001000000011101110001101
1000001000111001111010110110000001011101
1011001001101000111101111111111101001101
1100111101110000110101101111100001111100
0101111111011011100000101111000111110111
1011110010001010111000011101001110011110
1100010100010111101001111111110110010100
0011100111010101111111111001000011011111
1000000101111010000110100101101001100010
1110011010100000001010100001001111101100
1111111101101001111010101111011010010101
0100111110000110101111001011001011010000
0111110000001101000111100011001110101010
1100001001001101100100110111100111000010
0011100100100110111000011101111000000010
0111100110110111000011101011111001111101
0001000100101001110101011010000100111111
1101010110100101110100100010101101010111
0110101111001000110101000111110010011110
0000101100010110100101111101011111010000
0000110001001110110011000010011011101000
1101000000001111000110010100010100011000
1001011111011101001010000111011011111100
1001100010110000110011111110011011110110
1100100101110010101011010111011011011000
1011100101110110000101101001010100100100
1001111010111010101001111100010000110000
0100001000101001001001110111001111011011
1000011001110001000111111000101010010100
1000110111010111011000010000000011001000
0001111010010100111101111000000100100101
1100010100001111010011100111100010010110
1011110101000110010100001000100100110011
1010101100011101010011010110110001001000
1001000110000011110100011010010111001010
0111111000011000001110101111001100100110
0100101110100110101011111001101001010011
1001010010011001000011101101111100100101
1110101011100011001110101011010010000110
0000111111110110101101111000011100011001
1010101100000100100101111000111101110000
0101110011111110110011010111000000011111
1011101111101000001001011010011101001001
0100011000101001100101010100000111111111
1110001010000010001001101110000100110101
1001110111110110101001010000110011111001
1010101011101101111010110101111001000101
0000110111011011101001000111110010000110
0001001001000110110010101010010000010110
0111111011000111100100111111011110010010
0111000110000100100001010100111101101010
0010100100000000010011000100010010101101
0100011011001110101010010101111001011001
0111011101001011010010110101111001011101
1101110110110011110000110110101100010110
0010110000010010010111101100100110011110
1000100000010100011010011000110011100001
0111000000010101100011111001101001100001
1011111011100111110111110101111001001001
0001110110110101110110010001100100011100
0011100111000010000010110010001000101001
1001110101110011010110111111110100011111
1100110001111001011010011100111000110111
1000010010010101100100110010101110101101
0101001101100100101001010011111110111010
0100011111010110111100111001101000111010
1100010001100101110101000010100111000100
0010010010100000000011111111011110101010
1000010101011111000101001101001000011100
0110000000111000111000110100010110100111
0100011010011001010000010011001000001100
1010000100100010011011100010010011001101
0110100001001101101011100101100001101010
0001100101000100001001101101000001011101
1000111100100101111001111101001000011010
0101010100111111100011100110000000110010
1100011011010110100101110011100101101011
0101001010100100010110110100100000110000
0011111011100111110110000111111011011000
1111000110101011100111011111110101101111
0001101010011111110100110100000010111011
1110101010101100011100011000001011011010
1010000100010011001001100000111001001011
0001110110001101010100111101110100011100
1110101110100110000011101101110000001010
1100010001101100010101101001001100111011
1001011011011100010101001101010101010100
1101110110001000111000101011101010010110
1010011011000101100011010100110000100001
0011100100010011000001101110001110111010
1101001101010000100110000001110011110111
0101110100100011110100110000111000001100
1000111001110010111001101011100010011111
0010011010101100101101000100000000111101
0011101010010010010101111110001110111110
1111011011011000011000010001000001101101
0011001010011100011000000101001011000010
1101011010011110110001101011011011000101
0101100000111111001011101100001001011001
0011110100010100100101111101110100011100
0010100100001000011110111110010110010001
0000001110100100001111110001110000010000
1111100010100001000100100111110100011010
0001010001000000110010110010110011011001
0000111011101000000011100011010011111011
1111010110100000111011001111000010111011
0001010001100001110110111100001110001010
0010100100000101000010000110010101100011
1100110001111001110100011010000100001110
0000010000100101101011110101000101110000
0011101100000000111100110001111010111001
1100000101100010101101010100000111100010
1100110000100100011010100010111000011001
0110010000111111010000101111101001101101
0000100001001110001100001110111101111011
1100111001101100110111101100001111001110
0011001111001111000010000011001110100110
0101010000000010110110010000010101101111
1100010100010110000001110110100011001101
0110100011101100111101101010100101001011
1100101111010000100000110011100011111111
0010010100011101100100101011101010001101
1111000011101111110110000010100000100010
1010110111100001010011001001110101000000
0100010011000111100110101100000111001101
1101111110101110010001100100000001011101
0011111110010000101010000110010100101111
0110010111111010010010100011010001110001
1110100101111101010110111100010110111011
1000000111000101111010011111101101101110
1111111100110110110001100100110001001001
1001011000001110011000101010101110101000
0111010010000101100010010110110111100001
1101000000010100010010001000110010111111
1110100011011110100110000111110100111100
1000010011001111101000100110011000011010
1011111011100111001111101000000111100010
0111000011100011000011001000000011000010
1001110101000100110011000001100001010111
1011110000011011111001101100111011111011
1110010001111110011101011110110101110000
0100101000011101000001000001100101000111
1110001110000111101011101010110010010110
1001011000101011001100000010101011000110
1100000100110010001110000111101010010001
1111111000101110001011001011111101100000
0001111110101010101010101101011010000001
0000101110101110111001001110000001001111
1011100101110101011111101100000111111010
0010101110011101011101000101110101111001
1010100101111001000111100100101000101111
0101110110000000010110010101010001100100
1110010011000010111010011000101101101001
0100000111001100011000000011001010110101
1001000111110001001101111010000111100000
1011111111111000011111110010001101001001
0011000100011000010001011011100101101000
1000011101000001101001100101110011101110
1010100111100010000111000100100110010000
1110001001100101001000100110011010101010
0100001101100011111111011101011000011111
0100011000110001100111110101110100111101
0000101000001001101110011100100111001110
0101101111000000111010100101110011010111
1011001100010011001000011111101000010100
0101000100110010100001111110011010001101
0101100001111010110011100111000100110000
1010011000100010011111001000111000010111
0110010110111010000101111011001000001000
0111101110011101100001110100010100110111
1011011110101000001110010011000110111000
1010100010101100101001101011001101011011
1001111100010100111010100101001001101010
1110111001111001001101001001011101000101
0100000101101010001100000100001110110110
0001110110100010100001110001101110000010
1100101110011110110100010010010101000010
0110100101101101000010001101101011100110
0001101001111000111011111110101101110100
0101101010001010101000001100111100111001
0010000101011011110111111101011100011110
1110000101110010100001000010011000111011
1000100000000000001001110111001101101011
0110001000111101101010001111111111000001
0010001001011011110011111101100000101110
1101101000000010001001100010011110100110
0111110001111101010100011010110001010011
1010111100100000110110100000000010010100
0111110111011111001111011011111101010011
0110110111011111100000010000000000110101
1111000011011100101101101010110001111001
1101011111110111000101110110011001000010
1001100110111010010110001000011110011010
0111000100010011111011010101100110111100
0111011111100010011011111100001000111010
0001001110011010000011000010111110011001
1010000000111000111111010000000000000011
0101100101111110111001011100010000101110
0101110100100110011101000100101111111111
0110101100001101001110011001100011110101
0011001111011010101001110001110001101001
1000110110010110110011101011000001011010
0010111000001101101000010101111110000011
0110000110000000000000000100010001111010
0100111101011000010001110100001010100111
1010110001000011111110110010000000110110
0000111001110000010111011110001000010111
0111010011010000010101111111101010111010
0011100111010011110011010011011011010001
1010000110111011100110000000000110000101
0001100100000011010010100111010100011010
1111110011011100110001111000111100111100
0100001010011011101101010011110101010000
1001011110001001101101101001100001000001
0101110001010100010101010010100000001110
1000001011110110110010110111111110011000
0111111001011011001111011100101001101100
1110110001000010100111010111000001110111
0010101000101111000001010010110111011100
1000111100100000011011110001110010110011
1111100010101010011001010101100000010111
0011000001101010000110111010000110110011
0111010010001010010011100100111101110010
1000001011110100100110100111001001100000
0000001110100100011001110100101110111101
0100110100101100000000100001101001001111
1110100011011010001011101100101100000011
1000010101101011111000110101001111001011
1100000111101011000001000101011000111100
1000100001010010111111110100000111111100
0100111110101100000111110010110011110010
0110011110101011011111110101011100100001
1010011110100000011010110100001000011000
1000000001101010001010110000001100010001
0001100101011101001101000001011010101101
0000101010001101110011001000010111111101
1001111000101010010111110101110100111011
1001010101001111011100010011001000101111
1010111010101010110101100001110000000010
1100010110100011000010010111111010000010
1110101010111110011101101010110000101110
0111110111111100000010111100110111110110
0011011111001010100010110011101011010010
0110100010001001010011001001111011101011
0110100111110100000011111111110110000111
1111111010110101011111000000101101100000
1111110101000011110101001100101100010101
1110111011101100100001001001101101101101
0100010000001111100011001000010101011011
1110101010100111011001010101000001100101
1110010010100100111111000101110100110011
1011010111110010111001100111001101110111
0100111001101110101001101001110000010001
0000110100011001111011111001111011001101
0000011011000001010100011110101000101111
0110010110101001001010010011000101010100
1011011010111101010100011011100100010010
1110101000101101001110110110111011111110
1010100000110100110111010011111010100001
1111010111011011011110010100101000011001
1110110011111110111011111101010010111100
1100100110101101101010000110100111010100
0010011001011011101000011001111011000110
0001001001101000010000011100011101110111
1001000011000010110010110100100010000001
0011011110001111001001101010011110010010
1111000001110101000101011011100101011101
1101010101011101110000010110100011101010
1110100100101011111110110000010101000001
0110110001110010100110101110100111001111
1110101111000110000101010001010101001100
1110011111001100100000000001010110100011
0111001100101100000000010001111001001100
1001010100001011110011001100110110101101
0001110000100100100001100100011000011101
0011110101010110101000010001101101011011
0110011011100111100111010101100011000011
1010101110100111101101010011001111011001
1001000011011100101110010011111101110111
0011011001011110101110100010011100011111
0110101101000000000001100001110101001100
0111100000100110101011001000101010100100
0110000010111111000100110011000000010001
0010111100111111100111010101100001011110
1010010111101101100111000001111101001011
0010111010100101111110110101011101001111
1100101000111010110100101100011001000101
1111000110010110011001101000001001001100
0010110000111100010011110110111101011100
0001001001101101001101110011110011001000
1110010011000101010010101100100000011111
1011001000101110111101010100100100110000
0110111011111101011010000111010010001001
0011011011010001001011110000100101111000
1111001001010001111001111111010110010101
0110001000101111101100010110010110100110
0100010111110111110001000001001100100110
0101000111101111111101110110011011010000
0001010000100000001011111010001010111000
1001100100111110100111111101001001011111
1001000001111011010011011110100000000001
1001110010010011101110011011111100001110
1010010011011101011011011000101001100001
0010110010110101101011101001000000111101
0000011100010101101110011000110100111001
0000101100110001101001001010000111111000
0011011000101100110010100111001111101110
0111011001100101101101010110001111001001
0101000010010110111011000010010001100011
1000011100001110010110010001100000100010
1011111000110111011011000001011000010110
0100010100011001001111011100111101011110
0000010101010000010000011101101011111110
1110000100010010000010101010001100010011
0000000101100111100001000010110110010011
1001011010100110001110110010110010000010
1110101101101111110001000110010010011010
0001001011010000100011000010011001000011
1000101100111110010001101010110000000100
1010110010001101011101000011110110010101
0011100101100110000111000000000111111000
0110111001101000111001001001100101101110
1001011000100000000001111111101100100110
0101011011100000010111101010011110101101
0000011110000010111000110000101111010101
0111011111000001100100111010000000010011
0110000000000010011100111010000101000110
1000000010110011010010011010101001111001
1110111000111111011001111100011000000010
0001001011001001001101001110100010001001
1001100010010111100100100001110101011101
0100100101011000110110101001101011000010
1110111001101000110100001000001011011011
0010100110010110101101000111000110000010
0111101000110000100010011100000111011010
0011010000111011010111000011011111000011
0110110111000101001011100100110010111011
0101110001010011100000100000001101010011
1110100000001010100110000110001010010111
1101001011110001100101111011111100010110
0110100011100010111111100000010001011101
0000001101111011000010101111110101101111
0100001011010000101101011010101000101100
1001000001001011110110101100111111101000
0100010010100111111110001011000001110110
1010101011111110101011100010111001111110
0100010011101111000011111101110110101000
1101010000011111010000111111110101001011
1011001001101110011111010111110100000111
1011011100101011000011100011001001111110
0000111100111001010000000011101011101110
0100011010001110001010110011100100011110
1100010110101110001101100110100100001101
0100010010101000110101101010101011001111
0110111101111110100110110010000100110001
1000100011101010111101001110001101011011
0101111110010000111011100011000111111101
0101111101110110001111101101011100000010
1011000100111001001110101101111100010001
0001100011101010101111000101000101011101
0110101111101110000100110001011110100010
0111101011000110011100001100100010110100
1000010110011010000100010010101001100011
1100100110100110110011001010001100111000
0100010100001010111010010001001010110000
0011000110101101010010000101011011111111
1110011010000010100111010101100100011101
1100111111101001110010011000010101100101
0101001111001011000100101010000000111011
1111101011000110110010110001000010110101
0100101100001100011010000110000100010111
1101001110001111010011101001001000111011
0001000100110111000110011110100101000001
1101011000010010010010000001010100010011
0110100100110010110110011011111000000111
0101100100011110000111100111110001111011
1110000010011010010001101100010010110000
0110010001011000000100110101001001011100
1000110001100100110011010100100000001000
1111000010111011010111110000010011011101
1110100100000000110110100010101011010010
1000010110101110100110001001001111100111
1100000001101001011110010011000011000010
0010110101000111010101000001001101100001
1111010101110101111111000110010010101010
0111110110110011011110010110001100111010
0110011000011101010000010101111111101001
1110101110111101111001000001001101111101
1011001010101001100011000010000101100000
0001001100100000011111101010100101011011
1111000011111110010010101011000101101000
0111101010101010010010111011110100101010
0110001111010100001101100100101111110000
1000111111001111011000010111100001000101
1000100010110001110001110011110101100000
1001110111011101111101001100100110101110
0000111100010110000010001111111000101000
1110011101100011111101111110101101110010
1010111101011100010100010011000000001111
0000001101010000111000011110001101011011
0101101001000101101010111111010100000111
0100101000110101110011100001000101000110
1101110111111010011110111000111110110011
1001011110011101011000000010101111111110
0111001001101000100000000000001000001000
1000000110101011011010010011101001001100
0111000111100000010100110111110110111011
1010001011011100111001100101101011110100
0011110111111001100000111000001001001101
0011000111111001001010111100011110001000
0111101100010001011001011010100100011100
0111010111000001000010001101011100101010
0000101011101011001001111010101100111110
0000111011110100000011110100001100110010
0001100011000111010001101110000011101001
1101100000110000011100110010101101011110
0000111001011001010011110111000010110101
0111001000001110110010100010110001101001
0101111101011101111001011101001011101111
0101100000010111101110110000100100001011
0010001111101011001100110100101100010011
0011100111001100011100010100110111000100
0110110001100101001010101001101100001001
0110110010001110111101110100001010110100
1101001111111010101110001100101100110011
1111010100001111100010110000011000101001
1100000110001001010101111111000100001110
0001000111111100100001000110011101001011
1110000000110010000010101011011011101100
1001010010001001010110101110101111110101
0110011001101001111010100001111111101000
1011101001101000000110110110011111010010
0110110111010110100101100101111101100010
1000110100110010101111111111001000110001
0011001001111101010110111100101110111111
1001001111010110011100001111000001101111
0110111010101001010100011100011010000001
0111111100111100000010100100100111111010
1110010101101011111010011101100000100100
0111101111101110111011100110000000110100
0101010100111111101000000110001100010101
1010011011001011001011101101010011111010
0000001100111101100001110101010110101000
0010011011111000111111111111100111000111
0011000010011111110101010011010011100011
1110001001100111101011111111111000011011
0000000001010111011111011101000010000101
1100111011100011110011000110101110101100
1110001110001111111100000100110011100011
1111111000111101111111011100001100110001
1110001001110111110110110001011110110110
1111101010001001110111011010111010010111
0100101111111111010111000010111001001111
1110001010001001011010011101101000101111
1010100001000000001000101011011111011110
0100001101010101101010001110111100110001
1000100100011101111011011001000101100100
0110001011111011110111011011001101110101
1110100010001110101011011001110100010000
1011111111100011000000101011001100100100
0110101110000000100110000000000011000111
0010101110010011111001110101000011101101
0011111011100100100011010101001101000000
1011001100111111111000001110001100011011
1111111011101110101000010101010110001011
0101010001011110110100101101101101100010
1100011011101111111000100110110111110100
1101000011100101000101110111100100111100
0011001010001111000101100010001111010100
0100111100010000100111110111000100010000
1111111000010111001010000101000110110111
0001000101100010011100000011001010001010
1010100100001010110111100000100110000111
0100100100000111111101100010011001100111
0010010110000010100000110111000100111110
0101010110001101111011001001001101001011
1000000111000111100100001101110110100110
1001100110100000101100011111000111111011
0110011000111010011101011010010110110011
0000011011001000110111011111100000111001
0101011100010101110000111010110011110011
1011010111110111101100010100100101101110
0101000100100001101100010000101111111011
1101100111000001011111111110001000111101
1110111100011011010101110001101000011110
1010110100001100001110011010110010000011
1011001111111101010111010111010011100110
0011001011110110001011000100111111110100
0101100101101111011101111011100101101001
1000100110100100010011110101010010100101
1001110101011101110011000011101010000000
0001001000110110001000111100001100111000
1011001011111001011101011001001001101010
0101010110000101110011110011011101011111
0000111111001010010110101110011001111111
1100111011101001001100110101001111100101
1000101110011100111100010110100001101110
1011011110110011001110010000101000110100
0101000100111010010100111111101011010110
1101000010001000011000010110110010110010
0110001110101001101010110100000001110100
1000001000110001000011011011110110000100
1011100010101001000100100100101011000110
1100010010111000000000001000100000010110
0000011001010101011000111101110001111000
1010110110000001011001001010111100010000
1001011000110011011001101000110011110100
0100101010000001101011101101100110010100
1010101011100111111001100111110100110001
0110101000100001111010001000101110001010
0000110011110100111110011110111011010101
0110011101110101101001001001010001100011
1000010011000110111010100001110001101010
1000111101100100011011011011111000101100
0101011000001010000001110000110010101101
1110100011101010000001011010010000111101
0001111010100111101111110001101010011011
1000101101100101010101101111111100100100
1101110101111001110100001010100001100011
0010110010011100000011100001001011111100
0110101101101000101010011111000000100101
0011101111000000111100100100110001001100
0111100010111010011110010101101110101010
0101111011001010100101111100111101001011
0000011110101101000000101101101100000000
1001110011101111100000100100011001010111
1010010000101111100101001110100000011010
0101000101110001110100111010010101100010
1111100111110001100011001001100001010010
0111001100100110000100111100100011001110
0111110010110110010000011000111000111001
0000010001111001011000011011011100000000
1101110000000101110101010000001010001111
0001110100101101111110000001010101110111
0110111001101111111101010101011011111111
0000011101101011100101000110000101000001
1110101010000111100101011100101011000011
1111110101010001111010101101110100011001
0000001001101010000100111110011000010000
1101100110000001001010001010110000010010
1100011001001001110101100001110001001101
1110101000001111011100100010111110101000
0011111001110010000011000001001010110011
1110100001101101011110010110001001100100
0000101010110001001001000100101111010000
0100101111111001110000101110001011111011
0011011010101111101110011001111001101010
0000010000101110000000001001100101100000
1110101011101111100000100001011111011000
1010110111111010111100111011100111001001
0000000110001011001101000001111100101101
1010111001101000010010101110100110011010
0001100111111001110001011010111110110111
1011010101110001100001001010001010010111
0111000100100010111011111110101101011010
1111011010010101010111011000111011001010
1011101010000011010101110010110011101011
0000111001011110101111001110011110011000
1001110011000000001110010000000010001011
0111110000010100001010100100111011001011
0011111011110110010010010001010100111010
0100011100100101101100011011010101110100
1001001111000000101100111000011101101001
0000000000100000111101101100100010101001
0100000000001000010010010011001100001011
1101110010100101111011110001111000110100
0101101010001111011100100100111110000001
1100100110011101010110101001011100011000
1100111010100101000011000100101010000001
0100110000001000101010111011011001010100
1011010011000010000010001111100101111000
1111011000111100011000010110111000100111
1010111110101011000101000000101010011001
1100101110110001011101001001001000010000
0110100111100010110110101011101101110110
1101001101001011001110111101010010101101
0001001011110010100100000110111000001110
0000100000010111001101000010011100111110
1101000011010000010101011110001101110010
0010111111010101111101101011011101101111
1000010000010110110011011010100110111100
1111011110011011110001110101111110001110
0110110001011010010011110000000000011000
1011000010001000110110100010011111001101
1001010101111111100000001000110100110011
1010011010101010111110011010100111100100
1110011110011001110000011000011101110100
0011110010101101111011101101011111111000
0101000000101010000011001110001101101000
0000010001101110010001101000110010110101
1110110010010101110011010011000110010100
0001001011010001010111011111001110011010
1011010110101100000000000111111001010000
0100101000100011011011000011110000100111
1000100010101010110111001010000111101001
1110001001110001101001110000101110111111
1000010000111000001100100000101010110111
1111111001001110101100111111011000110011
0000111010000100000110011111100000101100
1001000001011111100011100000110101010011
1001101110101011010111011101101011100011
0001000110001001001000111100111101110100
0011110111111010101111111000010011111011
1101110111010100100101010110001111110100
0101100000011101100011111000101110010010
1001001111010000010011010001110001100101
0100110001101110101001001101101100100100
0111001111111000111001111111011100111111
0110101000001011001001001100110011001101
0110100101000101000110100001010110100101
1001010011111011101100111101111110001111
1010100010101101100110010110001000110001
1010010000011111001101001000001110011110
1000110000011110100101001101011100010101
1111000011101001011111010101010101110111
0010111101001111110011100110001100101100
1010000010000000110010001001111001000011
1000101111010010100010111011110110001100
0101010100000101000000111100110110000111
1101100100011000101101111001001000110011
1110101110010001111001100001101110110010
0111101001010100000101101010111111110101
0011111111011111111101011110100001001100
0011100001000111111001111101110010011110
0000001100100000010000100110000001101001
0100100110011011001110001100101111000001
1111101110101101001000000000011011100101
0111110111100000010000010101111110000000
0111111000100101011101010011001111101100
0001011110010000010010000010010100011001
0001100101001110111001010000100110111000
0001001000100101010100101111111000110011
1110101111010000110101000110011110010101
0110011111100101011011010011110010101111
0101010010000010111001110010110010000100
1110000101100110111000010111001001000010
0100000001111110001100101001111001111000
1010000111110101010100101111011100010101
1100101011000101011001101101001100010001
1001001000110111100010110010110111110001
1000010000001100001010101010111100100101
1111111001111101101001001100010100100001
0110100000011101111011000000010101001110
0010101100111100100110100000111011110000
0000110011101000000010010011001101010011
1111011000010011011111100101111110010000
0010000011000000101010011111100111010100
1110110100110010010111000001000100111101
1010001100111000101010110101110101111110
1011011110000011101001000011111110110001
1010001111010110000110100100001000111101
0100001110011100011011000010011001110001
0001110100010100000010111001010010001110
0000111010000011001011101010000101101001
1101000001100011011101111010000110000000
0010101001110100101001001011010110110101
0001101011111011110100110001010001111110
1011110010010100001111110100001000101011
1100000110001101100001110011010100011001
0100011111011111011000000011111011000111
0010010111000000001011101100100100011001
1101010011111110011101110101010000011001
0101110101000010001110000110100011101010
1110110001010010101011001101010001001011
0110000000001011011000100000010101110011
0001110001110010101100010101011100111011
1100101010110001010100010001101001110100
0011001010001101001000100001101110000000
0101011111100100100001111001110101100011
0001100010001000100101101000100100001111
1100110100001001100001001100010001101110
1101000110000110101101100101100001011111
1000101111100100001101000111010110111111
0010001000001000010000001011101010100001
0010000101101010110000010001100111011011
0001001110001100011000011001001110111001
1011111010110100010111001111000111110011
1011001001010011001100101110010010001010
1100000011100001101000110001111100101011
1101110000011010001010110101110101110110
1010010100110110111101101001001011001010
1001001000001001110101000011010010011101
0011101010110011010011110110010010100100
1001101100100010110111010000101011010000
1101010010101100101010010000110010111110
1011111001000011011011011011100010000011
0011110000010110000101000100110111110010
1100100101101111001101001001010101111110
1110110110010001111000010010010010110101
0100001100111000010011100010010001011010
0000101011000110000010100001000110010011
0100001100111111101000000000011111011010
1000000111001110101101111001100110001001
1010011111101101010111110101011101110000
0000000100100000001000111111100011110111
1000110100100010000001110000001000101110
1000000111101111101001000110111111001010
0100011011110001010110010010111011110011
1101001100100101010011111010011100101011
0001110111001000100010011001111000111101
0100111101000111110010110010010011000111
1011010000010110010110110110101101110011
1000101111010011101101011111110110110110
1110100101111101111110111001011010001000
0010001110000100000010100010100010011110
0001111110101111111111101011010011010010
0010010001001001000001111100111010110110
0100101001110001110111000100001011010001
0011001100111101000111000000000100101000
0000110000011010010110100000011000001100
1000011101111100100100101010011000000001
1001110111111010011110111110011001000001
1001001110000011001100000000000101011011
1111100011100011101101001100011110010001
0011101101000111110100111101101111010001
1011110010101101110101001110111000111101
0001010001100000011011011100000001110100
1110110000010011011000111101100011011011
0111000101110001110001010011000101011101
0011111111100110011000110000110100010111
1010011010111111010100011101100010010011
0101010000111010011110100101011110101101
1011101111010110101010001000110010010001
1100000100000001101110000000101111010101
1000011100001011000011100011010110001111
0001110010010000111111100110000010111110
1011110110101000010111000100010010111000
0101101001001001010000011010101101011010
1101000010001011111100100000001100110101
0000011010000000101110100010011110110001
1001001100111101010111000101010110001011
0000010001000101101101101101101100011010
0101010101000000100101101101110000100010
1101110000110001110010110110001001111011
0100010010101000011010011011001011111010
1110110110111100110000111101100110011101
0110001000001110001111101011001000010011
0110110001111011000010111100000000001100
1101000001101010100001001000110100101001
0001000011011101000100011111111111110010
0010000001000101001101110010100100110110
1010010111000110001101010000001100101001
1111001001101111000010000010110100011111
1111100101010111010011100110110010111001
0010010000000100001100100100010011000101
0001010111100010101001011011110101111000
1100110111110010000010110110010011000100
0011001011010011100111010110100110001011
0000110100010001011111100010011000101000
0100110000001110101111111001010000110011
0010000011001001110010111110101101011001
0001001011110111001001111111110001000111
1110101111010111011011110000101101111101
1100000110110001101111101101110100100111
1001100010000110101010110111100011000010
1100101011000011111111010010010001010010
0000001000110001111111000000111100100011
1000110100011100100011010010001010010101
1000101011001111011101001011100000111100
1110000011000111000101010111100000101001
0001111000000001000110010110101111111011
0011110101100111010100111000001111110101
0001001010110010110010011000101110100011
0000001111010010000100010110001111111111
0000010001011111110010000001000001101111
0001110100111101110011100010001000010111
1110101101010111001010110001010010100011
1101110111010100000110000111110001101010
0000110101101100001001111000000110000010
1100110011110001101100010110011010100101
1000101010101001111001011101011101001100
1110000101111001001100000000111010010100
1010101100100000101010010101000001111000
0011110011010000011110011011101001100101
0010001000011110100110000011000000001111
0100011111111110010101010001111011010010
0100110100111111100000011100101110010001
1101100100000100010011101010010110001100
1001110101000111111111010000001100100110
1010111110110111111011011100000010001001
0110110001101001000111111001111010000101
0101111010000100010110010000111010101010
0101010110001101100001100011111111100101
1100111111001100101111011010101111110110
1010011010001101001011110101001110000101
0000110100001101010100001010100100100110
1011111101011110111000110111000011111110
0111010011101100111111010000011100011000
1011100110000010000101010000100010110111
0010111111001001100010111011011100110000
1001100110011110100110111011110001011101
0001010100110101101111000001100000011100
1100111011001110110001001110100111001001
1110011010011011011010110100111110110001
1110010001110000001101110100010100101010
1011010100010000010100010001000111000101
0111111100100001101111110011100110101000
0011010000111111111111110011001000101110
0011100010100100110100100111010010110010
1000010111000000000010001001100010011100
1100011100000100111011111010111001101111
0111100000110111000100111011110100011111
0011010101110001100000000001100111111000
0101000100001110110100110100100001011101
1101011100100111100101101000101111111110
1011010010101100111011000110001100000101
1110001011000100000100011000100100001111
0001110011011111101101100100101000100110
0001111111001000011011101000101100000101
1000010101011100100011110110001101110110
0010000010000111100101001011111011100001
0000001011000000011001011011111101100111
1000001100101111101110101100001101101101
0000111001111110000010010010101011000010
1111101000001110000111101110001011001111
0111000010100000100100110000111100100000
1001010101001101100100000011010000001111
0011100101001010011100111001011011101101
1100010000001011110011010110000100110111
1000110000011101001110001010100101011100
0011100010010110100110000111101111110101
0011010100010101010001001101100100010000
1101001111011000011000110111001110101101
0001100110101010110000101010001101100100
1111111001110101000010111000000101111010
0001110001100100100111001011011110000001
0111111000101001011000111101101000000100
1111000011101101110110110000111001101101
1001011110110001111111011101100000010000
1010000100111100110111111011011101111110
1100100010110100001101111101111111100111
1101000100111000000100101111011010111011
0100001110101101011100000111011011100001
1111011010100010100011011110011110101110
0011001001101100000000001001101011000100
0011011110010001111100111110101000011110
1011001010111101101000101000000101111000
0100011110110000100111010001011110011101
0111110110101101001111111111101111111000
0000000000111000000000011011000010010010
0001110010100110101111010111011011111100
1101010101100111111000100001011011011100
0001100100011110000111101111110101001011
0111111101101000011101011100111111111001
1101101110000000110111011011101101000110
0111010111011111111001010000100011001000
1110101000011100110010110100011110100001
1001010111010010010000011010000111101000
0001111011111110110011001000101001100100
1110101110001110010001110101100100100111
0101011001011101101001000011111010000111
1010100011001011011111111100111101010010
1100010110100100110101011000000100001101
0011011011101000110101011100111011001011
0101010001010111011010010010101100000110
0111100010010000001010000110101100110011
1000011010111110010101110011101000100110
1010100100010000001000010010011110100110
0100000111001101100010110110000010010010
0111110000111101100001110101010101011101
0101000001101111001011111011101110011111
1100000100010100001010001110111101011110
1001000011001101011011001000000100001011
0000001110100000111010100011100001010010
1101000011001011010110000000010000010100
1000101111010000010011100101101101111111
0001110110000010001101100111001010001010
1100101010010000000010001010000011110100
0111000111111111101111101111010011101101
0011111000111101011100001011011001100111
1110101100101111011110001101111110101000
0010010100101011101111000010011101000110
0010001000110101101000100001101101010000
1011011011100011100101000000011100100010
1001001010110010101111110000101100000101
0011010110001010111011001011011000100110
1000011010001001001110101000100000001101
0100110000111100010110101001100011111010
1001101010000010110101010011001000110100
0001111100110011100101101110001110000011
0001011101000110101111001100100110111111
0000110011010100110110111011001010001110
1101001011101101011000100101101110100011
1100111110001000001100010111110000011000
0111001101000010011000000110000010011101
0010000010000000010110001100110110101001
1110010001101001100010011010101100100000
1100010001010001001001100010000011111111
1110000001000100101011110000010101111110
1111001111101001010010000011100110110000
0000000100010101001101100101011000101011
1011110100110000101010111111101111011001
0111111000110001011001010000111001101001
1111100001110111100110011101100011111110
1101100100111111100110111010100001000011
1010110000111010100011000001010101001111
1001101100100011011001001100100100010001
0000011101001100011100011001101011111100
0111110001011010111101010010011001000001
0111100011110011001111100100010101001000
1101010010011110111100111111110110010100
0001001100110011100000001100101011010110
0111111011110011010011011111100001001111
1000000100111111110110011111010001100000
1001101000001111101101110101010101010110
0011101111110000100100000101110100001110
0001111110011010111110011111100110100010
0110001001110111000111000101011111011000
1011000100010001101101100110000110011000
0101001100110001000010101101111010010111
1001010100110001100100100110010000100111
1010111000100001011100111110011101010101
0111110111000101111111101010111011011001
0111110010111111100111010011110011101001
1010000110100000011001100001110000001110
0101010001100000010010111010101000000000
1000110100000001101110100011001000001000
0011011101010100111111111001100100101100
0011110110101010010100000111111011010110
1001101101010100110100001100010001000000
1011110011011101110010000010111010000110
1001110111101101110101011111110110110110
0111001111101011000001011001110010001010
0100000001001111011101101010111111000001
0001010011010110001010001111011111010101
0010010011111001111100011001101100010001
1001000000010001100111101010011100000111
0100110100111100011100101000111000010110
1010110001010110110000000010011010010001
1111011101100011111111100100111100000101
1100100001101011000010011111000110100000
1110111010010101001101001010111010001001
0011000100000111111001101000101111010010
1000111010101001011001110110100111111011
0000011111110100011001100111101100001100
1101010001111100100011100000000000111111
1110010000000110001101100111010100011111
1001010110111101101110000000111110001110
0011101101101101000010000001010100000110
1010010111011111100001011010111100010011
0001010110001111110111101001010000010100
0001100010110100000100101000100010101001
0110100100011011011110101101011100000010
0010010000110111101111000000110111111100
1110010110011101101110010110011000001011
0100111111001100110111001010101011100010
0100000111001011011111110100011101010101
1010111011100011000100001000001001111011
1000110101001000101100010100111001010111
0010011001100000110000010000001000000001
0010101001011100111001010010010001010100
1101001101111110010011011101010010100000
1000001001011111010111011101111111101100
0001001100010011010110111100110000000001
1011110100110011010110000100110011100010
1011000001101100000111011011001100001010
1000001111111101000000110100101100110110
1100111111011100000101000001011111110010
0001001101110111011110111110100100010010
0010100100100010110001101110010000101101
0000101110110001110111000110111101101000
0010100011100000101100111111101101010000
0001101001000000101011001101101000110100
0010001000100100001110111000101100010111
0000110010111101110100111001101110000010
0110000000001100100001011111111101110111
1011100100111000100111010001111101101111
1000001101010010010110101000001000001010
0100011010001111100010011010101011011110
1110110010111111111101001000100011111111
0100010010100000000011000011100101001000
0100111101010010101111110001010110000110
1111011100000000110000001010011101100010
0111000111110010001111100001010000010111
1111000100000110100011100011001101101010
0000111001110110101111101000100110100011
0001111111111000100101110110110010000011
0111101100110001011010001011111110110010
0111100010111011100010110100011101111011
1100010101000001001110111101110011010101
1010011000000101000100111011111010100010
0100010010100101010001000001001100100101
1011010000001001110101101111011100001001
1110100100100100010110111001110110110110
0011010110011101100101101110010001010010
0000010100010110000001010111101101110100
1100110000001111111111010001101101111000
0011011100011010100101111011010000110100
0111111110111111110001101011011001011111
0000000010100000011100000000100101011010
0110100100100100000000000000100000111000
1100010110010100110010101001000000101011
1001010010000100100100010000101010101110
0010101010111110000101100110111000111000
1100001100111101011010010111110001010111
1011000001100001100101110010101101011101
1100001101100010110010001110011001101110
0001000110001111011001101010101010111010
0011000110000011111100100001011010010111
0010000000111001110111101101101111110111
0000110101111100001110011001101101000010
0011011101100110110110111101100000110011
1100111110100100000011000100100111000110
1101010000101101110000000010000101101101
1000000101100001000000001001110010100011
0000010001000000000001110011111100110111
1000011100010111010001001111010111001001
1101100000001101000110011100110110011110
0100100011011000110000011001010110101001
1100111011100001101101010010110110111111
1100001010010000101110001110001011010000
1001000010001000100101111000011101111110
1100111001100100111000001010100101011100
1001101111101110111110110010001111101100
1000000011001110111100100100011111100110
0101110010011110110000010011100111000000
0010101010110000100011111101110110101000
1100000100011101111000111100011011001011
0101001001001101010110110111010001010000
1010110110110001001100101000000101011111
0011100011000110110010111100000101011110
0011110010100010101001111001100010101011
0000100100011110101110011111000001010011
0110101000011011101010111111111011000111
1011100000101001001010111010001011001011
0110001100000001110111001010001011100001
1011100111001000101111100111100011011011
1000110111101011101111001001010111111100
1011001010000101101101110110101111101010
1101001100001010100100010011111000000111
1000100011100000011100100001011110011100
0000101010101001111001111100011001000001
0011110001000011110010000000000000100001
0000111001001001011000111010100001101000
1101100000100110101010110011101101110010
1011011111000001011011011001010110010011
1010111100010010101011110111110100111000
0111011101101101010010110010100110110010
0111100001101111011101110100001110010110
0011110010010010101100010110111110010111
0001100010111111001110101001101110110100
0000011101110100000111011001101100111111
0101010000111010010000011001001101100110
0011110000100101101001110011100010011111
1101101101001010001111100010101010000101
0000101011000111111111101000011011100001
0010110101111011000100001001100010111101
0000010010010100001101110110101100001111
0010010100110111110101101101010101001011
1001111001001000101110010110100110001000
1010110101011100101011100110010001000010
1011100001000000100010011101000101011000
1100101101000100110001100100011011010111
1010110000110100000101101100010110000101
1010001100011111010001100101101010010001
0110010100100110111111100011011001101110
1101001000111001101101010000001101011010
1110100100001100000100110010000110001110
1100011110100110101010000010101010011110
1101110001100000111111101001110010111110
1100100011000110100111111010011111010011
0111000111011010111111011010110010011110
1010010111110110111110010110010001001001
1011101011000010001110110011001001101111
0011010000101000001100111010011100100101
0111000001110001110101100010111000101110
1110111011100100010011000100000101001010
0110100110111011100100011101110000000100
1010111110001101001110001101000001011100
0011011001010100011011000001110111111011
0010100111011100001101111100000111101100
0000101001100101101110101011100000010100
1110010001100100101011000101000010010000
1101010011101011010111111001011101000101
0011101010111011100101011000001110010101
1010010101110100111111110101000010111010
0001100000001111110000000110001100111101
1111110111110111110111101111000101011001
0001110011011001001110001001010001110011
1100100111101110101011000110011100111010
1000000111100101101101011100100000100110
0111111111000100111111110010100100110100
1101001101111101100000011110001111101010
0000101011011011111100001011111111000011
1101111110100111110011110100100000101111
1100100100000101101001111100011101111110
0011100100001110010110100010100100111111
1101010001111000000010110101110111001010
0110001111000010100001011110000110010010
0001110100000011101110010000110001111010
0011010110011111100011101011011000101111
0011101000111001111100011111110011001000
0100010110001010100011011010010011010010
1010011111100000101010010110101110101010
0110100101111101101100010010110001100001
1000011010111101011110100101111000001100
0011011011100101100111010100101100010100
1111110110001011100001011100100011011100
1001110011111100000101001011001010010011
0011010000000000110100010100111100111100
1111001010101101111000111100111111011100
0001100010110100011000011011010010111001
0100110101101011110000101010010110101110
0111011100101011110100111010010000011100
0000010010000111101010010110100100101000
1111001110001011101000001111111011111111
0011111010000110100110111101010010110000
0001111111100101011101010111111101100100
0100100000010100101001110010000001111001
1110000101010110110010101010001000000100
0000100100010010101111101101010110110000
0001111100011100111010101100111001101011
0100110111111001001001001101011000110110
1110000110111110101101111101000101001011
0011100010111010000101010111010000000011
1100001001000100011001101010010010010110
0011100001110000011111100001011000001101
0110110000000100011100010101011101110011
1010010011101110001001010010010010000111
0001101001110010010110100001110011000101
0001000001011110101001111101111011000011
0000110101001000011110011000010111000100
0101101000110011101110010101010101101100
1110011011001101110100000100111011001001
1100110100110010000111111110100010001101
0111111011101101010010000000101101000010
0101000001111110001000100010010100001011
1110001101111001010111100110001100000111
0011010111100110100100100000101100010100
1100000001100011011010110010001110001100
0111010101010110001010100111001010011111
1100101110011001000101001100001001101000
1101010011000110000001000010010100101010
0000101000111001110100100111011010111110
1010010110000101101010111011101100111011
1100111101101110111010001100000111011010
0001001111011100000110111010010010111010
1101110100101011001000001000001011100110
1000110101110101011011110010011101011110
0110010101001101110000110010001101100001
1010011110111111000010101110010100101100
1001001011011100001101000011111110010001
0111000110010011100111011101001011111001
0100010010111010101101001101010010110011
0000110100111110001001000001001101100011
0010001110110111111100001110100111101101
0011000000001010101101001110011000110110
1010010100011001011111100100011011000100
0101110000111101100101111100001011101101
0100010000110101110110001110100111100100
1101111100000100111000100001010111011011
0100101100001000001001010110000000010011
0100011001010110001010000111110001101001
0110010000001101111111111011110010101011
0110011111001010110000001110001111100010
0110110001000100110110000111100010000101
1000011000111101001000110010010100001010
1001010010110001101111011100011101010010
0100101110010000011000000000111111000110
1110000011100110110101010001000100001001
1100011010001101001101011001110001101000
1101101101011010101111100011001110111010
1000011101010000011011010000100010100001
0000100111100001000010011100011111110011
1001110100001001001010000110000111101011
1101101000101000001110101001110001001001
1110111011011100101011100100011111001010
0101011000101101001111110010100111110011
1011011000110110000110000101110001101101
0100111000000101011111000000110100100111
0111110110100111110010100100010000000101
1001011011100000001111100101000110011111
1111111110100111010110011001101101111010
1001010110111110000100100110101010101010
0101110001011101011010011010001001000100
0100011000111101100110010110110000001011
0000011001010110010011100011100101000001
1111011101110001111100100101000010011000
1100101111110101000010101100101010011011
0011011010100101101001001011100101111101
1011110100110011101001110011111010110110
0100111100010001010010111110100000001011
1010001100010010110010001110110100111001
0000011100000010110101110100100011010111
1111110110000101010100010001111101011010
