40 2047
1100001110001000100110011111101100101010
1010011000011011010000001000111111100010
0100111111101111100101101001011111010010
1011110010100001000100011100000101111011
0101101111001111001001010000011000010001
0001010001100111111000011100101011011001
1100000010001011000101101010100000101001
1101110011111101011101001111100000110110
0000110000010000110101110100000010110110
1110110001110101001110011010101000101100
1100110001110110001111001100110100111000
0010001110001101111111100000000011100110
1100111000001001001001110110011001010011
1000000001110011101000011101100101001100
1000001011111011001101100100011111101110
0101111010110000100010001101010010110111
1001000111101011110101000111000110111100
0010010101000001101001001111000100011010
1101100011010001101110101010101011101001
1100110101000110101100000101001101000011
1101110010111011101010001110011001001000
0111010001111010011011010111000010000111
1001111010001011011001100011111011000101
0111100110111010100011010100111010100000
0001110110011010001010001011011010010000
1100011110001010010110101100110001001011
0000000001010010001000111101111000110110
1101111010101101110010010111001010011111
1010110011110111110011111111101111100010
1110110001001110101010101101110011010001
0110001110110000010101010001101011000000
0001110010010110111111110001011000100010
0101100110001011000110110000100001000010
1001101110010011010100100110011011100110
1011100111011111100100000011011000001100
1011010110100111011001001101110100000100
1011111010110010101011110011001001110111
1001010011101110010010101000101000111001
1010001101110100110101101111001010010100
0100100011110000111100110100110100001110
0011101110100001010100011001110011011010
1000111101110111111000011101011110000010
1010001100100110111111000100011100011111
1000111101101010010000111001011010100111
1111100000111000101111101100000100101000
0011010000001110000110101011010101010100
1111011000110101101010000101000100011000
0011111100010011010111000001010011111000
0011101111011111010110101110000000111000
0001001111100100101010101111101101000000
0001000001011010111101000101010101000010
0110001001010001101000010110000110000110
0000001011111000010000000100100111100001
1111111111111001110000111011010111010101
1011111100010101010000000010111010101010
0000111101100101100011100110110000010010
1110001100001100111010111000101011111011
1110110101100001101001000010010001111101
0110110101110110110111100011010101000100
1011100000011110101000100001010010100010
1001101100100111111100100101010100111101
1111111110001000101100110110011001111100
0100101000001000110110100111100111000110
1100010100100011110011111000110101011110
1010010010110101101010011000100011010110
1010101110101000011001010100001110001110
0001000101011001010010111011110100101010
1100010001100100011000110101010111010011
0110110010101010110110111111010101101011
1111010110001100000100001110010110001101
0111011000010000010111100101110000011001
0010111001110100001010111010101111100111
1001011011111101000100100101001101100001
0111000001101111100111001111101010010101
0010100010111111000001010011001011100111
1000100110010010110011010111111010101001
0100011111011101100001110100001011100000
0001010001101111100100000111111010101101
1001001001110100100100011010001100010010
0100111001000111111000000011001111111010
0110011101001000001101000000110001010101
1001101101100001100111101100100000011101
0110000100000101110111001100100111111000
0000001000001100100010001111100011101100
1001000111100110110110111110101100001000
0101111110100101011001000000111000011000
0000000100011011011100110000001100000010
1001000101101110000000110000000010011101
1001111101001111010011011001100011101101
1100011000010100100011100010111101001100
1011010011011101111011010110010110010110
0011000110010110000111110011000100001111
0010100011000000110101100000010100011111
0011001010111110100011110100011000001101
0111011111111110111010110011101101110111
1111101001000111001000011100101100111101
0001100101101000110000010001100101100000
0001110011100111001011101111111101001101
1110111010010101001110011010001111000111
1011100110100001011001101010110101000001
0100001011001000100010100101010111001001
0101011000110001000111101100011110011111
0110110100001110110100100010111010100010
0100000011010000101010010111011011000000
0111010100010101100001101000100000111011
0011101001000101011000000001001110111000
0000101011110110111011011111010111010110
1010001010011011101110100110111001110110
0111000111110111100000010001001111100101
0100100001101001111101001111000111000011
0110101010001111110010010010001101011001
1110000101011100010110000010000001111000
0001011011101101101110101001100100001110
1111111011000111011111011011111010000001
0111000100011101111011101011010110011110
0101111100111110101011111111011001110010
1101010001110011100101001111110111110000
0110111001100001111001100011100000000111
1011101101111110110001100111101110000101
0100101100000101110011011010100001111000
1001010100110100011100100110100100001001
0010101011011010000100111101111111001100
0111101100101101010100100101110001101010
0001000010000101001000011010110101000001
1011011110110110000110101101100001000011
1101011101111110001010110110001110001111
1110000010111100011111010101101001111110
0001110111100000011001100010000001001010
1100101011001010110000111011101100010000
1101011010010000011101110100010110010101
0100100000101100100101001101000011000101
0001111010110101111000110011011000110010
0110100100110011101010111110111000110011
0101001001110011100111100011101110010101
1011000100001011101010101011101100111010
0111111010001100010000011001101110111100
1100010110010101000010011101100110111001
0110100010001111111110011011100011000011
1010010110001011001101110110110001101000
1110000100000011000101110001100011100001
0000110001101100010101010101100100111101
0111010111110110000011110001110100011110
0011011111000010011000111110010111110100
1001110111100101101100010110110101110110
0001100010100000110000111011010010000110
1101101101010011100000010000010011001010
0110010101111001000110010001110000111100
0110011011110011101100111000111111110001
1001010010110110000110011001001001110000
0011111001110110110000111011001100001100
1101101111010111101010111111101000000001
0111001100111100011011010111011010010110
0101000111001101010011100011001001000001
0100010001110011101011001011100001110100
1011011011000100011110111100110110100111
0011011101000000000011101001010101000101
0011000100011100010000110101011011111110
1111111000000100010000000100011010011100
0010001111000100111000111110100100000111
1001001111100000001001111110000110011000
1110001100100100000100010000000101101100
0001011010001110110101111011110011010100
1100001011111111010100000001001101111100
0011001000001110011010000101011111011111
0011111001010111010111001100111111000100
1100101110000100010111000100110110011101
1011101001101010111100001011001101101001
1001101100101101111110010010011101000110
1000101011110011001010000000101110100110
1001110011001110100101110110001010110010
1100111000111100110011001101001011110001
1011010111001001100100011110010000010101
0000110110111111111100001110001100111111
0000011111100100010111110010001010100101
0111111110001101011011110100100000010010
1101110100010100110100010000011101110111
1111110110011000110111100001100000100011
1001011111011011010001100110101100011101
1110010000000001100111100010000111010101
1001010000010111010111001011101001101110
1010111000101011111110100100001011011110
0000001100001100000000000011010100001110
0110010101100100000011000101100011010100
1011111101000110100011011010010000011101
1100001011001101110101010000011101010110
1001101100001010101100011010011001100100
1101100111101100010111101000100000001011
0000111010111000101000000101111101011001
0101001111111001100111110111001111000110
1101011110001011000111100111010100000110
1100100111110001100110111111000101110111
1101101001100000001110111001011110100101
0101101110101101111111101110000100110011
1001010100011110101001100101001011111100
0001100100001001100111111101000011010010
1100010101011101111011101100011010101011
0011100111001110001010111111100001001101
0001000100101000000010000011000110010111
1101100101110110011010111110101101011100
1101100111011000110010110110001101111110
1000101111000011001101110000000110001010
1111001111001111010101101001001110101010
1001000010010100110010001011011111101100
0101101011110100010101111101110010100100
0011101100010001000000000111010100000111
1001000110010010110001010100011101100100
1101111011001010000110001100010001100000
0100011100000011101110010000101001001100
1000101100100111100101100001000010101110
1101011111001000011011100101111111101011
0100100110110110001101010111011111101100
0110010011001101100110011011110100000111
0100011110110100000110100001110111100100
0111101000111111100111100011001001100101
1011100110101001101010100101100010011000
0111101010000101100010110001111110110110
1000001010000010110110011011110001100011
0011110001001000001100000001011101010111
0001101000110000100111000100110110111010
0011000100110111010111011110101100110100
0001101100000010001001100000010000000101
1010101100010001011100011010100010001010
1010010000101001001001010111010111001101
1110000100010011111101011111100111010100
1000100101011000010010101101000101101010
0001011010110110101100000000000100011101
0111000100110010011000011111100111001101
0001111010001111101101100011000110111011
0010100101100101000101111001110010100000
1011111010001011000110111110011010101110
1000111111110011101101011100010000011100
1110111010000000111010100111001011000100
1000101101000000100110100000001101110000
1000011001101100011010000010111001101000
0001100100010011100001010111001110011000
1011011001001010000110011101110001111010
1100101010000000111100011000110101100100
0010011000100110101101001111000110100111
0000000011000001110010001111100000111101
0000001001110001000010001111011001011110
0011011111111111100011010011110011010100
1011011100100110111010101101111000100010
1100101000100110110011000110010011011101
0011011111101110111000100001101110000000
0010101100010111000101101001011101010110
0110111000010111111000100101010000011000
1001110010101101000010101011011010111110
1001000100101011111110010001000111111011
1110101010111001101100100011011000001110
0011000001100001001100010110000010100011
1010010000010001110101010000110110010101
0001111110010101101011011010111010111101
1110100000011110100010011010001100010001
0100010000100110011101111000110011001100
0100011101110001001101110101000100101110
1100101001100011101010111101111011101101
0110111001110010001000101010001001011011
1111110011000101100001100011111011110011
1001011110011110010010111011010111010111
1101111010110011011100111111000000111001
1000000110100011000101100000110110100111
0010010111110111111101001101000100100011
1111111100011011101100100010110101010100
1110000000100001101001110011110110011010
0010101111010111000111000010110001011000
0011000111010000111100110111110000110100
1111110101111100101101110010010110010010
0111001010101000001110101100110111110110
1001011110110110001010101011110101010100
0010100100100001100001011010100110110110
0110100100010110001100001001100001010100
1011001001011011010011111110011000011111
1101001101110011010111011001111110001111
0000011110011010110011010110011111001001
1100000011111011001010110010110011101000
1000010011100010110100100001011101111001
0100111100010101100001101100111110001110
0010001111111110011010100011100111100000
0110000010110110111110111110000111001110
1101010001001101010100000100101011000110
0000110011001000001001110001010110111010
0111010001101110011111111100100111010101
1110010011101101111110011100111001111100
1010010110000000010111111101011100001000
0010000100101110110101110110000010111000
0010000001110110011000111101110101110011
0010001100001101010000011011010010111110
1100011101111010001111001000110000001000
1001001101010110100110111000010110111011
0111101100011111010001101100010010010111
0111000000101101101101001011011001011110
1010110000111100011101010101000010111011
0100010000111011011101011111101100100111
1000100111111011010011111011110101001100
0101010011110101000001010100100100101000
0101101000011010001110011100111001000111
0101011010011011111001001111000000101100
0110001001011111110111011101110100000011
0101100111110010001001101011100110000101
1000011111000101110001110011110111010100
1000101101000001000001100111110110010001
0001010110000011111110100001101000100001
0010010101010000100000110111110000100000
1000000110011100011110100100001001000111
1010011010110101101110100101001101100000
1111000000111011000111000101000101011011
1010101111001111110100100010111000110011
1110100111010101010011011000110001010010
0111011000111111001000101000011101000000
0100110011101101110011110101101001001101
0111111001100011001111100110000110111000
1111010010000101110100010110000101011000
0110011000111011111001010000111001000110
0000111110001101000100000011110010010010
0001110101110100100010101010001111100010
1011111000110001101000000101110101000010
1100111000101101000110101100010100000011
1101010111100110001000000110100110111111
0011010001011101010010100111010000110000
1111110001100010010110000001011111001001
0010011010001110010011110100011010011111
0100011011110000000011111010101111100110
0110001011111110001000111001010011111100
0000101010110000101001110010110110110010
1110111101100000101111000100100000010101
0001010101101010110000001100000011110000
1110110011111000010111111111110010011110
0000011100000100111110011010011100111111
1000011110011101000011100011110010010110
1100001100011011011101101100101010110111
1001000000011100101000100101110110010101
0010110111000110000111110000100010000000
0100000001100000001111100010000110111100
1100011010001001010000101010101001010110
1011101110000110110110010001011110100110
0110001010010101111000011000100101110110
0001010111111101110100110100100111000000
1001111001010010101010101010001110111010
1001110010100001011011011011010111010111
1101000100010100010010100101100100110011
1001001011101011010100111001111100100111
1010100110000010111000111111111101000010
0000110001101011011100111100010110011000
0111011111100000011100100011001000111101
1000000010110111001010010110000110111101
1101010111110111010011001000111111011010
1001101011110111001110010001101110010111
1100010010110010110100101011111100001011
1001111101101101010100001111001000111011
0111100000110110000011000101001100011101
1000111101101001111000010101000011110001
0100110111111101011000010010110001001110
1011010000101001110111000101011111001101
0011010011011100000110011100100010000110
0111010011100111000101100000110101001110
1100111011001110000011100001100100111011
0001010011110101001101111011010001110101
1111111011010011101001010100011010000110
0101010010000101011001100101101010100011
1010111100111110101111110101100000111111
1010001010011000100000000000001001010001
0101011011110001001001010110110001011000
1110000101001101111001110010011100101001
1101011010011110101010100110010111111000
0110101100100001011011001101110101101011
1000010011010101100101011001001100001110
0110100111101010110110101010000011010101
1010110111001101111110111011000001011101
0001010011010100111000000011010110111101
1000111111011111101000101000110100010011
0110000111111110010000001100100110101100
1000000001011000001010011000101010010110
0111101101101011101000001100001101000000
0000110101111011101110111101111111101011
0010101101100110110100101100111010000010
0001111011100011111110100001001100011001
0100111000100011001110101000101010000010
0110100100001000100100100001100001110100
1000100000110000111100100100011011001111
0011101111101011110100100011110100010101
0010010000101010010010110000010011101011
0010011100110110100000111001000110101011
1011010100100000111001110100101110111111
0000000101110100000100110111010000110111
0100010000011010011111010101110110000111
0111101101110010000101100110000111000101
0100001111000101010001011101010101111110
1000101111001111001110001111000100000001
1011101001011111100100100001111110110001
0111011111001100000011000110001101010000
0111011110000111111011110001110001001110
1101101011100101100110100101110001010001
1010000110101000111100110101110100111011
0011000000111011110001110010010101011111
0010010000000011001010101101000100100110
0110110110001000000000111001100110110000
1011001011011010011000111010001010101001
1111001001011001101101101100001010100100
1101101010010101110010111001000000110111
1101100110100011010000001111001000010001
1111111110000011011011101101110111000111
1011010101010111010111110000110010011011
1111010001100110111111110000100111000000
1101010110110000011110101111101011010001
0110100100011110011001000011010100101000
0101001000010111000001101000010110001110
0010010111110001101010011110100111110000
1110101010000111001000101001110001001100
0111000001000110110000011100101001000110
1110011101110010110101000111010000001001
0010100001001011000110000000010100010001
1001111111001011011111000111001111001000
1000001010010101100001101010110010101001
1110001011110010100100001110100001111111
0010000111100001000101011000010100000110
1111010101001101001001110000000101010000
1000110001010100101101110011101001111001
1111011000100010011101111110101000111000
0011110100001111100101100110111001111001
0001111011100100100010001110010111010100
1100010011001010101110100111100000111111
1000111101000110100101100011011010000110
1001001010101001011110110110100100010000
0110011001100101001010000111110110111011
0100010010001111001011010100000110111101
1111100111010100011010101111011100101100
1101010000010100001011000000010110111100
1001100011010010110000000000100111011111
1101000000011000001010111100101010011001
0100100000111111100001011010011001000100
0001101101110111000110101110001101111111
1011011110100010000111100001111101111010
1010110010111101110000111100010101101000
1000011100001111101010101100001000011100
0101001101000101110111100011110100000010
0000101001000110010010001101101110011001
1011111011100110011100110111111111111010
0111111111100000111111000000101110010111
0011110100100100111000110111101111000110
1001001011000011110111111010000000110110
0101000010110001101011010101010001111100
1111101000011101111111100101010100100000
0000010010101101110100111100010011110011
1001110001010011111110111101010011011011
0111111101100101000001111101111010001111
1101100110110100000111000111011101001000
0101101111100101110111110000110100100111
1111000011100111101011011111100101001000
0101000110110000100100101110011010101000
0110100111111001101101011010000100110011
0001110011101111001101010111100110101111
1100000100101000110010100110000010100100
0011101111000100000001001000010110000011
1001000111001100011100010101100100010101
0010010111101101000010011000011101110011
0110001110000001011110011001001110011110
1000111010101001101001111000110011010100
0101100000110001010101011000101101110000
1110001010011010010100010111000100111111
0100011000010010000001001000000010011100
1010010000111101111110101101100111000111
0111100100010001111011100010011001011001
1101100101001100010011100100110010100110
1111011100100000011011100100110110001011
0010000100101001111010011000010100000101
0101000011111111111101100001111010111111
1101001000111000011001110101000000000010
0011110001000110001011111111110111101010
1011110100000000000000110001111101110011
0010010010010100001011011100111011100010
1001111101000111110111000101011010011001
0111111111101101110010000011011100011111
1111111010000100001101010011101001011000
0010111010110000100001100010111111111100
0101101100100001011000100111001101010011
1110101111110001000011110011001010011100
1110110000010101100001110110111100110101
1101001111001111000110101001111101011100
0000010010101100111110000011111101100000
0100010011011111100100111110011110100100
1000011001001111011011001111010010000110
0000101101111101010111110010110111001110
1010000100110010101100001111110101111000
1001011010000100111010111111011000110000
0011010000001001100110101000101110010010
0100101110111000111000100010001000000000
1000100010000001110111111101010101100010
1010100011110000010010011011101110111011
0110000101010100011011101110000000010110
1010111011011111011000111100111010000001
1000111101101111011001111100011010111000
1100101010000101001000110111000111001010
1100000000001101010101011001000011010011
1001011110000010000011011000001110110011
0001010111101101111010001011011011011001
1110001010101100111000111111100000101010
1000001010100100011011010000111010000101
0001101000001101011110001101111011000001
0011110110001011100100010100001110110100
1011100000100101110101010000010011010011
0110010110101111100001110010111011010011
0000001110010101011000010101000001101011
0000000000100100111101000010110100101001
0101101000011000010101110010110101111111
0100101001011001000000101100101010111011
0001101001010011101110111001011010011000
1000100001000111000001100110111101100010
0111110111100010011010001001010100111000
1110101111101100100110101101100110110000
0000000000000000010001100110100110101010
1101011010100111000101101101110011110110
0101000011001101100111001011101101110010
0011100110110010100110100100010100001101
1000110010111101011101010100110111111101
0100110010001111101101111010011011001111
1110011000100101101011101100010110001001
0111110100000110010001101100101001110111
1101101000111111001110100101100011111000
1110000101110111100001110100111001011000
0000101001010001000100110001010011100001
0100101000010011001111111100110111000100
1110010100010100100101101101000000011001
1100001110100100111011100110000101101111
1001111001001001110011000101100100011101
0100000011100111101100101111001001101100
0011110011101101100101001000000101110000
1111111000000111110000110101001000100001
1110001011100110110000100010110001011010
1101111101011101000001110001111101110000
1010110011000001110011100101110101110100
1110001100101010100010110100000010000000
1111001000100010001101110011000001101111
0110100101011100001101111010100110101000
0010010001001100011001111101001100010111
1100100001001010110100011001110111011010
0000110011111110011110100011101001100011
0010000010111000000000001001000001100100
0111101010010100011000111101110111100110
0100001111111010101011101011101010011011
1111000110110100101001001010101010001101
0110010101000100011010100000010011100001
0010111011001010110011110000011011000001
0111000101011011111001100111010000111001
1101101001111101010110001010110100100011
0111001100100000011110100111101001000011
1010010110010010100011100011000110010100
1111111011000100011000010111001000111111
0100011100110101011100110101010110000011
1111101000011111101001001001011111101011
0011111111000111111011101100110110100011
1001100111011000100011111100100100010010
1101111001001101010111010011011000111000
1100000011011100111010000000110000100101
0000001111000101100101101000111000111001
0111011110110000001110010110100010000011
0011110110000110111010010000001111110101
1001110011000010010110011100111110100010
0111101011100101110111101101101011111011
0011100111100101110010101110001010110011
1100101110100011111100111110100101000111
1011000010101010001110001110000001100110
1011001001011010100100010010010101001000
1110010010101011100001011000000111001000
1100100000110111011001000010011101101011
0000000100111101100001011110111110011011
1001101110111111011000101111110100001111
1010111000000110011111111101000101101001
0010101001011110001101000010000110101000
0110101010100001001010111001110111110001
1011001001100011111110111111101010010010
1010111100111101000101100110011110001010
1101111001001001100100110111011011010011
1100001110011010001010011000011101011010
0111101111111110101010000110110101101001
0101000010011011001011000001010101010011
0010111001101010011010111001100010101010
1000000111000101001100111001101101000110
1010100000100010001101001101110010011010
0011110010111111000000011100010100001100
0000101100000110010010000000001010011101
1000010110011110110000100001001010001111
1111100110100111011100110100111010010101
1001000101000000011010010000000001000011
0011100011111111110010101000011011011001
0001011101001010010110110101111110011100
1011010001001101001010000111100100010111
0111001011001010101100001010100000100101
0000011110011011011101110001100110110100
0001111011001000011000111101001100101010
0011110011001001110101010110010000010100
1010110110001101010110111001110000001101
1000000001000101110001110011001011110001
0001000011101001100111111101011001101011
1000010001000001101110111001010110111111
0001001001001101010110111011110010100100
0010011011000111000001000101010010000000
1011000101010001011010011010001101111011
0101110000011111010010101010111110101001
1111010111110000001100001000011000100001
0010010011011101101110111001001011011111
0110001110011101110110010111100011011001
0101000110000111011111101000001001101010
0110111000001111010010010100011101001000
0111101110010000011001110000100011001000
1010100001001010010111000001110011111001
1101111100000001100111100110001001101100
1001000101000000010101110001100000010100
0110101001000110001110011011110111110101
0011011111000010111100110111011110100000
1101011111100110000011001100011101111101
1110010010101001000011111001000111100100
1001101011101100010101011000000001110101
1100111110001000100100110101011100001001
0110110011011010011011101100101100001101
0100110111010110111000100110111000101110
0101010100111100010001100101011101001111
1100011011011000001011100000100011010110
0110010001110010010100011011001011111010
0100011001100001010111101001110101100111
1100000000000101101000100000111001111011
0001110111111100000001000000011010111101
1011110001100110111000010100101010110110
0111001111100111101011101010101110100011
0110011001110111010010100001000100100000
0000110111000000000100001110100010101011
0110100011001100010001101101001000111010
0011100011100101010101001001100000100000
0001101001111010101100101001010011110101
0000111100000000110001011010111011011110
0100010110010011010011011111000111100010
0100110000001010001000110100010010111000
1111110000001111010101001010110110100101
1111110001000111110001100001011001110111
1101110000010110100000110010110011101110
0001010001011110011100011110000100000001
0111011000001001111011100011001000010010
1000101100000010100001001001101110111110
1111010010110010001001101100010111101010
1010000111011111000001010101001101001101
0111000010001010010111000111010000111011
0001011000011010111010111111111011100111
0010001001000001000101110011001111010011
0011011101010110111100111100100011010111
1111110011000000110000101110000011100110
0011000010010100011100010101011010001100
0111011101110110100011000110100001100101
0111100110001010001001110000001000001110
1111111000001000100010111100001010000110
1101100000001010001001111010010110010001
0100001100011111100001011100110100110101
1100100001000101011111001101001010100011
0011101111011011010000000001110101011011
1001011010110111011110100001011001010000
1000111110101011001000000010111110000001
0100101111110011100010111001010101111110
1100110001011101111100010101010000011001
0100000111101010110110111010100111001000
1110100001100110011100010101001001100010
1101101110110111101000010110001101111001
0000000001011100100010010001111110111011
1110001000011001100110010101010101101001
0000101111011010110011101101000110001100
0111010101100101000000001100001000011110
1011111111111000000001000001101011110011
0010111001100001001010010010010000101101
0111110010010011110101100101110101001001
0101100000001010000000001110110011101101
1010010011001011101100110011110000000000
1000001110001011001111000111111011001111
0110100001110001011110100010100101110010
0111010011101000100100110000100101011001
1101110001100111010100101011001010001001
1010100101011001110000010100001000011000
1100011110000100100010010000100111001111
0110001101101111001111010010010001111011
1101100101001110111000010110010100011010
1000010000010010000110110000011100101101
1000110000111100100000000000011010011111
1011001110011101100101100011010111101010
0110010110001110010010000111101011101101
1111110000100101101111110000111111110011
1100111010011110010010011001000111111110
1001000110000001001000001101101001100010
0111100000000101001000011110101100110101
1101001111001001001001000010001111101100
0011110111101001010111110101001110001100
0100001000110011110011111111110110011001
1011011010000000000010010011100001011111
1000001110011000111010100010001110001001
1010000000101101110000101110111011100110
1110000001001000011100110111111101100000
0010110011100110111011001101000110111001
1000010100111101111011010100100010011111
1101001100000101010001101001111010011111
0001000001101000001111001000010011111010
1010011101101011100100000001011111001010
1010101001111001011000101111001000000101
0010101001000001111001111111010101111111
0010101010100010011010010111001001010011
0011010000011110101010100000111100111010
1010110001011010110111100101100001001111
0000111000101111111000001100001101001001
0111101011010101001000011111010110110000
1001101000110000101000110011100100101110
1001000110101011100010101100110011011011
0000000100010101011000001110000000010000
1110101100001011011001011000100000100010
0010001001111011111010110100011110011000
1111000000101100010100011100110111101110
1001100000001000000100001001001111100011
0010110001110001010011101010111001011001
1000000100000010101101110101110101111011
1010001111010010000001001101100110011000
0000001110011111010110101100100110001110
1110001011011110101000000001000100111100
1011011000101011110110010001011111000100
0100000011101110111001010101111011101001
1001100000100001000100011111111111101010
0001111010100010011000000001011010010100
0111001110101111110110000111111100000010
0101111111101111011110111001101111011101
0100111010011101001001110100101000111110
1111111111000111101000010110100101101111
1101100110100100011000010010010110010011
1001110011111111011000011111110010100111
0101011011010101100011111011010011100000
0110111101101110000011111010100010011110
1100101010000111100110000111000100001001
0110001111110000111101110011010000110110
0110011100110110101111110001000001000110
1101111100011101110100011110110110011100
1011010000010001011010110100111010111001
0001101000110101000100101111100101101101
1111000010001101001000001011000010110001
1010100111000100010000101011011110111110
1000011111111000100011000011000100100011
1111010010001011111011010101110111100011
1110010001100000010010001110111100001000
1011010100000110111110110101011000010110
1011101110001100010100101110111100100101
0100111010111010000011011100110111011100
0000000010101010010011100110111001111100
0000111110100101001110110011010011110101
0011010001011001110000101111111101110011
0110110010111010011000011111011001011101
0100100001100001110100101011101111101000
1011100110010110011010100101011110110110
1010100100000110010100010001010100100000
1001001010111111010011100100100110000010
1101110010110010000000001101011111011101
0111011111101011101010000100100100010010
0000001101001101010111110110001010100001
0110110100101000111110001010001110100011
1111001010101110010100001111000110101101
1110100100001101111110100100111010000000
1001011101010000100000010001110111110100
0001111110111011000010110100101011011101
0011010111011011101101011010100110111100
0000000000101101111011100011010001100100
0001000001001101000000110010010011001011
0110010111011110010000111000011100101101
1110100000111000010000111110110011010010
1011001101100000011001001010100001010100
1111010100011011111001000100100111101001
0100010100111011100011000101110001101000
1000101100011100100100001011001101010001
1111110100100110001000111100000010111100
0111100110101001010001010110111100000011
0000001101110101001010111010000011000011
1101100010011010011111111100011110111111
1111010011010101101010110000101011111011
1011101101010100010111001011011111001001
1000100011011111000010110010011011110010
1000100101111111100111100110011011010001
0101110101101101100110011100100010110011
1101001010000101100100100110110111100100
1000101111101111011010011010111000111010
1010001001101111110110100101000101010010
1000011001001011011101000110010111110000
1110000110101100100111110011010011111010
0111111111000001110111111000111111111011
1100111100011110111001001100101100001001
1111100100000101010000110011100101111011
0111010110001101111111000001110101011101
1111101001000101000011000101100110110000
1101010011011101000110111110000011000100
1100111111010001010100000011100101110001
0000000000001111010011101010100111111110
1010100000000110111010011011100011100001
1110110100110011110011001110010100011101
0101110001001000011110101110010010111101
0100001100000000101000111001010001100101
1001100011100011101101101110010110100000
0000000010100101011111111101111111111111
1000011011111011101111001001010010110001
1101001110111000001110100101110001111001
1011101001101101110000010011000100100011
1110011111001000110101010000100110111011
0110000000010011110001010000011111011011
1111101001010100000010001101010010000110
1110101000001111000011011101101000110010
0111101000000011001100000110011110101011
0111010000001110011011100110011010010001
0000111001101010010110000011110100010001
1001011110100100010100101111100100000011
0001010001000010111111111110101001010000
0111111101000001100111001010101000111111
0100101000111001000001001101110111011110
1101001010000011101101000111010010111001
1010110001101110100011000110011101100011
1011101101000100001110101000100100110111
0011011000000111010100011100100011100011
1111010000011111010011010110100001101111
1001011100110101101110001101001100000001
0110111111010111111010101001001011100011
1110100011101110011010011010100111011111
0000011001011110001001001111111101001101
0101100001100111011101011100100000010101
1010111001100111010100010010000110100000
1011100100100100000100110011011001010011
0111011111011011010000011111110111100111
1001100000100010111111000000010111101000
1010110000110011101110000001011100011001
1111010010011010001101101110011000100000
0000110101000001110100011011010101001111
0111010101010000110111001100101000100011
0000001101110000011101010010001000110011
0110101110101111101010111011010100011110
0001011110100100111000111001010101000011
0010100110001111010101110000110101000100
1110000000011100101100111101110111001011
1111100100000100010011101111011001110100
0011010101110000001101111001101000010001
0011100100001111110010101100111001110100
1011010010011011111001110110011001101010
1111111001011101110001100111011001011000
1100000001110011111000001100000011010011
1110100000101110110001010100011100000100
1110001000110001000001001000101101011111
0100010110111010101110101001001100010101
1010001000110110101110101100011110011100
0001100110000010001110111111011101010100
1010110011000111011010010111110101001000
0110111111000011100010101110010101011100
0101010000100011101110010110000111000101
1011010001000010010101101010001001100010
0010110100010101100110001001101111110100
1001101000000101001000100101101111111100
0111110000011001000001011010101101001111
0100101001001111001010001101011010100010
1110101111111110100111010001000001100011
0011000001010011110111001101000011101101
1001010101101001110101011100001010011010
0110001100111111110110001000000011001100
1011101001010111110010000010110111010101
0110101000110101011100100111000111011110
1110001101010001011000101010001101001010
1010101010010000100100100100011110110000
1000010010000000000010001110011111100100
0011000110010010101101000101110011110010
1101001111000100100011110100011101001111
1011100110001110010001000010000010000010
1010100000100000100110010110100000101000
0000001111110011111100011101011111000111
0010001100100100001110001111000000010101
0001100000101001101111001011101011111000
0111100000100100100101011101001111011001
0000101101110001111010000000111101000001
0110001110001101011101111101010101001100
1001011100010110010101010010101000101011
0011100100010101110100100110000000100011
0100001011011011101101101011101011000011
1011011111101101111010000101001111111110
1001010001011110100111011111001001000111
0010011111110111000100101000010111110100
1011001110011111100111100110010000110011
1111101011000000111100111110111001000001
0111001110111010111010001001101100100100
1100010111000011111010110101011010111110
0110110100100011100101011100011110101100
0111011111100010110100101110101000010001
0011100101000001011100100110011011001101
0101101010010101101100011111001001001000
0100100000000011111000111010110100100001
0111110100110001110100001010110100111111
0110011100100101100011011111101011011110
0001010110000100101101110111101010110111
1000110011100100101110110110101000000010
0100001000001111100100010110001111111100
0111110001101000001010000111110011111110
1011100000010011011000001000011100011101
1001010111001111111101110101000110100111
0101001011011011001000000011101100100010
1100111001101000110111110101111001001000
0110100010011011010110111000011110110001
1011111000100101100100100111111010000010
1011011010011101100010010110111010111110
1001001100111000111010001011100101001011
1010111011011110011010100101000010100011
1101110010000101010101101000110111100010
1001011100010001010001111111111110101111
1011101100000001110110011101011001000101
0001000010001111101100001100100011111010
0100101100000111110110011011001001010101
1100101110010001001111000100000001101000
0101111001100011110101101101100101000110
1000101101111100011011110001100000111000
1110011010011110011000001110001110011001
1110110111000010110011000000011000011001
0011100111011101011110011011000011110000
0100000111011110100000101000110000010111
0001111001011101011100011011110111100010
1000100101110001001111010000000111101000
0011010100110111110010000111100000110011
0010111000000011001111100010111110110001
1100100100001001010111010111111101001011
0001011111110111111001001101101111001101
0010011111100001100010100100001111101000
1111100100001010101110001110000110100000
0011000111100000001001110000000010101001
0000101100111100011100000111011011011101
0010100111000010100000111101001111011100
1110001111110100011111111000010001111010
1000101010101001101101110100100010010010
1011011100001110011000011000100010001100
1010111001000001011111111010010100001011
0100110100001010001100011101111100100001
1010101011000110001111111111000110000000
1111111000101001111101101011000000011010
0001000011000100011000000110110010001001
0001111011110001111010110010001001011101
1010001101001010000100001001111101100011
1100110101011110011010001110011010111100
1100111011010001101000100101001110101010
0000011110010111111101101000000101100110
0100100010111111011101110110001010111111
0100011111011100010100001001111001111000
0111001001101011101110011010010011010111
1010000011111011011101000111000000000011
1111000011110111011111111111011010111101
0111111001011010001000111000011001101010
1011001101000111010110101100001010000100
0100111010110000100010011100001011100001
0010011100101101011101000000100000111000
0000111111101010100000100100001111001000
1101111111111001101010111101110001110010
0110101101001010011111111111110111110000
1111100100001001011111111001000000010111
0000111111000011011110100101011100000110
1110110110100101111101101101010000101101
0000101111110000000001111100101001111111
1011101011110110100101001010000100010110
1101011100011001011001111000101001011011
1100111001010110111011010011011110001011
1110011100010111111111001110000001110100
0100100011001001110111101101101010000011
1000110101111110110100101101100011010111
1110100010101111111000111001100001111101
1100000111011010111010000111101000011000
0010010110011011011011010101000010001111
0110001001100001101100000011110100101000
1000100000111111111100110101100001100001
0101110101000000110010000111001101110101
1011100101101111011110101010110110110110
0100001001010010100100000100011011111010
0011101010110111000100110101000101001100
0111111011111000110110011001110000011111
0101011100110101011111110010101101010100
1111111111001010100000111010000101000110
1101010100100111111001010111011110010111
1010001000001101110111110100110111101001
0111100010010101010000000100110111001111
0110110110001111101111011100110000110101
0101000000101011011100011000111000101110
1100101001101000010001111110001011000000
0001100101000101100110011000000000011100
0101000111101010100011001111011010110010
1111011111000110100111100100101011100010
0001110111010010011010010011001111000000
1000101000001011101000010101100101001101
0110111101110110001001010100110101101001
1110100000110010111011100110100100110111
0010011111100111111101110010001011111001
1001000000111100011111010111111011010001
0010101010100111100000000011110010001100
0111100101001010110011001001000111100110
1111100010011111000110101111110100001101
1000111000011010010010010111011010111101
0000101110100101111000111111010110000000
0011100001010101110010011010011100100101
0100100001011010001110111111100100100001
0001001000011111110011010110110011011110
0101001101000000111000110010100001010101
0101111111111111110110110001001001001100
1001001010010101010110110000101011000111
0101110111011010100001111011010101101010
1000010011101010001011000010100011110001
1110101100101011000001110010101001100001
0001000000110000001110010001000001100010
0010111100001011111011110111100111110111
1011111000010110000101111110001110010010
0111011010010111100000111010011011010011
1010001111000110011011110111100110000100
1001011101001100001100101100010001011010
1100010000000100100111011001010001110001
1010001001011011100001101101111110000101
1001101001001101111110100001111001111101
0100001110001110110111000010111011001001
1100010010000000101000100001000100011101
0011100000111110101110101000110111110101
0101010100001011001011011100000101011000
0101010010111110111110010111000000110110
1111000010110110000000000000011010011000
0011010011110001010101100101111010101100
1101000000100001101100010111001011110000
0000001111010011000001001011011011010100
1100100111000011100011110000100100101100
0100111001011001011011110110011010111100
0110110010010000010100100110010100110000
0011101110111101010011001001011101111010
0001100001110010111101111111000000111000
1101010000011011110000101100011100100100
1111010101110010100010110000100100100110
0100100011110111010111101010010110010010
1101011111111100000110110001000000011011
0101011100010101111010001011011100111110
0000111010011110000001111001110110110111
0010010001111111100100010110000111000100
0011111010101100011101010011100111000110
0100011010001011010000100001000110100101
1110111111100011100011001011000011100100
1000110000100111101000111111111101000000
0010010100011011001101001100111000000010
0100011000111100010111110100110011100100
0000110011110111101011110001111000000111
0111001101011000111100110101011010000110
0011111111101101010000010101111000010001
0110011100011000101001000100100001010010
0100011100100101000111110101111000100011
1000100100111110110101101001101110110001
0100100001010011000101010000100001101110
1011110001100011011111111100010001111000
0100101000100000010011100010111101000011
1100111001110011111000000001110010010101
0101011111010111111111100010010110110011
0110000110001001010110010100011011000010
0101000001010101010110111010101111001110
0101100101110000010001010111000000101101
1010101100010101101001111101101000100000
0000101110011101000011101111100001111001
0101101101110010100000111111000001010101
1001101000100101011010000110001101001011
1101000100101000100010111010110011101110
0111101010001001111100010011101011011111
1000111100001001010011100111010111101011
0001101011010100011101011001000001110101
0101000001011100110111100011010101011001
1011100100010111010110001100101110001001
0011110011001101010011101011110000110100
0110011111110001001000100001100100110101
1111011011101001111000100101011000101000
1000011100110010001101011111100101111100
0010010010000010000000001000010001001110
0101101100101000001000101111101001000001
0111010011000110101111110110000100000110
1101011011100101101100000110100110101111
1111100100001001101001111001010011000101
1011010011110111100001100010100110010011
0001111110011100000110100110101000111110
0111011101100110101110011111001011100000
1101000000011110010101101101010101010100
1000111011101001110010000110100100111000
0010100010011110111111001001010011111101
0111110010001001100110010111011010010110
0010110101000001110010100010111000110101
0111110000001110000101111011111111010101
0100000100101011011000000000100001110010
0111000100010111000001010011100101011001
1110110010001101000000011110000011010001
0101001110110100000110001010010010010010
0101010111101001111010011111001101101011
0101110010000100111101010110001101001110
1100100001011010001011000000111101011100
0100010101001010010000010110001100101101
0110000110111101001100110000000001010000
0001110011010001011100000001010100011101
1011010111011100011101000100001101001000
0011100100001111111100001101110011000010
1011101100100110100000001001000010010011
1001001000010110010001101111011110111100
1000110100010111111001010101111111110001
0111110111101100101111111000010010111110
0011000001010000000101010010000100110010
0000010011000011011001110001001100000101
1001000110011010111011000011010110111101
0010000110001100101100110101000000011111
1111110111011100111111010110100100101001
0010100111101101111110001011110010000010
1100010111100010001010100101111111111111
1100011011001010111011011111100111011010
0001101100011101100101011100111110001111
1011001100101111011100010100101101110010
1111100101100100000000111011000100011001
1111000110001001110000000100101001001110
1011110110111010001111010011111001110010
1001001011011001101011110011100100001011
1001101001011111010110000101110010101101
0000110100100110000011011101010100111010
1101000000000110101100110111010100101011
0100100110100000000001111110110100000000
0100010001010110110100110110010001010011
0111111001110000001001100110100111010000
1000001001001000001110010011111001100010
0101111101011100000011001101110110100001
1111100010101111101110110011010001101111
0100111001001010100100101100111001000110
0110011111110101000101110000000001001100
0001111111111110011010111101100000110111
0000110111000101100001000001011110110110
1111010110011011010101111011110000100001
1010001101110111000100001000101011011101
0001011110001001001101111011010101000011
0110110000101100111110011100101101000100
1111101001110011101101011010111101001111
0100101000110011111011011000011110101100
1100111000000010111010110001110100110000
1111011011000101011000101100100000011111
1111101101100011101110010000110110000010
1110001010100111011101111000101000100101
1010100010111011101110011100001001111100
1001010101110000100101000110000100010111
0001010111111111011000000011001101001100
1100011011110000101100010101001000111011
0001110110001100101001101100101101101100
1110010000101110101111011010111101100011
0100101001110101100001011110100001101110
0010100101010100100001001000011010000000
0001000101110100001100110010000111100011
1011000001000111001110111001000000101100
0000111001011101011000100110010101101010
0101011000110010110000000001110110101111
0011111111101111100000001111111110100000
0011011010100011010101110100011001011010
0000001000001010010011000100011000000100
1101101101011110010100100111000111000000
0101010011001000000011000010010110010011
0100100011111101011000110010010010110010
0101110110011011110111101011101100011001
1100101110010100110010011000001011110011
1100100101000110101011011101110010100101
1111100001101001111000010100001010010101
1011001101001100011110000101001000011100
1110001001110000100000101011101110101001
0100111111011110010101000111000100101111
0111110000100011011000101001100100101001
0000101101100011101101100001100111011001
0100011111000001100111100110001001111111
0001010010001000111000011000111000001111
1100111010110101011101011111100011110100
0111110110101111101110011110010110011111
1011100001101100100100100111111110100010
0000010110001110010100011011100001110111
1111110101000001100001100101100000001100
1111000101001100001101010111101101111101
1101110111111111000010010001000001011001
1011110001111100001110000011111100110111
0001100010101010110001100101110000000101
1011010011001001110011000010101111011111
1000010101001011000101111110000100000010
0100111100001010011001010111011011010000
0110101010111111001001100011101100101010
1100110000100111111101000110110100010101
0100100000101000010110111111000000001011
0110100110000000000101000000011000101111
1111111101010110110101110001101101101011
1010010011010010010111101100110110011001
1000111010001111100101101000000001010010
1000001011001000100101001001001111100011
1111111111011011010110010000100000000001
0011001100001110000000100001110011010110
0101011111111100111101100000010111111100
1101101101010000000011110011001100100011
0010000011111100001010010001111100111100
0001001011100111111110111011001111001111
0011011010000001001111110000001000010001
0000100101000111001011101010110011110110
0011011101110011111101001110000010001011
1101110101001101101010110110000110111100
1100111110100110111000110000101101000110
0011100001100101111101010001100010000010
0110000100011110011101111101000011011000
1000010000010111010101101001001011100111
1000110010011000111110111111100111011100
0101111100100111111111100010011010110000
1110111111111111100111111000011100000100
1110100100000101100100011110001100011101
1110011111011001001011101011011100010101
1100001010010101100100011110001100001100
1111000000010011010010100100011110101010
1011010010110010011101101010000100000100
0000000100111011001100001100101011000010
1100011011011101000111100010000100001000
1101001101100110111111101010001000010011
0001001110110101000100110000101010011010
1100011101111000100100110000011010010010
0010010110101110000010100010110100000100
0001011100001110100110111010010010001010
0101010010000010011000000110010001101010
0001001001110111011000110110111101000111
0101001101111011100010010011011110010010
0000110010111100100000111001100001000010
1100111100111100110000011011001001000001
0011001000110011011010100001010101111110
1101101110000000001110000001111101011100
0110010011110101100010001000111001010000
0100100000100111000111101010000010001010
0001010110100001110011110100001110001000
0100100010111010011001000110100101010000
0001100111110000101111100101010010001111
1010001101110101001011100111100010010001
1100101011000100101010000111000010011110
1100101110011000000101000101000100011001
1100101001101110111001001011000101101000
1101101010110111010100010110111010111111
1010010010011100000110010110110100010000
0100110001011010111100000110010101011001
0101001100011011100101000010001100111011
0001110110000110011110010011001001110001
1001010110011010100010111010000011100100
1110100101100000100100000000110111011101
1001101110000100010010111010110000001011
1110010011011011000110000011111101011011
1111010000100010111001110001001100110011
1011000110111010000000011010000100001100
0100100110001001010010110011111100000000
0001111011110010000010011100110000111100
0110001000101100011111011010111101010010
1110001101100001101011010001101101110100
0111000000010110001010000110110001010011
0010100100111111010011110101111110101111
1110111110101101110100001011110100011011
1100010101010100100100000000000000111100
1000110101000001010011010001101101011110
0000100111011010110101110010010100001001
1100110111011111010100111001100010011010
1100110010101010100010000101011101100001
0011101000001000100001110111011010010000
1011111111100100100011001111111101100101
1001110000100010010011110110100110011101
0111110010000011111011101110101001001100
1000010000110101001100011010110010100010
0001001101010110111101111111010001001000
1001101000100100110011010011101111010111
0101110110011010011111011110101101100000
0001111111100100111100101101100001010011
0001101110111110111111001110001010100011
0000101111011010100100010010110101101010
1001010001111101000010110111011001100110
1110011010101001011001011001101100100111
0111010111111101101110000101111110100000
1011111000111110100010101000011000001000
0111010011010000000100001110010000010101
1101101110000000110110100001101100010010
1110010101000001100010101100110110000100
0001001110011001010101001010100100010000
0001001111111000110000100101011100101111
1111010000000101100101001001110001110110
0000011001110000001011000011100100101001
1100111010010010101011001111110000000110
0000101100111100000010101100000001111111
1001101101110000110100010111110010010100
0111101111000111101011000000011101100111
0111100010000010101110110001000110100001
0001011100011000011110000101111100011000
0101011111010000101000010010011011110001
0010100100100101001101001011101011011101
1010010111111000110010110010010100100010
1001101000100000110000110010111001011010
0111011001011100100001111010001111100010
0000111101101100100000110101010111100110
0101100001010000111101001110010010111000
1001100110110010100111101001111100001100
1110110011001100101100011111100100000101
1011100100000110010101010000100010110100
0010100000001101010110001011101001011100
1010011011110101100011100110000011110101
1001111010011111100001001001010100100011
0101001101101010010110110001100111001011
1110010110111110010010001110111001000011
0000011010001011000000101101100110001101
1101100111001101011001011111010101110110
1111101011011111011000111101001000010101
0000001111011100111000010011011010110011
1101100111100100101010000011100100011001
0001011101100111110101000011000110001010
1100011010011011000011111100110111110111
0011100011101111001011110110000100010111
0010001111001100111101101111111001101111
0001011011000010001100010111100111001111
0100110101011101001010011111001111110001
0001100011010100011011100000000011010011
1100100110011111101010011001011101111011
0001001000001000000111100100101100010111
0000110100000000001000100010000110100010
0010110000101000000111101000010101010000
0101111101010111000101011000000001010001
1101110011000101000010001000100100101010
0101000000101100001001011001111111100111
0000100100111100111001000001111000011010
1000010001000100101010001000110100010101
1101101010000110110101100001011110000011
1110001111001010111011011110111111101101
1110111000110111001111111100001001000001
1010011011001010101010111011001011100011
1000100010010101010001001010001111011001
0001110000111111101000100011000110011010
0100010110010010101001011110000011011100
0111010010101011001100101100100010101010
0000001010111010010100011100011101111000
0011000100010011000100001010111000001001
0110001100111001111000000001001010000101
0110101001111100010001010000011001001101
0101010101011011010110101010011000110111
0110011110110100101110101010001001101011
1001111000111101101011111100000101100011
0111111010000000101001100100111101111011
1100101011111010011110100010011101101010
1110000000111010010101001011000001011000
1001100000100010111011100010000001111100
1010001010101000111111010011111011000011
0101101011010100000000111100010111001111
1100100001101100100011110000001101000101
1000100011001100011001010111101000101110
1101111011101100101101100101110110111110
0110111110011110011001000110000001001100
1110010100011111001000011101001110110110
0100011000101001001000111010001111010001
1010110110101101010100110011101000110010
0011101010001110111000011111110111001011
1000011111110010100000010111111111000011
1101000001001101101111110111000010100001
1111100101000010001001110010011111000000
1111101000000101011010011001110001100100
1100010010011101010101010101001010110010
1101011011111111111101110110111110110111
1000111100000100000010100111100001000101
0101010101111101000011001110101101111000
1111011110111111010100010000000100100101
1100001111001110110111001011111010110010
0010000101011001011001110110010001110110
1010011110011010011000010000001101010111
1110111101001001001000101001011110100111
1110100111000011010010010011100100110010
1110110111100110000111010101101011110011
1100001000001010000101110110101001010111
0011100100110011011011001111011001111111
0010000001011000001111001110100100100011
0100001011011001111011001000000111011000
0000000110100001011010100001001011010101
1001100100100000101000011000110010010011
0110111111110110101010001010011011111010
0100000100011001111101110000011011010001
1111010010010101111001011001001011010010
0100010001001010011010011110011111111000
1001000000001111111111110010100011010100
0101110100100011100100110110101001000100
1110101010100011000101011100111010111100
0111010001110111111110100000101101010100
0111101100100110100011111101110000010001
0001011100011001011010000001101011010101
0100111000101010011111001010110110100000
0000011010000011100011001100010100101000
0110110010000111100011000101101100111000
0000001010011101011111010010011101011100
0101011010101110001010011001110111100100
1011110101000001011111101000011101100100
0011100100101001010011110111000110000101
1011000101101110110011000000011000000010
0000100001111110001010111110110001100000
1011100110100011001001111100111011001111
0101000111010011011010100001000110010111
0010110001100000101110100110010111100100
1111001011101000101010000111110000111100
1111011110001011101101011000100101100010
1011111010001011011100010111100100000001
1110011011010011011010111111001100101100
0011100000000110011000010010111101110101
1010010000101100010011010101110111010100
1110001111011011100110101001111100000100
0101101111101010001000010110101000111001
1111100101000001111110110100010101111101
0101010001110011010011110111100101111000
1010011110101111110100011001011100011100
1110010101010000110100011000010001010001
1110100010001110000100110100000010010010
0100111011101000110001100111011111000111
1000101011010001010100011100010010011100
0111010010011000100011100001110000110010
0001010011101011010100000011000000001000
1000010111100110111110001110111011011100
0110000111000110111100101111111010101001
0100010110100011001100000011110011111101
1111001001110111111011001100010011111101
0101111111001010110001100111101101010110
0110101110101001010101010000100010111111
0001010011001110110010011010101111100110
0011011000011011000000101011000001010100
1100010010111111000100111111011100100001
1110000110100101001111010001111001011110
1011010010001111010111011101110000000011
0000110000010001010111001101011111110000
0100100011001000011101001101010111101001
1001011001010101111110001110111001001101
0110111111100110101010111110110011110011
0011111101010000000010101111100000110110
1001101110000011101101000100000001000001
1001100000000100011001111001011000010010
1010101000101000001011101000111011001111
0001001110011111110111100111111001000011
1001100111011010111010000000111110001111
0011010011011010010111101110010011100000
0101101001000110100100100010111100101110
1100000101000010000101110100011011101011
1010110010011011000101111000101100000000
0010001100000101110011011001111111101111
0010111001010111110000000000001010010111
0000010011111111010001101110111000101011
0111101010010100100111101100111100110100
0111110101110100101001011001111011000110
0010101001111001100101110100111001010010
0100010010110110101010000100011011111001
1010110100101001100000100110110110100100
0111101001101101001100101111111101010100
0001001110000011010011101110000011100100
1000100101101011000110110101010011001111
0000001000100000110100010110001000101110
1111101110100111110000101111111011011001
1011000111100010011010010010001110100011
1100110111011011100111011010100010111000
0000010010011001001101010100001001011101
0100110011011111000100011110111100111011
1100110111101000100111110001011000010000
1110011001001010000000011111110000110101
1010110110110111001010010011110011110010
0000101110001000111110101110011100001010
0100100111000001110101011111111110011001
1010111111011011001001100100000000100010
0101010001101101010000110001011000101110
1000001010101111001010100011110011110111
0110001110000000001010010110101100100101
0111110010010101011100111100001001100001
0000001101010001111011110111111100101001
0001100101110001101100110011100110111110
0011000110101011011001111001111001001101
1101001111101001100000001010100100010111
0111010100001101010100100101001110110010
0110000000010010111010101100101001000001
0100010101000011100101010010101101111001
1110000001001111110101010100001110001100
1101110000010011100000011111011011100100
1010010100101010000110001001101000111100
1011110000101010000001100111110000010011
1001000111101101000110110010101101111111
0111111000001011011000010101101011001010
1011011001111111010100011010010110010111
0100101110111110001101101101000000011111
0010101000100000101011000000000010010101
0100101001010000001011000001101001101011
1111011110101111001001000000100000001001
0111101001111100001111111010101010110010
0000101010110000000010011000011110010100
0111011000100101101000000000111010101111
0011100011010001100101100111100000111011
0111001110101100001111111101011010011010
0001001001111100010011000011111111001110
1000000011001010100000000011111101101111
1110010010000000111111001011100011000110
1000110010101111011100011000011001011100
1001001101000011011101000101010011001101
0100101100111001000011000101001000111011
1111100001011101000001101011011011010001
1011111111111100110011100010111001111010
1100000011110001010000100101110110001010
0110011111111110000010101111111111111100
0110001011011000001100011000011111100101
1011011010001110100010010101000010011011
0100010110011100010001111111101100110100
1110101111101001110011101100100101000000
0100011110000000010111101001100110101100
0100101011000100001000001100000011001000
1100000010010100000101001011100001001100
1011001110000110000110010010100101011101
0111101010000110110001001000001101010011
1110110000101010110101001110111001011011
1001110011101011001010001100111000001010
1111000010101101101010000100010101011011
1100100100011011010011110100100000101101
0000001110001001111011101000110011011000
1010000101000110110110010110001001011010
0101101000010010001010001011011001000000
1001111011111110100111110011001100010001
1110000011110100111000000010011101100000
0001111111100100001011100110101110001111
0000110001000110100100000110111000010100
1010000000010000001101101001111110010101
1111101000101101101111011000011011011000
1101011110001011010101100110101000001111
0110011101101110010011010111000110111001
1101100010001100010010101100010011001000
0010101110001110011010010011100100100100
1011100100011111101000101110111111000011
0111001011000100001011010110111000111110
0011100001101100010011100011100001010001
1010001000110100110100001110111010000001
0111100011001011101000101110010010010001
0000010111011010100110001010101011100111
1100010011010110110011100111001110111110
1110001001010110101010110001011011000010
1000011100101010100111100010111000011101
1010110001000100110011111010101000110010
0110101100100010001000000100010010000010
0010010011001110010101100010011110111000
0011001001100111110111011011001110000000
0100000110011100011100110101011001110100
1100001001100111101011001011111100101111
1001100111110111111001111010000000110000
0111001011011111000100011110110010111100
1111011101111000100111110000010010101100
1001101011110100000010101100101100100010
1101111011101001000010000101001101110011
0001010100001011110101000011100001011111
1011110101101110011010011111100011001000
0000000000011011101100000101101000100010
1001011110110000001010100101101100100000
0000000001011100111011110101011001101000
1011100101110000001000110011000100100110
1101111001011111001010111111100100111100
1111010011111101101001000111010111111101
0100000111001001001101010010111101110110
1110100000110110101110111011100110010001
0011100100110111010100110110101110000100
0100010010100001110010101111101101001100
1100110101010011100001110110000110110101
0001101001100110010101010000001110011011
0011111010010000001001110100100011110110
0111011100011101010100000000010110010111
1100001010010111110100000000101010111000
1001110001100100001110000110011111001011
1110001110110010010010111011011100011001
0110001100011110010100001101010000111110
1111000010010001011010011010000011111000
0110011100001000000011011100101000100001
0011101111010100111100101010001101010110
1001110000100101001010111000010001000110
1011110000111111001010100111111001101001
0010010011000111000010000010110011010011
0101101000101110100000001000110101001111
1101111011001011110100101101111001111100
1101100001110001101100001101001110111000
1000100101111010110110110100001100101010
0010000110010000110101111111011101010100
0001100111101111110111010000101000100101
0111100000010101111110011111101011011011
1000110000101100001010010110100000010001
1101111110001101111001110100001010010000
0111110010010111100100100111111011000110
1100110101100100011101111110101000110101
1001010011101111000100111100100101001111
1110001010111000000011001010111011010100
0010110111100001101111101011100110000000
1000111001111010111011001010101111011001
0001101101111100010111110111010100110100
0001101001100000100000001011110000110101
1011000101100111001001111010011001111111
1100110100001000101100101011111110011011
0000001010000110111111001001101110010011
1010010111110011011110101101111010100111
1100100111000110000101101001010001101011
0010000111001110001111111111110000101101
0011011100000001101100011010111110100111
1111101110001001100000110011101000110011
0101101000110101011101001111110000110101
1001001010010101101010000101010100110101
0000011011101001001000100000110111101011
1000100010100100011000010001100000011100
0010001011100100111110001000111010110101
1111011011110101011110000011100101100011
0001100100000110101110000011100011000010
1011011000110111010110001101011100000011
1001011010001000011101011101011010011101
0110101110110110000000101000110110001110
1111011101111010101111111001111011110111
0110011111110011001100001101100011110101
1111011000110010011100110010011100101110
1001011010110000010001000010110110000100
0110010100111110000100010010000010101001
1100010100011001000100000100110010001111
1010010001001101100010001101110111000010
1100010010100010111111001010000100110101
1111000011100011001001011001000111111100
1011101000000010111010011111001010110001
1000000100000011101000010111010100111011
1111101011101011001101110101010111110011
0001001111101101011100110111101111000110
0101110110010001100100010110001011110100
0100010110000010101001110011000110001000
1111000000101100101010110111011010101100
1001100011100000010101110100110111100101
0111001001011110010110001001011111100011
1000011111111001100110011110001110101100
0110100101011101111111001010111100100000
1010001010111100010011001111000100000100
1011010110011001111000010111101100101110
0000110101001011111011011111000110110010
0010100110101110000011001001100010101100
0001011101011100111110011011110000010001
0100000011001110011011101001101111100000
1011110000111101100110110100010011110010
0101100010101001100000010100110011100000
1011001101110000101100100110010100010010
1111001010101000001000010011100010000011
1011100010010101101011100101001111110110
0111000110101110000001100010110101111101
1011011100001011001001111001011010111010
0101011000100101110000111000111010000001
0100010100111111111101101010010011011000
1011101110101110000011000011101001111010
1000100000011011001111110001011100110100
1000011011001100101001011000010110001011
1001011010101111111000100011111100001111
1001110001011110000010100111010010111110
1011001110001011100111111010010011011010
0101101110001001110001101011000000101001
1011100011011101111101011000111110100010
0011110001010110001010010100111111110111
1001111110110110111001101001010101000111
1101100000010100101100011100010011101010
0010110000101111001100110110000010010111
1110101011101101100000111001110011011000
0100011001000101101111011001011111001010
0101100101010111011111010110101001101011
0001100111110111010010101011010000010110
1101010111111001101110110000000100100110
1000110110100100001001010111001110011001
0010010110111001111100111110111101011000
1011001100111111000101111110110001111011
0001100000110100101010111111011100100011
1001000110111010111000010100010011001001
1100011110000100001101011010110011100011
1010011110101101111010000001110100111100
0111100000000110010100111001011001111010
1000100110010000001101100000100001110101
1100111011000011011001011111011011011010
1001000000010010111111101110101001001100
0000010000011000000100011111111111011101
0011110010010110010010101000100011100110
0011000111111001011011111001001101110011
0111011010100111000110110110100101110010
0110011110100101111011000100011101011101
1110101101110100011001000100011001001101
1100100010000011010001001000101000010000
0000000101100110101110000001001001110110
1000100011010110111101100110010011101101
1010010101111101100111010010010010100100
1111010111011101110010010000010100101101
1011101100000111001111011111100100101110
1010010001000100001101110001101010010111
1000111011100001100011000101100010110101
0100010010001111110110101110110100110011
0111001101011101010011000101111010010010
1001000110001111000010010101010011111110
1011010000110100110110111011100000000111
1011010111101111010110011011011111100101
0011100101001101001110011101001100000011
1001110000011010010101101011010100000001
0000000000010001001100110011111110010010
1100011100110000101000111000111010010011
1010100110000000110111100000110010101011
1000000011100100011000011100111110111001
0000110110010111011100110101110111011000
1110111100010010110011110000111010011110
0010100101011101100010011001010010100100
1010110101000100100001000011010010110100
0001101011010100000000110000000101000011
0001101111110000110111100011110000110101
1110111100011111110010111010001101110101
0111011110001011000101001100010111101100
0111010000010100010111100001101100011100
1110001011101000101011001011011110000000
0001000100100100011000010110101011010000
1010110011010000100110111100000101001111
1110010010001010001001001111010001001111
0000111010110001110000001110000100011110
0110000010111010100110111100000101101010
0101000010101001011101111110110001010011
1000110011101010110011011011110011110010
0110010001001110000101011000011000100010
1001001011000000111001011100000100000011
0001010000010011101001101111010001110001
0110010011010100011001011110110001111011
0101001000111001010110001000110111111001
0001010100011100100100001110001001010000
0100110100101011101010011110011000100101
0011011011100110001000000011001110000111
1000100110101000100010010001001011111110
1101011101110011101011101000010000000110
1001000001101010110110110110001011100001
0001100011001000010100100111110011010100
0001100010000111010110001011001111011000
0111010110101000010011011101111111101010
0000010100100000110100010001110000011000
0100000001100001010010110000001001011100
0011100011111001010001101110111010000001
0000101101100111000011110000101000100001
1100010001000001101010101101100101100010
1110110100000101111110000100001111001101
1000100101000111110100101101000101011010
0110001110011111111100010000001111010011
1101011110101001011001001010111011111010
1111000111010011001010001001011111011110
0111111001010001101111001010010111010010
0011111100100011000110111011000001110011
1011011111100001110101100101110010010101
0001100000100101011001101100011101110100
1001110001100100000000111100001010110101
1111011110001011001100001110110010011011
1101000011110001011011111000111011100110
0000100111010011000000111000010000000000
1110001010101011000001011011000110111000
0001010010100010101110100101010100110110
1111010100001010001010011001110110000010
1001101000111010111010111110011000110100
0111110111001000011111100110111101100001
0000000000010001001000001110001110011001
0010010100001111101101100100011010010111
1101000000111101111100000011100010111100
1000001000011110101011100110000011101100
0010010111110000101100100001110111011001
1001010101100010001000111100001001100010
0111111100110011111100111010001100110011
1100000000011010011111100000001010010010
1100101011000111001111100101101000100111
0000101010000111101010111001110100010001
0110000101001001000100010101010000100100
1110001100010011111001101001001001011000
1100011001010111001010111001011011101111
1001110100110101111010011001100101111101
0010001000100100000001011101001000110101
0000100010000001110101111110100101101000
0010011111010000011100000101111000000010
0100010001000111011100000101010100111011
1100000110100111011110010001011000111111
0110111100010010010101111010001000001001
0011101011010011001100100010000000100101
1001010000110001100011000110101110001010
0000001110010111001110010100111010001010
1101001101010100111101011111010011010110
1010011001110011010010110000101001000011
1001000000101100100110100110110011000011
1110100101111100101111010001101100000011
0111010000000000000111101110001110100010
0010011001101011101011110110010111011010
1101111100000100001110111000010011010111
1001110010000110000010010101000111011111
0101011000000101011011010010001100111001
1000001100111011011001110111110000101101
1111001001010001011011111110000011100010
0111111011101110000010001111000110000110
0101100000000000101111010110010010000101
0101001101011000111100011110010011111100
1100010100011100101100000101110111101110
0110000111001100110011010000110110011000
1011101010010101011000001101110101010000
0010101100000010010111001000010101000010
0110111110011011010111110011000001111000
0101011001100111000101111111001001111111
0101000100111110000111101111100010000011
0000101101101100100001011001100111111111
0101101011010011111010111101111110010001
1111110010000011010101001100111010111111
0011000010010111111101000110010110110111
0011010010110011011110101010011101100110
0111110011001101011111000010000110010101
1111000100001011011011000110000010111010
0101001010111011000000111000110000110011
1011110010101100001110100000101001011011
1100001000100110000001100101101011111001
0100111001101111100101010101000001000011
1110111010000011111000100001011011101000
1111101010110100110001011010101000101001
1010010110010111111100010000001000111110
0011110011100001001101110111100101100110
1010000000101000011000010000111111101011
1000110010111111001001000101011100001100
1000111100011010010010000011110011110100
1111101010011110000010001000010010110011
1010010101101101111100001101011110011100
0000010111101110101011101100110000100111
1000010001010100100000001011110111010001
1111101000010110010011100011111010110110
0000010001101010101011101001100101110111
1010100000000101101010011000010111010001
1001101110011110110100111101010011101010
1110110101110000101000110001101111011000
0100101000100010010101111111010000101100
1111000010101011101000010101000011100111
0100111100001011010001000111100011000010
1001001100010100001110000001001110001100
0110111101010110101101011001100101011100
1000011001101010110111110100101111011000
0100100010100011011000100100101101111001
1010000100100001100001101010111000010010
0011110111001001111110111000011001000010
1011110100100010011100011101111011111011
0001101111100001111010110111010111000100
1000110001111101101100011011100011101100
1011001101010111111100001111101101110010
0110000011111100010001110010110110010101
0001100110010100010101000110010011010101
0101000100110011011011000010000011100010
1001011000110001100100000101010010000011
1000000110100101010111101101010100101001
0010010001111001000000010011110110011001
1101010000011100011000101010101111011100
0001101111111000011111001001111000001000
0100101001010100001110111011111111000011
1000110010101011001110011011111110010011
1000111110011011010111011100111000110010
1110110010000000001111000110101000011100
1111011110010111101110000110001111111011
0000100010110101011100010011100010100011
0111101010110001000001100111100100101100
1110001010001111110000110110010000100100
0101010011001110110100001110101011001001
0110000011100011101011101001100001101011
0110011101010011000100011101100001011011
0010111000011111101110100000000011101101
0000010011010101101000010011001000011101
1010100110100001011100010000101101110001
0110111111011010001110111011101111000111
0111110101101000110111101000010000111111
0011000111001101100111111111110000101111
1010001010101001001110111011001010101001
1111111001011110111000100000100010000110
1010000111101000101011101011001111111101
1010010011010111011101010000101001101001
0110101110100000101010100011010110011010
0100111111100100100111011010110010011010
0100000110000000110100110110011010010111
0010000000011010011011111111000010110111
0101100010010001010011111000010111100100
0010111010111010110000000101100111010110
1100000001100101001001011101011110000110
1001010100110001000110000100101110111011
1011011100101011100010110110110010011011
0011101011001101111101111001110100110000
0111001001100010101011111011011101010111
1001110110010100100001001101010101101101
1010111001101101111101000011100011111111
0100000101001101001110000011101001101000
0010010011111001101001100110110110011011
1111110001001000000101110100001100010100
1110101010100101011101100000011111110101
0001001111100110110101101001110010011010
0011110000001111011110101011000111110101
0110101010111011111100110110100000101001
0000101101111111111010011111111001001010
1010000011001111011000100111001000011011
0111011011001011101001011110101101010100
1110001110110101100001001011000101000001
0011001101001101101001000110111111100111
0110110011000000001110111110000011011100
0110101110010011010011010110111101011111
1101001110011100001011000101000111110001
0001110110100000010011110000101111001000
0001100101101001000110011100000101110001
0010100100101010100101111110011100101001
1001110111011000000010101000001101110010
0000010001100111001011010110111011111111
0011100110101101111001100010000101100111
1000100000100101001011010101110101001010
0001010001000010110101101011010001100010
1011011010101010011111111111000010100100
0101111101111011011110100010100110100010
0011110010010110000010011111001100110110
1010011111111000011101010111110110110110
0101100111010000101011001110000110000111
1101001001101100100010000101100000100001
1111111011010010100010111100111011011100
0011111100011010011000011001111011101100
0101011001010011110011000110001100111001
1111101100111111001101010111011000100010
1100111111100011010011001110110110001111
0000001001010100101110001000100111000000
1001010111000000000110100010001111100111
1110100110101100001001111011011010100011
0100100100011111001111011001110010101110
1001100011010000011001011111100000010000
0010000000001101001010011001010101110010
0001001000110010000100100000100100111110
0010010100010010011101000100000011111101
0011001100010000100011011100100100101000
0110011000111001100101000111010011001001
1100100011011100101111011000101011100101
1001100001100010011111110011000100101001
0110001110001000010011101001100110101010
1101011110110011010101011101101110111001
1101000000101000101001000101000001111101
0111101100000111101100010100111110111000
0001110111110100000110101101001011010111
0010001001100010110011111000111000100001
0110010111010110010110001101101001011100
1000010010010010010001011010101101110000
0011001000111000101000110101111011110010
1011011101111010010101010011010010011111
0000010111000110001011011011010111001000
1100010000011101000011110111010011111000
1101001100000101100100100010100001111011
1001001011011100010110001100110101111010
0110001001100100110111100001001001101011
1001100000010111010110011011001111101000
1010100010001001101101101101010110001001
1010000001001011101100001111010100000101
0000100011000000101101110011010010010101
1001101011100000111100010010000000001011
0001101001010101011001010100110001001010
1101100111001010001110110010101110111010
1011110001001000000010000101111000111101
1001101100110011110011111000000110101111
1001010110110011010011001001100010100110
1001100001001101110111011110011101100101
0110100001111101001000010110000001010011
1010101000100000001011110011110010010000
0001101110101100110001001101101010110000
0010111001010111100101111110001001101000
1110000011001100001011100000011101111001
1011110111000110000011000000101101010111
1110111011000000000011101001010110010010
0110110011100100111110000010001110011001
1111101010001111000101011101100110000011
0010000110111001011010100000111000100101
0011010101100110000000110100000101011000
0111000110000001101011000000000010111100
0110011111010110000101010011010101110100
1001110111000101110111100011011000011000
0111000111100001011001111111101001111010
0111100001001110110011000111000110010011
0001111011111010111001000110100011100110
0000101011110101100100111010000101110110
1000111010101100101001100110100010010001
0000001111100011111111100111001001101100
0011011111111001100000011000101110010110
1111011000000111101100110110100101000110
1110111101000001011000101000100000011100
0110100101011011011011111100101010101000
1111001110011111011001110110101001111111
1100101100110100111011000111010011010101
1110100000101101001111101111111001101110
0111010101000111101100100000111101000011
1010001110000011011001010001011010100010
1110011000010101111010111101110011011101
1001111100001110001010010100110000101110
0011111110100101101100011010011101101110
1110000001110110011011000001101110000011
0110011101101001001011110000010010001011
0110100111111100110001110100000001011101
1001101111011100111000000011111110001111
1101000011100111010111011000010101001100
0010010011100001010101011111001010110011
1000000111101111100010110110001100100000
0110101001010101100001001000011010111011
1000100100111100111101001100010101101101
1001101100111001110011110010001101000100
1101010000101011011001110111000101101111
0010101001001101001001100101110101000111
0110011001100011111110010111111111101000
1001110101101001101001001100110100001000
0000100101000001110011101110100111101111
1101101101100110000101110000010101111101
1100111100011000111011101110000000000111
0100101110101110101101011100110001111010
1000001110010000000011101101101100010010
1111110100010001111001010000010100010111
0110111110110101111101101111100010010000
0100111100000000011011101110101110101111
1010010100100110101101110110000000101110
0001111101110111010101001001001010101011
0110011011111010101000111001111111111000
1010100100111011000110000100110001001101
0000001110110010011101000011011110011011
1001011010010101000001000001000101001000
1101011101110010000011010001111011001011
0110101001001001110100010111110001100001
1011001010111111100110111111010010111100
0011000110111010111110001100100010010010
1011111000000001111110011000110111011100
0111011010001001010000111011000011001011
1111010110001101110110010111100010110001
0100001111110110011100000000111011101001
1000110001010101110010110000001011011010
1001001110110110100010001001010101011110
1111101101110010101010001111010011011111
1111011101100000011111001111111010000011
0111011111011010100010100001001010011111
1101010010000101101001001010001101011101
0111101110101010101000000000010100000111
1100101101110110101001110100110000000110
1101011001110000001110011110001111011000
1110010100111001011011100110010000001111
1100110100011000100000011011101110010000
0001011110101000000111100000011011110011
1110100010110110000111101001100010010100
0011110100100111100100100000110010011101
0000100110000001101100000010111001111010
0000100010111010000100111110110110111101
0101111110011001110100010100111011100111
0101010010100110101101000111110110100111
1001111100010001110111100111111011111000
0101100011010111111100010000100001100111
0101000010100000011111001101000000101101
1101011001101011101011110100101010111010
1001101011001101011110010001110111111111
1000000000011110111101101001011110100011
0111000110011101011111001100001000011110
1000010101111010111100111000000100010111
0111101110101011000110111010100101011110
0001100111100011110110111101011000000110
1010010101001001111100101111100010111110
0000111111001111111100001001100111101011
1111101110111010100011100101100101000011
0001001101111110100010100100100011011001
1110011011101110001111001110111011001111
0000011001111110011111111001100011111001
1100101011101111100000000011000100001101
1000001101110101000001111100111001001101
0101100010101000101010011000111010111100
0000101110010111001001101010000001111010
1000101111000111010001110000011011101111
1001101000101010010110010111110111101101
0001010110011001100111110001100001001110
1001101000000010101001111010101001011101
1100000010110011001110110111001111010011
0100011111010011111101000000101011000010
1001000010111001001011010111000110011000
1011100001100010010000010110000000010011
1111110011011100011001010010100011011011
0100001011100100111110111000000111111010
