40 2047
1101011001010011100010011100000100011010
1010110010000000001101110011000010100100
0111011110100011011010011001001110011101
0001010111100010100110100010101101111011
1001111101110101001000111011101001100110
1011101011110000010000000101011101001100
1010010001100100001110010101101101010010
1111001001010001011011101110000111001100
0000101100100001101001001010111110111100
0101100100101011000111000001011110111001
1101101011000001101101101111101110100011
1000101001011001011010001101111010001010
1001100000101111011011001011101011101011
1000000010010000010100010110111111011101
0011111110010001110101111001010000100101
0001110000000100010110111000111001110101
1110111111110001101011100111001100100000
1000000101001111000100011011001111111111
1011100111101010010100010011110111011010
1111110001010001011110010010111110010001
0000000001101100100001101110111101101011
1000111100000001100000000010101000111001
1100001101100100101000010001110111001010
0011010110100100011111011011000000011100
0001111001100100001000111010110010100110
0001001100100110110100101001010000011000
0011110101110111000101110110000111100110
0001101011100111000000010111001111111010
1100001001000100000100111011111111110011
0110000101111001000000110010001010101110
1000000001011100101100111100100010111010
1100001110110101001101000010101110011111
1101111010110000100110110111101100011111
0010110111111001001110001000100011111100
0000110000111000110111110111111110010010
0011010001101111110010110100101100110010
0000000111101010010101010011001111111001
0011011011001001100111101001000011000010
1100000111010111110111010010100110100010
0011010111011000000000110001001100010001
1010111111001001100011111000001001011011
0000010101011101000110001101010011100101
0111111011001101011011110111111000111000
0111100001001111111001001000110000010101
1000000010001100001110111100001000111110
1111000000011001011101001110001010001010
1011011111101101000101100001110101001110
0100101011111101010111101111100111010100
0101000111100101101011001100011110110100
0001000110011001110111111111011101111010
0110101010101000011110000001010100111011
0110000011001001110010110111100011111101
1000001001100111101011110100000010011100
0011010001101111111100001101001001000111
1011001001010111101100110001101001000010
1101110110001010100111001101010001000111
1010011010011100101010000111110110110000
1101011100011011001010000001110111010100
1011011000010110111100101010111001111010
0100110110010101011000101101001110111111
1111111001001001010001010000110110101000
1010001011111101110011101011000001010101
0000001111011111110000101000011111011001
0000110010111100000100010100100111100101
0101001010001100001000000101101001110111
0111111100011001000011001001110110100111
1011111101101101011100111001100000100011
0000101100111010010001110000000111011010
0111011100111100101100110011101000111101
1111101101101100101100001001000001110001
0010110001010000011100101000100000000111
0000101000100001100111001100000011111111
0100110100010101100011011111111100001001
0110011111111000011101011010011110000100
0010110110010010001011000101101011111100
0011110110000000100000100001110001101110
1101000100010000101000101001010100100111
1110000101011100001111011000111011110100
0111110111001010110000011000111100101001
1000111110000110110010111111111101011101
0011000000001100111001110011010000111001
1101110011010000111101001010101011111100
1000011001101100000101111001001100110011
1100111010001001101100000101011110000100
1100101010101100100110010001110011101110
1000010000110110101011000000110001011000
0100111111111110110001011110011010100111
0111111100000100111011111111010101101101
1110011001110100001001001111110010001011
1111000100111100011101000101000110001110
0011010000111000001011001100010010001110
0001011101111100111100000001100100000001
1010101100110101001111011101100000101100
0110011000100011001011101100001010001000
1100000011011101000111001011000111100000
0011110101100111110010110111011000100011
1001111111100100011011110111100100001100
0010110001000100101010100001001010101110
0111111101111001101101111011100101110100
1000001100101101011011011000111001100100
1100011001001010010000001010001101101010
0011101000110011100100010110101110101111
0100110001011001000111011100100011110011
0111100000110000101111001111101000011001
0100110001110101001101001110010011011100
0010010000010010001001111001111101100111
0111110011001110001100100010000111000000
1110100011010110111101011110101110110110
1110110011101010111011110110100110000100
1110001010001011110111011011011111010011
1111100000111001000010111010100110101011
0100100011111101001100001000111011010010
0010000001000001011110101110001011010010
1110001000111010110101011111101010001101
0000101001010100000111010101011001101110
0000011111011110000010000100100001000001
0101100110101011110001101000100110001101
1011001110010010001010010011100011001100
0000100000100101011001001111001111011110
1100010100010001101010010000010110101100
0100011011000110010100110110110011011110
1010000001000100101000111010011001111010
0110011101010110001110010110111101000100
0011110010000010010001001000000111101110
1111001100111100101110111110110101000100
0110000000100010101010000000000011010111
0101000011000110010110111110011010111111
1000100100001101111100111111111101110000
1101100100000100000000010101110011010101
1011000111100101100010001101010010101001
1010010010010000110000100100110011100101
1111001111001000001001101101011101101111
1101111101001010010101111111001011001000
0101011100111000110010001101101101001010
1101001001100110011100110000001100000000
1101110101100101101101111110110101100010
0101001101011010001101010000000101110010
0010101000001100111110100101111111101010
1010110111101000000101110001110001010010
1010101101110110110100011000010001100001
1111111100001001011110111011011110111001
0001011100010100111101100101010010001000
1111100011111100010001011011001101010010
0011000101000101010101010011110111000000
0111001110111001001110101111011100100100
0000011101001000110011111110001110111001
1101110101111111111001011100111010011001
0001011110100110101101011011000110010101
1011011011111101111111101100100001101000
0001001000010101010110101001001000001000
1001110100010001011110000001100100110110
0000111010110110100100011111100100010101
1100101010101100000100010110001100010011
1100110000100111100111110011101001111011
1000111100000101101010010000101100101110
0001111001001011011101111010100010011000
1011110000110111000000001011001101000000
0001101001110011011001011001011111001100
0110101000101001001111111110110011101111
1110111111000011001100100100000001001111
1100101001000111000101010011110000100101
0100111010001000010101011110110011010001
1001000100100110000011110110000011000001
0111000000100100001100011001010010101000
1010110101101000100000100011001011100101
1001110000101011010010111001000001100010
0010100100101010110010000111011000111000
0101001000111000000111010101001100010100
0010001011100011110111111001010011000011
0110101000111110001000001100011111101100
1100001110010100101101100111011011111111
0111001110001111000001010001010011100010
1001101000100001110101101111001001001110
1001101101110011100000000011101111011100
0011111110100011010111100100111001110101
1111110110100100011011000100100010100100
0000111100111001110010010101101101001100
0110001100111101001011000111010110101011
0101111100110111101110100000010010111110
1001001001101110011110101001101010110010
1111110011001001110011110110100101111110
1101100100000110100111101110000011001001
0100110101000111000000010000101010100001
1011110101011100100111110001001110011000
1010110010010100000010010110010100001100
1001100000010010110100110010101000011001
0100000100100010001000001101000100011100
1101010101110010000100101110010111000110
1101011101101100000111111000011110011011
1011101110111101111001111000101101001110
1011110001001000111011110001111000011000
1101110100000100101110110100010001000100
1101011110111011001000011100100001101110
1011101000011111111100000111100011100101
0111001100101100011101110001000101010010
0100001111000110101010110001011011000111
1110001100110001100010000010111011111001
0101000011100101100101101111101001001100
1010111010110100011101001010101101011010
0010110010010100100111111101100010001001
0011011001111110000010110001101001101100
0100010010110001011001110110101001111011
1010000110010110011100011101110100010010
1100001101001010110010100101101010000011
0101101111111100000001000000110111001111
1101001110001000010001000111111000010100
0111011001000000100000010111000110101011
0101101110111011000111001101111110010110
1110101111011000110111001000011010011100
1000001100010011010111100101101010110101
0010100001011110110101101001000101110100
1101110010001101000000111000101010000100
0100010110111111110111110100000100001100
0101110101110101101000100101000010010001
1010010111110110000011111111011001000100
0100111110110010101111100110111011111001
1100010010111010111101101001111011011000
1000100100101100011100001001101001110110
1010000011100100111110010010110110001000
1100001011100000010000011001101010110001
0000101011110000000111001010100110111010
1011010000100111011110011100110111111111
1110110111110001011111100111001110011010
1001101110010111010010010110011101110111
1111110111110101011011011011011001101010
1000101110101010010101111101110111110100
1010001010101111000010001101110010001101
0011101101011000001000110001100001001100
0110111001111100111111111000011111110100
0100110011111100001000010111100010100110
1010010010011010001100110000011101110011
0110011010000010101000010010111011100010
0110000101000001000001101110001011111010
1110100110011110110010100110011111011001
1010010101011001000000010111011100100110
0001100100010010100101101010011000101000
1110001110011110011101001001001101001110
1100000001000011011111101101010001110110
0001011001101100010010000001001100111010
1001111001000101011101100011010110110011
1110001101111101101110100011110100100101
0001100101010110101000000101101111001111
1111100011010010010001010010001011001010
0100001001000111010001001100100111101100
1110001101111110010100111111101010010110
0111011100000101001011001001110011010111
0011100000000100101111110110010111100110
1101111111001010111111011010011110100011
1001001101110011010011111100111000000110
0001110100101011010100000011001100000110
0011011010101111111101010111011100110001
0000111000110010101111001110011010100111
1111011100011100111000000111111000011001
0001001011111011000011101100100100101111
1011111111011101110010110010001011001111
0001011011110000000000011101101100010011
1110010101001111001011001001010101110100
1110101111111101101011100101110101100110
1001100011110111100101010110111110110110
0101110010111001010001000110111110110011
0000100101111000101110000010011101101101
0110110011101110100111101110011110111010
0101100000011000000101010110100011001110
0111111011101110100010100010010001100101
1100001010001001100001101000001000010011
1111111101001000111100101101010100111101
0010000111011001110111110000000000100010
0000110100000111011001100100110000001000
0010011010010000110011101101110011100001
1010100000110010010010010011001101000110
1110011101010001100010001111010011010110
1110100011100101001010001100111100111110
0001001110011101100000101010000110101101
1101001010110001111110111000000111111101
1111111100011001001000001000100110111011
1000010010010100110010111101001110100011
1110010010100110110011011111100000111111
1011110110110110011000011110011010001010
1111001010111010110100001001000111100101
1100010100101001100000011101011011100001
1110000000111110101010100101000110000011
1110010000101111010100011010111110101100
1011111111000010001100101000001000010111
1011000000000010100100100011100111110010
1000010100011001000001000111100110111000
0011100010110110100011100010001110110001
1000100011000100110101110001000010011110
0000011000000010101011101111011001110110
1100111101100011110111001000100111010001
0000101111101110011111110001111111110100
0100110110010110010101011001101000100100
0111001011001000011001000100100000101111
0100001011101001001110010101001001001101
0010111111111101000110010100001011110001
1111111010001011100101011100110110111010
1001111000000010110000110001100010110110
0000001101110000100110110111111111101010
0110000011001010100100100001000000010110
1100110110011100000000010110100111100011
1111100110001011111101100111001000101110
0000001010101100100111011001010001111111
1100100111100100111101100000001101001001
0010000001010001000110101110011111001101
0100001101010101111010010111110100111011
0001011110001100000010100100100100110010
1011010101101000000111011001110011001110
0010010000001101010100100100001001011110
1000111001100101100100101110111010010110
1111101110101101100000111000111111101000
1001000010010101111011000101111100110101
0001101000011011111100001111000010011001
1010010000000001101010111011100101011111
0110110101101010001011001000001000100010
1001111000111110001110010001110000000011
0101101010100110011011111000111000110001
1101011000011011110100011010000110001000
1100011100100101011000100011101011111100
1000000011110011001100111011111101000011
0110000001011010111101010011010000011001
1000100000101111011010110100101001011111
1001111011001100001100011001000001011000
0101111011010100010111000110110011001111
0010000011001100011101001100111001100001
1110100101111001110110101110011100011100
0000110111111011010110111110010001001000
0111111000000011110000101110001010100010
0000101000100001111101110010011101101101
1100000000100111001110001011010000101110
0001110110001010111110010100011001101010
1100100000000101000011100001100001110110
0110001101110101110011001100000011111101
0101101100010100110101101011010010011000
1000111110010010011001010101101011110011
1111001111000011100011010100001110111000
0101100010100001111101110011001100100001
1110100010111100100111111101001011101111
0000011110111101101111001000011110100110
0101101110110010001110010100100111011110
0100110101001110101110001000111111000001
0100010111110011010001010110111000001001
1110111001001011000011101011000111010001
1010110110101111110101100111101010100001
1101100000100001000000100110110110101001
1011001100001001000011100010100011101011
1010100111000000100101000110101011111011
0011111100100111010110000111101100101110
1110111011001010100010010000110001111111
1000000010001000010100110011011010111000
0001110100111000011101100000110111110001
1111111000011010100010110011100000010101
1110110010100000101110011101000011101101
1001100000010110101001010010101110101111
0001100101011100000000010001100011000100
1000000100011010111101101011011000011010
1111011001001101110000101100001101001001
0001010000011111100010010000001000001111
0111010100111011111100010110110100110111
1001001001111100100110001010110001101001
1010001010001111110010110111001010000100
1101001011011110110111011001011010100101
1001011000100011110010101000010011010010
0100111111010111011100110001010110011111
1011001110100110100010000101000110100010
1000101111010000111100100011011010001001
0001111001011110110010001111100001111001
0010110111110110001010111101000010111001
1010101100001000001111100001101110110101
1011011010111001101010000010100100111000
0110110010000001100010110110001111010101
0001101001011110000010011101101000011011
0110110110100110000110010111010100001011
0101111110100001001101011001010000011110
0111011000011011000111010011100011111010
1101111010001011110011101111100010011001
0100010111101000100001110011001010011111
1101110000001101111000011011111110100100
0111110101001100000001011000101001011001
0000101100101000001101101110010010101100
0001101100011111010111111101011101000101
1010001000100111101000011010010001101000
0011000000011100111010111001000010000110
0011011000001011100001010000100110000101
1010010001011011111000000011001110111110
0010010010001110100000011011100110101100
1100000100001111001010010100000101101011
0011010110000000111101100111011110101100
1000101010001100110110011100101010001010
1111011001100011111101010000111001100000
1101001101100000001100001001100100010100
0000100111000100110000011010101011111111
1000011111101011011101000101101100100011
1000111011000000101001101011011100010000
1111100001000111110111111101010111111101
0111010111001011101110001111001000000000
1011100011111100110101101111010101000010
0100100010111100001000001101001011101111
0001000101011111011100101000011011100100
1111110101100111101101100111101010100011
0100100111111010000010001001100111101000
1110010100011101010100101010001110100100
1001011010111110011111010000110110111110
1110111100101111111101110101000110000011
0010111101001111101010100101011000101001
0101110101011111110000010111100111010101
1011100010101000000010001000001101000011
0110001100101011011101000111101010101100
1001110010100100010101010100100001101110
0110010101101000000000011001110001101111
1101111101110111001100000000101100101101
1001000010011101101010111011001000011100
1100110011101011000010101111000010101100
1110111000011110101110110100111101101110
0111110110001010111111011100111011001000
0001111011011010110101011110101101101000
0001000101000001010111110010101110110011
1101011100000110011100000010011001011100
1000111011110111100111010111111001010010
0100101000100011011110010000100001000010
0101101110101110010010110110010101001011
1100010110101001101101011011000110101111
1011000011110111101101100111100101111100
1100111101101011001111111101010010100011
1111101000011111110000000101111000101011
1000111111101011000001111110111011001110
0011011101111011011111011010111101111101
0000110000010100011101011001101111001010
1110011010000010011101111001000011001011
0100011010101111011010011100011010111001
0110000010101100101001001100010111011110
0101111010001100011111101111001100110100
0101101000100101110100000111010010001011
0101111000111111010001011101010111111110
1100001111010101100000111010101000100010
1001010000101100100010111011010001010010
1110001110101110100010101100100111010001
0100010011000011110011001001010000000001
0001000111010110010000110111111101000001
0111101000000000010010001100000001011000
1011001011111000011010100101001110001111
0001101001101010111111111010001001001011
1101110011101011101011001001001011101110
1100110010101001101001111010011001000000
1111010001111010111010110111100100110100
1101100110001001001001101100111100101011
1111001001000001101111111100000011110010
1110101011010011111000011111111100111000
1110100001100001111010000001110101110001
1010110011000111110110001110001110101001
1110011100001011101001000110001010111111
1000101100001010001011001101100001011000
0010001100110111001010100110011001000100
1110001101001011111000100000010100100100
1101000100111101110111011010000010101111
0001000000111101000001101011111000110101
1000100010000110010100110110000111000100
1001111001001010100101011101111010011100
1101001111010101101100101111000111000100
0110100011000011110011010110100110000001
0000111010011111000111111101001010100110
1010011100001100100110011011100000110110
1011100110101101100100100100010001101011
1100001000111000101010101101101001001001
1111110010110011101110110100011000101001
0010101111011011010101101001011010000010
1010011001010000010101100110111100110010
0110101100101100111011101111000111010001
0111010111110000000111001101000101110011
1101000001010100101000000110010001111111
0100100111111111110101101110001110111010
0011001100001001110111010010000001101110
1101001111111100000000000101000000100100
1111010011011111101110010000010100110111
0111010111101110110001010011100010110100
0001111100010101001111000100101000011111
0111110011001000100011100000100110101100
0111111110001100100001101100111110111001
1111101101111001111110011101010111110001
0001110110101100100010101000111100011011
1111011100110000010011111011011111011111
0110000100001001101111000010001100010100
0011110010000101100110000111010000111000
1100100010111100000000010110011100010100
1101100111101111010110110100001100100001
1100010000111011100011011000100011001001
0100011000111101101111011101110101101011
1001100111110010011010110011100110100110
1111110001011010011001110001001100110110
1010101010000111111001100111111100100100
1010010100111001011000100001011110110011
0100100100001100110011011000110110100110
1001100011001110101101110110010100010100
0100111110101011110101100011000101100110
1111101011001010100001101010111010101101
0010000011110011010100111101101010101100
0111011100110001011101101000101111111001
1110011010000001110001010101011100000011
0010001111000100001111000100011101111101
0100101111001101110111000111010100101101
1110111100010110000011001011100011010011
1101110000111100001010011110100100011000
0111100110100100010011010101011101001000
0111110110111001110111101111010110110011
1110100000010001011100100011010100110010
1010001110100001101001111110010001000111
1111000101011101011000110010010001110111
0011001010011101100011011010001000011010
1101101111110100111010011011100011000011
0101111111111100111010111010000100001101
0100010110010110001111110101111010111001
1111100100001111110111111101101000011111
1101100100100000111011011000010001110001
1001010000011010100111100001001010101100
0001001101100000110000101111111110110111
0001001100011001011100100100010001101011
1100100101001110001101110010000011011001
1110000110100011101000110000101001100011
1101110001101111111001011111101011111110
0010110100111011101001010110111101110111
0001000111000101011000000010011100101010
1110111101100001111101010001010101000100
1000100000111010110111101001101101000000
1001011100100010001110111111110011101100
1111100001111010101110100100010001011001
0110110111000010010001001000110000110010
0110011111111100101001001111111011010101
1110011000111100011100011100011100000111
0011111100101101111010000110101010000001
1111011010001111100011111111110011111001
1001111111001111101010111111110001010001
0100101110001000011111101000011110110100
0001110100000001010111101001111111101000
0101111111001000110111001010110110011110
0000101001001000000111011101100111111110
1010001111111110010101011100101110101010
1001010001100111111011110101011001011110
0111111110111000110000110101101010010010
1010001010011011011111101110000110111001
1100111111100101100011111101010101101001
1101001111011111000111111100110010011010
0100010111001000001001000100100010101011
1111000010000101011110010100001010000010
0010001110000110010110101111000000100100
0010110010110010011010011111000100001110
0011000111100100011001000100011010101001
1010100001000011110100001001011100101101
1010001110111010110000100100000101100011
0001001000111010111000000011010001100001
1111001010110001001110101001101000011100
0011100110111010111111100101010001001001
1100110000011111011011110011110111000000
0110111010101100010100010100010110100000
1000001011100001001100101001011000011111
0000100111100101111001100101011101000011
0110110110110000000101101111111001110000
1001001000101000101100100100010000111110
1111000101110100100110001110110010110100
1101001100001110000011000111101100001000
0011010011010111101111011010100110010111
1101110110111001010110000011100101011101
1010111101101010100011111001011100010101
1000100101010110000010111001001011110110
1000010011000011110111011000110100100100
0100100110010110011110000001110001011101
0011111110010010001010000110111110111110
1110001111110100000011101011110011110000
0001101100011001001111100100000110100110
0111001101111011000101010111101000000010
0010010111011100011111011100001111000001
1001100100001000000010100111111100111000
1111000001001011001101011101010000011001
0010000001010101010101010101110001101001
1000101001100111001011101000000000101111
0111110101110010100011011000100100100000
0000001010000101000010011111010110011000
1100000001110101111001111111000010100000
1111000011010000011100100101101110101101
0011010111001111010001100000000101110111
1111100001010011101001111010010110001001
1000011010101101010101001111110110111001
1101111111000111101111100101101111010001
0111101100110111100010011010000010101000
0100101011100010011111101110111111001011
0010110011101100100010110001010011110101
0100100010001110011100111000001010001101
1100010010111000001010110001010100111111
1010000001001101100010001010101100100000
0100000010100110110000001011101000010101
1000111110110100001000100101001001111101
1000011000011000000110101000011001110001
1010001011010000010011111101000110111110
1001101101100001100101100101100101111001
1001010110011110010101011011001110011101
1010010001000000100000111101011010100110
1111011101001011011110000110001001011011
0100000110011101100001101110010101111100
1110001101110101000101101011100110010010
1111000001110100000010111110000100000100
0110100000010100011001011000010011000110
1101010110001000101001110110001101011000
0011111110101000001111010000010110000001
0110001111101001111011001100100111111101
1000010001001100011101100100101011001011
1100000011111001001001111010111100110010
1001101100111000100101100110111101100001
0111010000011011110101000111011110011110
1010100100001111111011100111000000001011
1111010010100111111110001011110111011101
1111111101100011100101010000110111110100
0001011100101011011110001011010011001000
1101010000001100101101011100010011101110
0000101010000100001001011111100110110011
0001001110110011011101010011001001101101
0110111101111000110011011011000101000110
0000111001111101000001111110001101010001
1011010011100011100111010111000110100010
1111011011000110110001011001110101000100
0100110000101110010010000111001110001101
0010000100001000010001100001000001110000
0000000010011101011011010010000100101010
0100010011100100001100111111100110010011
1111001111100011111101001100110011011110
1101011111011011101001111111111101011111
0000001010101111101111110110110000010111
0010110111000111110001101000101110110100
1101000000011110011111110000111000111001
1001001011010101111010011100001001110101
0110111110011111101010110001111010101011
0110101101111001001000010110100001101100
0101101010000000001111100011100100001000
0011100011011110011111100000000001100100
0101011111110000010001101000000110110100
1010111011001000110111101011001010000110
1010110011111010010010000000010010100011
1101011100100011110110000100011000111010
0101000010111111010011010110001111100010
0001100101110100001001000111111000001000
0101001001101111110101001011101110101111
1101010011101101111100110001010011000010
0111000011111001011010100111011110000100
0000101110110110111001100110100001100000
1001010011101100011110111101100001110111
0111110010000100110100110100001010000011
0011010100000110011111101111010001110001
0101110010010100100111110010110010011100
0111111101110110011101110010100000010110
1000111000000001000101111011000100101001
1010001110100001110001011010000101010011
0001010110110001110001011011101101100101
0110010110001111001110101110110011010101
1011011010010100100010110011100001001010
0010001110101110111111000011101100011111
0100000111010101110100001110100011000111
0111001111101100110111111000000010111000
1101000011110000111111110011111010110010
1000011100100110000111111011111111100000
0000011000001001101101100100111011000011
0001010011100001110101010101111010100010
1010110010100000001100000100010011100110
1001001101011100101101100001100111110010
1001111111010000011001010100011001001100
0101001001101011101010000011000111010010
1000001110010000100000010001101001110111
1000111001001100000001101100110011000101
0101111001100100101101101111110100010111
0001101100101001111010111001111100111010
0000000100011100000111000101111100101000
0110010101110000100100101111110000100010
0010011101101110001001000011010001100100
0111010100110000110101100011010001000000
0000111000001111111000100111010110001110
1001110000011011111111111100101101011011
0111001100110001110101011101001110110100
1001101111000101001111010000101110010111
0010101101011110101001101101011010010100
0100111001000000010100111010000001111101
0101100110010010011100001111100111000110
0010110001000110110011110100110110001001
1111101111010001110000001001110100110111
0101000110100110111111011100101110101001
0010000010100111111010101000110100111001
1111010000010111111000110111001100111011
0110110100001111000110101011000010000100
0011011001100010110000101101100110011111
0111111110100000010111100111101001101101
1100011110110010101011000000111010111101
0110000000101110010111010010100001100100
0010011100001011010010010100001001000110
0000000101101111001110010001111011000011
0101011100100001000100011010010010010111
0001010001011001111000000111110100111101
0101111100001110000110111110011011101011
1111111101100000100100000101101110010101
0001111111101101101100110010101100100000
1010000001000011000000110011110101110100
1000011100101101001110111000001000011011
0101000001111111010000010101010011000101
1000101111000011110101101101011110111110
1100000111000011001110101110101100110010
1001001110010111001100110111000101000101
1111001100010011001110110111111000111000
0101101000011011001101100011011001010010
0001010111000100111111100000111110100011
0000101110010100001110011110011011111101
0110001010001111110110101011011110010011
0101000011111000011100001110111001010001
0111011100111110110111000011100111000110
1111010110111100100101100100100110100000
1111001010010101101100110100001110111101
1101011000010010011100110110010001110011
1101100011100101101100111010010010110100
0111011000001101001011110000111011001011
1001101000100010101101001001100111100000
1111011001000000101000010000101001110000
1111101000001100111111001000110011100111
0101110001111100111001010110011111010011
0110000111100110011010111000111101110000
0111110100010010110100101011111011000101
0110001110001100100010011101000010000110
0110011110101111000100100001110011010111
1001001111100110100000101010100000000000
0000110010100100010001110100001001000101
0001101100100001111011110100101110001101
1101001011000000101000011001001010001111
1100000100001110100011010011001000110001
1010101101001100010101010111110100000010
0011101001000101101000001001100010101001
0000000000001101110101100111011001001100
1000011011101110111101001111101110111111
1110111110111100011100110011011000111101
0100100101100010000010101001110001011000
0000101110010001011001110100001101001101
0110100011111100010100101011101000000010
1110011001100100001101001111011101000010
1101110010110010111001011101100010110111
0011001100111001100100111100011110011100
1111010001101010111001111011001001111000
1101111000110001110001110010100111110100
0111101000011101000110100001111001101011
1101001011010111011011011011000110001011
0001001100111001000111000110001010010010
0100111010100011111000000100100100111011
0010010101010001101011000111111101011010
1010001010100001110000100100010101111100
1010000111000100101010111011111010111111
1111100101111100100000110110100010111000
0101011101110111000010010010110000110011
0001011100110001010000011100110100100011
1100001110001111001101001101010111011011
1000100101101100100100010001010100000001
1000110011001000100100010001100101110001
0111111011011000110110100100001100001000
1000110110101111110101111010000001111101
1111010001010011110110101100001010001110
1001011111000001000110100110100110100001
0000011000010110111000010100100010011110
1001000100001011001011110111111001110010
1100101000100100100100000101110001000011
1101000101011001000001100111000110001101
1001010011010010111111000101001110000101
0101011101100011010001000001110001010010
1101100110011000101111010100011100101011
1110000100110110101000100011110010011111
0010011110101010100101010100011111000001
1011010011001011000000101001100101001111
0000110001110101000110010101010001111101
1011110001110001000010011010101000110111
1100111110011000100001001010001111101101
1011010110011100111111010111110110010101
0010001001001111011110101001110011111011
1100101110101000111011111001001011110111
1111001110011101110000011110001001010100
0111000000010101010010001111101110000011
0000110111010011100001010111110001010011
1101011101000011110101000001000001111111
0000001100110001010100100011001011011111
0010100001010000100011110001101001111001
1101101110010011110110010000100111001101
0100010010010000101010011000101000001100
1100100010110101011010100100111011001111
1011001001110100100101111101001001001000
1000011100010111110111001001101000010010
1101101001111001110111110110101110000010
1011100000110000110001011111000000001000
1001000001000111100010011101011001100001
0011000001011110001101110011011100110011
1001010000011110001000011100110011000010
0101011100110000101001011001011000011111
0010111001101110011011101100011100101101
0000010011011000000100101011001111000010
0001100100000111011110110110101011010101
0001001101001110000011011110100011101110
1000110011111001000110010101100111110100
0010001000010011010010101000010000000101
0001111101000100111010000010011010000101
1100101100001001111111100011001000000000
1000101000011001101101000010101010001111
1101100001100000101000001010011101110001
0001000001110111011110000000010011101010
1011101110100110111101110110010100001000
0110011101010000110110110010011001010010
0110110101100100100011110111101001100011
1100110100101011000111000001110111010001
1001111101100010000001010101011010010110
1001011111011011101100000010011011011101
0101000010100001110011100000010111000100
1110011011011111011010011001001010101010
0110010000100010110001001100111100010000
1001001011000010100000001111000010011100
0000001101111011101111100101001110001111
0100111110111010111010100100001000111001
1000101010011001011010010001000010101001
0100101111111010011011111010000000101110
0000001001001101110111101011011011010101
0001110000100001001101000010110010001000
1000001011000110100000111011111111001100
0110101110001100000011001101111010011110
1100011000110101100111111111011110111010
1011001111100000000011110011101110100001
0000110111000101000110101011111010101100
1010011100000110110010000001010001001111
0010111000010000110001101010100101100001
1011001000100100111000100110110100101000
1101001100110010001001101001110101000101
0101011010111111100101001000110100010101
0011000100010000010001110111110101000101
0011110111111000101001110010101001100001
1001100101001011111000001000000100000000
0011010010011010000011001011001011010100
1111010110110100011100011110111111101010
1100010100010101111100000000011110000000
0000000111110011010110111001101111011110
1101110100000101101110001111011001110111
0000110110100011011100111001100000110111
0101001110001100111001000101000001111100
0000100010111001111111000000000100011011
1111111111001011101011110000110101010000
0110001101001001110000010010010010101000
0101000011011100011100010001110010001111
0011001010111110011001110111110010111011
1100011000111110101110110011101011011111
1101010111110010011001110111110110010010
0110011101100000100100111011011001110010
1010000001100111000111101111010111111011
1110101111010101100110010000111011111110
1111110101011101000110110111100000001010
1011101010011101011101010011000111011001
1100100000111000001010110111001000011110
1010100001001110000001100010110001011000
0001010111101101100001100010001010101001
0100101110000010011010001101111110101101
1000010010011100110000111110111001100001
1000100100111100011101000101100101100111
0000110001101010000100000110001110101000
0011110110000110011000001011001010000010
1001100000101101010111000111000111010000
0011110011110001111001010000000100001011
0101101001000111111011000010110011001111
0001000110000010010010101010001001001001
1110111001101111000001001101001101001000
1001010011101001101101010010111101100011
0100101000101011000011010011101111100110
0110010110011100011001101111010101000001
1110011001000111100100100011011001111011
1011111001110000000110101011001010001111
1111100110100100001011111000000001110010
1010010001011110111100010111001010100001
0010101101001001010011001010101100110010
1110100000110110100011000111011010000010
0100001001111110001100101110001100111000
0011010001110101100010100001110000100110
1011101100100011011111100000001111000110
0111000011000111001101011011111100010001
0101000111010011011010101010101010100111
1101000111010110100011010000110011101110
0000111010110001010101010110001100001111
0000000001010000000010111100010011011001
0110010110010011101011001001111101001111
0000111110111100001100001000000000001011
1110101100101000000011000011111110000100
1000111000100100011100100011010011111111
1010010100010011110010000011110001010100
0011110111000111000010101110100111101111
0100101000010001101010111011101100001000
1111010000000000001101101011110001101111
0001100100000110011111110111001101000000
0101110010011001001100100100111100010010
0001101001100100111100010000010010111010
1110100101000010001111101000110001101001
1010000000000110011101110110110011100111
1110000110100010111100111100000101101110
1101110001101110101001111010111100010011
1010000101010001110010011010001001011010
1111100000111001111101101010111000000000
0111110001111110011101101001000010001111
1100001110010001100010100001011100111011
1000010010101110110011101100110100100100
1010100111001010100010100000100000110011
1101110011101111001100010100001010011010
0111000010010101110001111110010111111101
0000111111011010101010111000000100010110
0101110000100111100101100000010101010111
0000110100100111010101110000011101010100
0101100101011101111000100010111011100001
0101000100100001111101101001101101000010
1110000001111000001111110000011101111101
0000000011111100111110111001101000011001
0001010111111111001111100010000001000101
0000010001111011000000000101010100110010
1101000110100110011010011000000001101001
1001110100000110011010011101011000100010
0110110011110011000000001000111011101000
1010100101001101010101101100101001111111
0010010001110100001011101001011001100100
1001111001110000001000010100111100101111
1011010100000001101101111001001100110010
1101101111110001011101101011001011111010
1110110110000101111100000111111110100010
1001010111110010001110000101000111011101
1111011110010011011010111100011001101010
1011111110001101001001101011101001110110
0111001000010100100100101011100101100101
0000111101100110011000111010011001100000
0111001000100110011110010000010110100001
0000011101110000101111111001001110110010
1010001101100010101001000000100010010011
1000111111100010110100101001010000111010
0110011011110001000101100010111100000001
0000001101101011101010001011000111101010
0000010010000000010110110110000011000000
1111001010011100111010100001111001001010
0010010001000000000011100101101110101101
0001011000111101110010110111111100101011
0110000111000111100111111001100100000000
1101100110001000001101100110001110111000
1111011001011110011111010101100010010111
0101101010110110101001101011010100010000
1010011101010000011011100110101010100110
1101110000111110010101010111010010101001
0000111011110100000000011100010010111110
1011110001010011111010110101110010000001
1111101101100011000110111000001001010001
0000000101101000010011111000100000101000
0101011111100000001011000101101001110001
1110000101011010110001011100010010001101
1101001001001111100110111100110011001101
0001111011001111101100000100100111111111
0100100001101011110010110100000110100111
1001000111110111110111011001001111111001
0000101100101110010000001111101001101001
1101000010111000101010000010110001111011
0001011011100111011010110100100100111011
0001110101000011110011000100111010110110
0111101100100110100100001111000011011101
0010001100101001010101001111100001011001
0100010011100110011001100111000001000010
1011110101000101100011101111001100101001
1101111001111101011100010010110001101000
0000010110110010110100100000110101001111
1111111011011001101100100011101010010011
0110001111101100101011001001010100100000
0100100010101111100100110110000011100100
0010011001011101001101000000000101010010
1011110100100100111101001000011110011011
1111101000011010000101010100000010010110
0100010111011001110111110001111000110010
1111100101100010001101111011000100110001
0101000110101100100101010010111111111110
1011010001011000010100000111110000111011
0100110110010110101101100010010000111100
0011000010011010111110000011000100100110
0011101010110100000000101101111111100011
0000011000101110110000100101011001110111
0000101111100001000101111001001101000111
1000100011101001100001010011111111010110
0101010001100111001001110001100010000010
0111001110101101100111101100100000010110
1001100010100000010101000010101011110011
1001101101001001001111111110110000001001
0000101101100101101000000100101100101101
1100100111101010110110100000000000101111
0111110111010010101010101001111001111111
1100110100000011011100111100100011001101
1010101001001100111011010001111011010000
1010110011001010100100010101111110100001
1100110110010010101001001010001011110101
0001110010110011000001111111011100110010
0011111010011011001010000110010010110010
1101011011000101111101000011000101001010
0001011010001100110100111010001010010100
0001011000010110111100101111111101000111
0111011000010101010001000000000110011100
0100101100100000010011110000011011111000
1110110011100111101011111010111000000101
0010111111110011010111011011101100110110
1011101001101010111110110100111000000011
0000111100011110100011001000111110111010
1010011110000100011000010001011111101000
1010001101100110000100100111111110011001
1001100110011011111100000000101011110000
0011101101101010010000101100111010010001
1111111110010111001111110101001100100100
1110101101100100100110000010110100110010
0011101010110110001011111110111001001001
1111111011100101010101100001010100000101
1010101011111101001001001100110101000010
0000011110000000111101100100010011001110
0000001010100111000011011110001100110110
0100111000101010001100011001101010011010
1100001000111000010101110111101011110101
0001001010111100110100101101110000011011
1011011101111001010010001101111011110001
0011000000110010010111000110010100101010
1001110001001100100111111110000000100101
1010111101010110011000001101100001000001
0100001101111100011101101110010110011101
1010101111111110100100000010101101011110
1001001001100011100101000111111010100000
1011011100110010100100011111001011100101
0111111100011001110000011111111001011011
0111100000110001110111101111100110110100
0101110000101110100111110011011110100011
0010001000010110001001010100111000110110
0001110010000011010000000001010101001010
0100001001111111000010100100000000001100
0010010101111010100011000101000011001011
1111110100011010111110100001111111011010
0101110110000000000001100110100100000110
0111111011011101001011111110111110010110
0000100110111111000010111000101100011100
1101001101000111111100100100110101111110
0110111100111010011100011101110011101110
0001110000010001100111111101000001000110
1001011010110111001110010100111111100111
0001101011100100011011100110000010110110
1010001011010010010101001001000011110001
0010011100000101111111111010001000100100
0011011111111001111000111111010111000110
0001011011110111111111010101001010101110
0011111100010011001111000010101010010000
1110110101110001100101010011001100011101
1010111010000101000000110011010100100100
1100100010010000010011010010111110101101
0010101111010101011010100110011011001010
1000001011110110010010001000010100010111
1001000111100110011111111000011011001101
0101110010101110010001110001010010001110
1101110000001101010011000100101110110001
1111111011100001000011011101010110111110
0010000011111011101010101100001011011110
0010111100100101110011100000011000000000
0101101101011001011010010001101000001101
1011011011101110100001100110001000111001
1001011111011111110000110110001001011000
0000111111111100010101101010001001100101
0101000100001110011111011110100010110101
0011101100100100001101100100101100001011
1001111111101011001101100111111101110101
1101001111011010110000111000000111000010
0100111011000000001011011001111101110111
1011110111110011101100001000101111010110
1111010110101100000010110101010000010001
0110000010111111110001110100010111001001
1110011001001110001111000110001000010101
1111110100101110001001001001010110111101
1010110001000011110011111010001010111001
1000000010011100111110001110111100110001
1010101110000000001001111110100110111100
1010111000001110110101010110010010101001
0000011110011001000010010000011110000010
0111110101100001100010110011010010010001
1010000111100111100001111010000011011111
0000001110100010100110110101111010100100
0001011010010001111000011000011110100001
0110101111001000101001001001110111110011
1111000000010000101011100110010001000011
0011100011001001000101111100100101101100
0100001010110100110101101001110000000100
1100111100111110110001101101010011011111
0010010100110011010011001101000110011110
0110010001110001011001101000100000111000
1101010100111100001100110110001000110101
0110000111110001000110100001001100010100
1000011101101111011000100111000000111010
1011110010111010110110010001011001011101
0101011100101111011111001100111110010111
1111101101011001101011110111011001110010
0110010010000010110110110010000001100011
1001111000101010111111011000010100000011
0110100010111010011010101011100001001010
1111001000100001001010001000001011111110
1111000110101100101100011111010011100101
0101010101111110110011001000001111001001
1111100111001100111001001000101000011011
0111011101000001100011001000100100000110
1110100001001101000111111001110000000001
1101011101111111100110011101001110010111
1100010101111111011000110111101011100100
0110000110110000000111000100111000001011
0000011100101111001011000100111111011101
1000001100000110101010010000010010101101
0000010001100110001100010010001101011101
0010000110011100110100000011010010000000
0000000100010001101111101010110110100110
1110011111011011001110101011110101011000
1000111000101100100011010010010100000110
0001010000001001001101100111111000010100
1011100100110011101001101000100000110001
0010000011011010101001010010110000010111
0110000010000010000011111001001011101011
1010000100100101110110101100110011100111
0111000011011001101000111101110101101000
1011011011010111001100100000111110110100
1010110101110101111110010011100101100000
0001010111000111101001001101100000101001
1000110000000000011100100111010001000110
1010101110001000010010100001101000010011
0101111100110000100101101100000001100001
0000011101000110100011110110110011001000
0011100100011011010000111111101011110011
1111111110011101000010100010110000011000
1110000000000111110110000111001101110100
0110010110100100011011001000110000101010
1111001000110011011000011001011011010110
1111111101100010110000101111111010000101
0100001101110111111100001110100000101101
0011001011011010001011111101110010111011
0011010011110000000110011011001000101011
0000101000100111100111000110101101110010
0011010100100011001101111001010001001011
0100011010110110010001101000111001010110
1100010001101111110000000111110111110000
1001000110011011101100111010110101100010
1000001111010011100000110101110011000010
0010100001101000001000100111011010110110
0101010100011011000011000100001010011101
0100110100010110100001110001011111111111
0111000011100000101011000100110001011111
0111001011101100011110111101000101111110
0101110111110010111111011110011111101010
0000011110011110011111011100110011000011
0010011011010010101111011001001111000111
1101101011000010100101010101001100111011
0100011011010100011011010111100001101110
0010101001111011111000110000111001001001
0111011111111010011001001101110000010101
1010110110000111000010101011110011001110
1100111100111111000111000000010010001010
1011001000011100110010011101110100110011
1101001110101010100100000110000111000000
0100011000011010001000011110101110110001
1110010010101101001011110000011100011000
1100111011001011110111001001110101011101
0010100110100101100111000100010111110111
0001111110101111010111010011110101011111
0100001101000011010000010111010100001000
1011011101111001100011111001010011100101
0100101111010000001110010010100101101010
0010011001100011000011001111010000001010
1010101101100010011110100010010101110110
0100111000101111001001111101011111000110
1101010000001000101000010101100111010011
1111100111000111101111101000010111011110
1011100011000011000011001100111000000101
1011110101010000011101000000110110111010
1000100111101011110010001000010001011001
0111101011010010110010111011011100000011
1100000111011000111010101101111110100010
0010101010101100001000001001011111110011
1010010000101100011101111001101000101111
1110111010000010010011001001101100010011
1100111100101000011111110000110100111111
0000010101111101000111110010000010110110
0111010010001111111001110100110011010100
0101101010001100100100101000001111101101
0010101000010111001111100101110111010001
1001001100110101000000110111111001010101
0010110100011010100110111000011101011011
0110000000010110100001111001100101011001
0110011110100101111110001100100110111010
0010011000101000010101111000111111101101
0010101101100110001100100000111100011001
1001001010101001111100110010000100111001
1110110001000100110001010001001101000011
1110111001010110100011100010011001010111
0101110100010110100011111100000100101000
1011001010001110100111100110010011111111
0101110101010011100011011111011111111011
1101001100000100001111000110101000110000
1001001011010001100100010000000100101110
1011001101100101101110001011000101000001
0010100001100010101101110101011000100001
1000101101101111010010100110100101111101
0100001000101101011000110100110100011001
0100000110100000011000001000001011101101
0010101011100100000110101010000101010101
1000011111010000101000100101100011110011
1110010010101111110011111000000010111001
1110011110001100010100110101101001001111
1001001101110010000001011101011101011010
0010101101001101011010110001010011100111
1010101111011001011101011000001110111000
1001010011011001101101100010111010110010
0100111110110000000101011011001011110010
1010001101111100111111001100010110011001
1111101011111011101101110010011001000101
0110010011100000111110001101110001001111
1101101110011110101100110000011111001001
0000111010010001010001001010100011100011
1111010001010100101000000111011110010111
1101011001111101100110100011011100101010
0110011011110001101110000001001010010111
1001010010000011100111011001100111101110
1111000110111001010101001100100000001101
0110011011000011101000001100010001101101
1110010001001100000010100101010111000100
1110111110000010011001010010000100100011
0101100101100100010101010000100110101111
0101101001101110111010011101000000010110
1011100100001001101010000000010001100100
1010111011110110011100011001001100011110
1000100010011100110110010010110011000111
0100010110110101110001111100101111100011
0111100110001111100111011011011011000001
1010000101111000101001000001000011100100
1110100111001010101001101010111001100010
0000101101110110011111110111110101111100
0110000000001110001001010010110011000101
1100101001011110010101110111000000000101
0010000000000100100101111110101001010000
0111110101010000110100011111101111000110
1001011000100100011000010100110110010000
1110111101100101010000101110001100001111
1110101011101100001001110110011011010001
0110010110011101001010110101010001101111
1100011000000101111011101000000111010100
1101011000001011001111010011101111010000
0011101110011000101010101101001111100010
1101000011111110101001111111100111010011
0011011011111001010001011011111000110001
1101010100011011110001100001011011100110
1010101001000100111011000100000001100010
1010100011110111110100001000111111001111
1000101011001001101111111010100010001010
0101010001001000111100111101011101011101
0101110001011110111101011110100100010100
0111010011111100100001100001110000000110
0000111101010110010001010001001000100001
0010011011101110100000010101111010000001
0101110000110100011101110001100000100000
0001011110010011110010111010101011101010
1111010101100100100011001000001010101101
0001011110111101001010000100011001111101
0000101110101011111000000011011011000110
1111010110101110000110010101111001011001
1000101000100101100100101111100101100101
1100101001001000111010000011001000111111
0101110001100101111011101111100010011010
1101000001101001111100101000011010111000
1110111010011011001101000001110011100100
1001110010111111110000100010001100001010
0001000010111100111111000110110101001010
0010100010101011000010001000001100101001
1111000101010111111100110001010010010000
1101011001001010101010010110100111001110
0001011000011000000010011010001011110010
0110010111111001110000011111000000100011
0010000000110010001110100101011000110010
1011100001001100111100101010001011111011
0111010100111110010000101011111011011011
1100111011010101011101011110101001011100
1101001111100011101000101101110100010111
0011101010101101011011011011000011101101
0110000000100100100111110111000001111101
1100001111010100011011011101101101010010
0111000010110001001111001010000111110011
1010011010000000010000011110110101100010
1010111100110011011110010011100110110010
0001110110101110010110111101111001000001
1101111111101001101100110100110100111011
0010011001010100011111010111101110000101
0100101100101010100000010111000110100010
0111010000111010000011100010101000111010
0101000100010110111101010011111101000000
0111101110011111000110111010101010011110
0010001000100001000010010100010000011111
1000110101000100100000000011111010101011
1101100000001011100001011011110001001110
1001100000110001100001001100010111100011
0001001000101000100011111101100110010101
1011011000100100100110010001000100000001
0111100010110011011011010111110001100100
1100111010000101001000000100110101011011
0000110001011011001000101010011111100001
1100111011111100111010111111101000011100
1101000100101111011011000011010100001101
0011001011101010110110000111001011000011
1000011110011010001010101010100001011101
0100011001000100111010110101010010010000
1011000000101001100001100110011110110011
1111101100100001011101000000110101100100
0010001101110001000110111001000100001100
0111001100100111100011000010101101000110
0110111000101011010010110111100011011111
1001100111000110101101000001100000110111
0110001010100010000101110010000110001110
1010110100100010111100001011010010110011
1010100111001011100001011011101010101001
0101011111001110101101010010011011001110
0000011010000101110110001000000101011111
1100000101010011101101100100110010111101
0111000001011000110100101000111111101100
0001011000101011110011110110000100000100
1001110101110101110100001001011011001010
1010110011100000100011111000001100101101
0001110000010100111110001010101000011110
0111010010110111110000110011100000101011
1001111010111101000110110000111010010101
0010100100000111000001100000010011010110
1101101011111100000001101011010110100000
0111010001011010011110101100011011001101
0001001000101100110000010010010011000010
0010101000100110101111011100101010101001
1000001111100111000101100110111100000100
0000110010011101101011100010011000000111
1110011101111100100011111110100011000011
1110100111010000100000100100111101111100
1010011010111000101110101000100111110101
1110010110101000000101000101010000100111
0001001011001000100010010010011110101000
1111001100000100110000000011011000001011
0100011111110110100000001010100100001111
1001001110110100101100001111000100001000
1011000001110110001000101001011001110001
1100010011111010101001110001000100101110
1100100101010101000111101110101011100110
1010101111000101011110110111010111100010
0101011000101100110000100011011100010111
1011101011001011110100110110101000010111
1011111111010101010110000111010101101111
0111100110100101011011000111011100101110
0011000100010101010110111111100000011111
0100100011100011100100011000010011100010
0000001010111100001011001110101001010100
0000111101111100110001001101110111110111
0100101001010001110111001000011100101001
1111000110011111110110011110111011011011
0010111000010101100100100101100111100110
1011110010110110100011100101000101101111
1010101000010001001100001001000101000011
1010100110101010000110110001010100001001
0001001111000100100110000000101101101101
1010000110001000101101100001001110111111
0101000000100000010111010001011001010010
0101001010100101001010011101111011101011
0111011111010101111111101100111110110011
1010011101010011111011011001100101100110
1110101000101011100011011101010101001001
0100111101110010001000011110010111000000
1000001111101001001101000011100010110010
0101110001100001111011111111011001011010
1000111010011110100100011111000110010110
1000011000111010111110000000100111111111
1110011100010001110100001101000011111000
0011011000110000110100010110110010000111
1001110000100000110111100000010011011001
0111101110100010000000111101110001000000
1101100100111011000111100101110010000111
0101010011111011101000110100110101100101
1011111000100100000011111001001110110100
1101000101110101100011011000100100000001
1110111011001100001000001101100101011011
0111010100000101110100111101111111110010
1111101100001101010011010000010000001101
1000000011000101000101111101100111100101
0000000011100001111110010110000011110011
0101100110111110010101001111101010000011
1001101011000111110001110100110101111010
1100010101111101011001111001011011001001
0010100000111000110101000100001000010101
0100111101101100111100000111101010011111
1100111101100100001011000011100010111111
0100111011001000011110001101000010100110
1001001101111001110001100001101010110100
1001010111011011000100100100010000011100
1101110000001011101101110000000000101001
1111000001111001001010100110011001010000
0110100110100010101011001111000100000000
1000000111111110100011111100000111111110
0111011000100000101000001000110100000011
0100010111011100101101001110110111010001
1100101010001111000001111000100011101100
0100010111011111011101111100010001110110
0100110001100111001001010110001110011011
0011100010001001000010100010101010100100
1010111110101011000110100001001000100010
1010001001110100101010000100111101111111
1011110011000100110011010000011101101011
1101000000000010100000010011011101111001
0010000100111000001001011000000100001110
0100001011110011000110110111000010000011
1110101011101100010001010110011000011010
0010111100111111011100010110000000010011
1000010100111100111100010011111000010010
1100110110100010100111110100000010000011
0110001101000110110110000010001111110100
1101011110000010011000001101110001010011
0101100010101001101010100001001011011011
0110011111110110011000101011101010110101
1010000111110001011100101100010101101101
1111110111001001111100111110000001110100
0111000101101101101110111000110100100101
1011010000110101110011101011011100001110
0001110011110110110000101001111011110001
0000101001111000000011101010101100110011
1010101001110100101010010000000101110001
1000100010001100010010001100010101011100
1100101011010100010110101000010110100010
0001100110110001110001000100100110010011
0000010001001010100001100110001100111011
1101101110101100111011110101110100011010
1000010000111000001101101010011001010110
1000011001011111011111001111101010000011
0010011101100100010000110111101011000010
1000110000101010011101011000101101100110
0111010100001001110110111010011000010110
0100100111001001111000000001110101101100
1101011110100010111000000101110011110101
0110010110011000011101000001001111101111
1000100011111010010101010111011100010110
0010100101011001101010110011110000011101
0110101111001011011000000101101010001100
0000011011111011010111010111000100101001
1110110100100001111010001011010001000100
0011010110101000000000100100110011010100
0000000011111000010011110001001100000011
0001001011101010100000111100100010011000
1010011010001000111010111000111111010010
0100000110101001111001011000100000110110
0010111110010000001110100111110110101111
0100001000011000111101101111000111110111
0100111101011101101101011111010001101110
0001011111000110110100000000110001011010
1111101111001110010011000110001101110100
1000100100100111001001101010000101011001
1010100110111001000101101001011011110100
0111111000101100101111000011110111111100
0011101101000100010000011110101101010001
0100100110000110100110011101110000000100
0110100100001010100111011111101110011001
0111010010010100100000100011100100011101
1100100111111111100011111101010101011100
0010100011011101110010011000011011111101
1101110010110001001111011010101110011011
1001000001101111110101100010100111101110
1010110110110101010101001000111100010011
0101001001111100100011100110110011101000
0111100011100010100110010100010000011110
0011001000110101110010111110000001011001
0001001011110110001000100011111010001000
1100000100010001111100110010010011111111
1100101001100110110111110110100101101011
0010110110011101110001101010100101101100
0011010111001110100011110111010100101101
1011011110111000010000000010100000110001
1001101000111111011000001001110101001111
0001100101001101101001000111010101110011
0000100001100111110000010000011111011101
1000111101001000010101110100101010110001
0101111001100110010101010101111110100000
0001100100100110011010000010010011000011
0001110100100001101010000011011000000001
0110101010110111001101011000010110111010
1111111100001100011101110001100100001001
0001101110111001000100011110000100001000
1001111110011100010010011111000110010110
1000001101110001101100100101100010110001
1111110001110001010010010010110111011101
1000010111010000000011101010111111110101
0111000111000001111010101101101011100110
1011010110000111101111011101100100101010
0000100011110001110001000110101101001101
1110011100000001001110011111011101111000
1001000010010110000011011010001000001000
0011101000110001010111111011010000000100
0100001010011111001111111110100011001101
1111000110101011100110101001111001000011
1100110011011101010110111010011101011111
0101001000100101100110011110101010100000
0000100010010111011111010001100000010010
1001100101101111110111001100010000001001
0111010111011110101111001000111001000010
0000100010101111000110010000100011111111
1000111101110100110100100110010111100111
0010101110101001011000101001011101011011
1010011010100101101100000101001011101111
1111111100011001001010101010011000101010
1010011101000011010001010111110101110010
1010000001010001001000000101001010100011
0110010011100000010110100101000100110101
1011011100101100101110010110111110101111
0001001111100000001000101011100011010101
1011000111000101100101101010100110001100
0111011111001101010000001001000100111110
0111010001000100011111001100000011111100
0011010000001011011010111111001010101001
1011010111100101000000111010100000111111
1111110001010100100100001111101100001011
0010000011110011011110100110111000111000
0111010110010111001000100111011010111111
1111100111010111010111100101000111111010
1000101000110110101111000010011101010100
0101101110110101011100101011110111111001
0111111000101101110110100010111000001001
1111001111011110011111000011010110001000
0110101001011110010010110000101001110001
1011000110101001001110100101001001000011
0101101110110001110101000001100110110101
1010000011011011110111000000101110000101
0011111000011100110011001111110100101101
0101101111010111110000010110110110010001
0001001111010110010001110000101010111101
0111100111100001011001100101001101111001
0011110010010001000000101101001001001010
0100010000010101001000110001001011001101
1000110111101000000010001100101111100111
1010101101010000010000011100101001111001
0010100111111111000011101011001010100001
0100110110100111110011100001100101110100
0111010101010111111001110101010010111111
0001101001010011101111101111011101010100
1000111111000011010100000100011010110011
1110110010110111110111100100000001000110
1110001001111000110001100010100000110000
0000000000010001101111111100110111011100
1101100011111000100010111110010111001111
1111101111000110110111001011110100100000
1101101011111101011011010111010110110010
0001111001011110101110101111110111111100
1011001011010110000100111111101001010001
1010110110010110101110110110110110101100
0010111110001011010100001110011110101110
1011010110000001010100010100101100000111
0101000101111110000111111001111111001011
1000010010101100001000011101000010001000
1110000010111100011000101011111000111101
0110001110001110000100100110111111001010
0101110100001000001110111101011010011111
1101101110101000011101101110000011110100
1010111101110000100111101100011010000101
0010111010011001110000100111101000101011
1010100101101101001110111001110101111111
0101010010101000001011010001011000101110
0101100010001111001101101010100100101110
1100111000000001000111110101010111000101
1010001010110011000010110100001011100111
1110101011000110111000001100100001000001
0011111110010110110111110010111010111101
0101100101100111101111011101010100100000
1111101000001101010011011001010011111000
1010111001101000010011110100010011100010
1101010100000100010111110000000111001111
1000101010100111111000010010110111000100
0000110000111010101100100001001101000010
1100100101111111000101000111100111000100
0100011010101110010100001100101111101010
1010111010000110101101010011010110010101
0000001111010010011100010010011100011010
0101010001000000011000010000011010101000
1000011001111010110100110000011100011010
0010011100100001010000101010111100110110
0011101000000100011011100110001111101011
1001000010111101000000111111101101101110
1011001011000001011011111000001111100101
0000000111011011000010100111011011010001
1111100111011010101011111101000011101100
1111000010001011101100000011100011101011
1011110111011011110011111011001111001111
0001111111111011000101110011001000001000
0010001010011100010000110111001000000100
1111101100010010100100100101000000100110
1111010110111101110110011011110111010111
0110110100111101010101111010001100010111
0000001010000110101000100100100100000011
1100010001100011101011011011110110010000
0101001001100010000010001100001001011100
1001100000110001010000011101000100001000
1100111101001100010111000011110011101101
0001111011000010011000110111100011000011
1000000110011011001100111110011010010010
1000100111110001111110110010011001111010
1110101110110010010101111010100101010110
0101010100100111001101010010101010111001
0111101111011111111001010011101111001001
0100100010000100010001111100010010011011
1110110001000110110001110000011011010001
1000111000000100001100111111011100110010
0000110010000001001100011111000101101011
1001001101010001110000011110000010000001
1111111010110000100101001011100000111000
0111001001100010101001001001100110011001
1110110100111101101110010100111010000111
0111101100100001111010001110010111001010
0101110101110011111010000010100110101101
0010000011110111101111011011010101101111
0101111010101101110010000001111001101100
1010000101101011101101010110111011101110
1000110011100011000010100111100000000101
0110110100010010100011000010101001010010
1100100100101011110111000101110011001110
0111000100100010010001111110101111011011
0001110100001100111000011101100011000000
1101011001010100111010111010101001110000
0101110011110010110100110111101111010000
1010111100001111110100011111011111110101
0101111011100011111110001110110011000101
0010100000110100010011011000011110000010
0000000100101110101100001110110011101000
0000101000001110101101000011100011111111
1111111000100000001101000101110000010000
0000011101011101010000000100110001101001
0011101000110101101010011100110101001011
0110010000011100101001100011100101111101
1100000000110100111111110000111001100010
0111110001001010010111010100100011001101
0011010101100001011011010111101101100100
1110010000101011110000000111011001010010
0100000001100111011101010111000010111001
1010110010011100101011101111111000010110
1110100010101000111101000110001000100101
0111110110010001010010011101100001101110
1100001000111011010011001011010110100110
0010110011110010000110111000101000001100
0111001100011100110101101111111100011100
1010110001001010011101100000110001100100
1000100111000000000101101011000010001000
0001110001011001000000011000011000101110
1111001011011101011010010011101011111111
0011100000000010000101111111011101011110
0000100000010101010110100110000100001100
0101000111100110111101010101000111111100
0100111010111011110100110011011110010111
0000110110101111011011000111001111100001
0011010010000011111111100010110000101110
1000110001100011010000010000001110001110
1100010110110011000110110011010010110101
1011000001010100101001110111111001001100
0110110111101011100111110011011110010100
1001000100110111110001011000110000000010
1100110111111111010001101111000011011010
1101011011101100111010000101111011101010
0010111000101101000111011011111110000001
1011101100000110010000111001010001010100
1010011010001100010110101100110101101010
1111111011100111110101011100100000000100
0100101101010110001110100111110011000110
0111011000001100100001110111001110111001
0111100101111110111101100010100010000011
1111110001110101000011101101111111110110
0011100110110011011110100010011101110101
1011101110110000111001010011010011100011
1111111101010010101101000111001001001001
1011101001000011000101101101010001000000
1110010011000101100011010001000110000000
1111100100100000100011010110110001000010
0100000001010110111001110111110110011101
0110100000101110010100000111010000011111
0110111111110110001111111111111000001110
1111101111100011000111000000000011000011
0100100011101110000010001111111111011001
1100101111010100101110100001100110001111
1000011001010011000101000101010001011010
0101100001100100110001001010111000000011
0110110101111101000001110010110100111001
1101010110110101100001100000110011010001
1011000011000000111001010011101010001000
0010011001100100100011000011111001000101
1010010011101010001010010011000011111011
1001000110010110101011001111010000000010
0101101001011011010111110000100011101011
0000010110100000100100101100011111101100
0101100011110101000110010010000100111001
1110010111001111011001100000010100111010
0000000000101001010001000101010000010000
1000010010101100011011001001101101111000
1100110011111101110101011011011100100010
1100100111101000011011101110110001101110
1010111110010010111101111001000010011001
0010011100100000010101011100001011001110
1010001111101111010011111000000111001110
1101001011111001110011100110010000010001
1000001110000011101101010101001101110010
1011011011100111000101000000111111001110
0010111011001010000000001101110101101000
1000010110001000001111001010101111100001
1111011001001000000111011001001001110110
1111100010100011100011101010111110101001
1111110110110111010101111101101001011010
0101001111111100111000110100011100110010
0111100011100110000011000101010011001011
0010011011100000110000110100111110001110
1111010100011001111010110001101101000001
1011010011100111010111010001001000000010
1101011011110011010011011000000111101010
1110010110000010011010010000111111111010
1001101000010010110100010110011000100010
1110101100110000100011001110111000111011
1100100101111001000000010111101101110111
1111111010111000000011110000010111011100
1010010110000000110111010101101110011100
0011001110100100010011010111111011100011
1011001111100100011010001011101000110111
1011100111111001001001110000110110101111
1111011111100001001100001110111000110010
0011100000001001011010001011010011111100
1001000011111011010000001000011101101111
1001100110110101001011100100110010111111
0111111000101111100011000001111001100111
0011010101101100100001001100011101010110
1111011110110000001110111000100010101110
1000111000010110101011000110010010000100
0000000011010010010000111010010101101101
0110000101111010111000110010111001001011
1000110100100110010100011001001111100011
1110100001101011100000110100010000001110
0111101010110111101011001000000011100000
0111010011011010101111011011110000010101
0101111010010000100001100100000000011111
0110001111101011010110001011010110110011
1011110111110111011011110101101001001110
0110110011101100100000101001101000111001
1010011111000011010111010011000111110000
1011001011011011110001100001001101010110
0010110111110010100111001011111010000100
1111011110100111111100100000001111011010
0111011000001101010011100101001011110101
0111100100100010111101111001011111111011
1000100101101000010101100101100101111010
1011010101000010000010000010001111010110
1011100001010001011010110000001101111011
0010100010110001000001000101100111110110
0100000000000001011010010001101101000010
0010011111100001001010010100001010000101
1111000000100111111101110001011011001000
0001101101011110011000101000011110101000
1010111000100100011100011110000011001101
0010001000110101010011001010111111000110
1110000001010110010000100111100111001000
1000000111001001101101010010111110000010
1011101110000110000101110010111010001100
1110010101001101011001001010111100010111
0110111100111101110111011100011101110001
0010001110111001100110111000000010001001
1111111000100001100100000010101011111101
1101011101101001101101100111011100100010
1011101011011010011001100001001101101100
0100000010110100111000011101011111110111
0010010001101011110100000101100011110000
0100111010010001001011111001001100101001
0001110111011001111100111100001010000100
0100010010001111001010011111111000110111
0010111111101010010110000000101110100011
0010000000000000011001111001100000111110
0001000001010011100011000001010000010111
0100101100010100101110110000000101110010
0011101000110101110111011100111001101000
1000000011100011010010111111000010111011
0000001100111101001010010110001000010011
1011001110100010110010010001010000111110
1101110000001011100111110101111100001010
0001001001010001100000000111010101110101
0101110101110101111000011010011011100011
1100111101011101011110100100011111001111
0011011101111111110000101010001000010100
0100100111111011001100110110100000100001
0101111110101111000110101001110000010101
0001001000110110100100110011000111011101
0100101110001000000001100101010111111111
1101000000000010110001010001001110110011
0110101110100010000101010100010001101001
0100110101011001001111100101000100011001
0110110010011000001100010010010111010110
0111100011001110001000101101001000110110
0110110000011000111000001100010101111011
1001100000001000010001010000010001110001
0010101101110000001100101111101101101011
0110011111001101000110010111100101111000
1101001011001001101110011000110011001000
0111010101010100010011001000000110100101
0110011111000000011001110000011101010000
1001001110100001101100101001000111110100
0011011001000110110001111100000101100011
1100111100001101001000101110110110000001
1100011101010100001100100010000000100010
0010000000111111010111101100101111000111
0000001011010111001110010101000001000111
1011010011100001101111111111110001001010
0011000100011101111111011100101111110010
0001000011010010100110010000000000001100
1011101011010010001100111100111110111010
0011100000110010010101011011010100101000
0010001001110101001110000101000010001001
1011101011000111010101101010001101010110
1111100010101100000110101100111101110011
0101101101000110111100111001110101100100
1001010111110011011100010000111101100011
0101011010010010110111001000000101001001
0010101011110010011101001110010100011101
1110010010011010000011110101011101010111
0001110110011111110000010101111101110011
0101010000010000010010110010111111001011
0011011001010001110100100000111000000011
1100110110110110110111101001100100111101
0011011000010000101001010111001101110011
1110111111101010010011000010001111010101
0100110110010111000110011110110011110010
1000011111100111100110101111011100101111
1100001100001001100010101000111000010101
1101101011010110001011000101101011001100
1110001111011000111010000011110000101000
0010010011011000111100000010111111011001
1000011111101010010110010110110110001111
1100110011101100001100010101001100010010
0011001000101011100001011111000100100011
1101111010110011100000001000010011101011
0011100100011111001101010100101010111011
1000001000000011010111010000111001111010
1111000111000001101001101110001001101111
1101010111111011100000110111010101100001
0000001101101100000000111110110111000110
1001000100101111100010101101110111010011
1001111001111001001011010100110111101000
1001100101101000100011111010111010010010
0010110010001101001100110100010001111110
0100111001001000111100010010110001011011
0001010110101001000010111110010100010000
1010010100000010100000110010010110100100
1111101110110000010110001000101011110010
1110001101111110000011001111101100001111
0000111010011101001111010101000010110101
1001000111000001111111000001001010011101
1000010011001000111010010010110001110010
1010010010011110110111101011000110010111
0110001001000100000010101111100101001111
1100100010011110100011011001110101111010
0001111001111010001010111000100010100101
0111101101101101110010010010010011010101
0110001110001100011001110111100101000000
0011110000001100101001010110000001111010
1100110100100000010111110000101001100100
1000000001110110010011010001001111010110
0011110111010011010010011100000001000110
0000101011110111100010001001111001101110
1101101010100111000011011001000010101010
1101011100000101100011101010110111101101
0000100010111111011100001010110100101101
0000000111001101101001101010010001010010
1100010000111011001101011011111110100000
1001101000010101101000101011000111000111
0111000010010001001010010101011100100010
1101001001000001110111101000100111110010
0110100001011101011011001000100100000101
1011001110110110100000000011101110011010
0010010010110101010110110100101101000001
1001101011001011111100101111111111001011
0110111011111000111000100111101010100001
0101010110011001101100111010011010100011
0010100011110100001111010010100111101111
0010001111011011010100101101001101001101
1011001111111011100100010000011110001100
0001101101001111000101100001010010101100
0001111100110110100000111000001111101001
0111000011001011110010100110010010010010
1100100100101010101001001111100100100110
0111111010000001000110000001110001010111
1010011000010010001110000110110001011111
0111100110101111011011001001010011100011
0010000001010000101000101011101000001100
1001110100100000111110000000000101110101
1010101100101011000010101100111011110011
1100001110001011111100100010000010100100
0110101101011010001110000110001001001101
1000111000101110111111101111110101010101
0100110001110011101111000111110001111100
1000000010101001101010011011101011010011
1110111110110011011000101100010001101011
0010010111100010011111001111111000110010
0101000010010111111001100111001010111011
0100010110000100010011101010101101001111
1110001010000101000010001001101110010011
1001110000010100110100011111001010111010
1000101110100111101011111100011111000100
1000110111101101100100011010110010110100
0101111111000111011100001110011111111011
0100101011100001010100101101011110000010
0011100010111111101011110000101111101010
1100000100101111110100011010001000010001
0101100001011100000101000110101100011010
0111010110001101100010111101111111010101
1011110011001010000110100010001011101000
0011111111101100001100011110101011010000
1100000110001101001010100001101001110101
0011110011100001110011100001000111011010
0001011100001111100010001110000100100110
1100111101101100001111000110001111111100
0011111000111111101001111101011101110110
0101001100000100110100010111010110011100
1010000100011101010010110101101101100001
1100010010001110010111010101001111111010
0100011111010101100110010110100100111101
1001001000010110100000100010110110111000
1111111101011010001001100101100010011001
0110010001101111001000010001001000011101
0100111011011011010100011001000101010000
0100101110100010111000001101010010110000
1000101001010000011101100110000110001011
1001011001011010100010100111011000010010
0001001110111001011010101011110010100100
0111110101000010101101110011101010111011
0011001010001101110011010101010011100100
0100010001101111000010010001101001011100
1010000100100110000111101110010111101010
0111000111101011110001110111010001101100
0110011111110001011110111001000111000110
0010110101111110111100110000001101010101
1111000101010001011010000011101111011100
0010111000011001010100001011000101010101
1011100110110100011000001010001010110000
0111001111011101010011101100010011010110
0111111010000111010011101010010001100010
1010000000101101001001101110101101111110
0001110011000011111110110110000011110111
0011001001011100001000001110000100001011
1111111101110011000111100101101100011010
1000111000101101000010001100001011100111
1101111100001001011101011001010011001111
1111010011111001010001110010001111001100
0001010101101111111010111000001011000011
0000001011001001001100111010101001111010
0001110010000111101010101101100000101111
1110111101110100101010011011101001011101
1110000011001000000101010111111110110111
1010000011011011000100110101011000011100
0111001101011110100011110101111101010110
1100000000011011011000000101001110000101
1001110010010010011110111101110111100010
1000111110111110100111000011110000011111
0000001101001101000110011001011111110000
0111001101101101100000011010010110101101
1100110110111111101001011111101001000100
0010000010110110011110100010100101111011
0010010101110000010101011000101100110111
1110100000110011101011001111101000101001
0111010001010000001011010000101100110110
0011111001010001111101000111001001010111
0011010010110001011101000010001010101101
1101110110011001011111101010001100010101
0110111110000011011110011001010100100001
0110101001110100101111110100111010010001
1010001000111101001010001010010011001000
1111010101100011110011111101110100000001
1111101001110011000010010110111011010000
0001010101001011000001001101110101101010
0101000100010011000101101000001000110010
0011000110010100010001011010010110000011
0011000101000001011001011100101011011010
1100000110001111010000011100010010000100
0111100000101101010000001100111100000010
0111010111101100001011111000111111000011
1100101011101010111111001100111110000010
1001010110000110110110100011111110001010
0100010111110001100110000100101111000010
0001001101011111111000000101011100101010
1101011110100100001010001110010010001001
0000010001100001110111110111000100110100
1101011000000000010100010110111101101011
1000110011000001110110010010101010101000
1000110011010111101110100110111101101111
1001010101000011000011010100010110011001
0111010100101000010001110011111100110011
0111010101100100001110010110001110111101
1100110100001110000111111011110011001111
1111111011111000011000000110100110000110
1101101011101011101011000101100001010000
0001110101100111101100001001110010010000
1111010101100111111110100010110010110011
1110100001010111110110010101100100111100
1100010100111110101011100011001010011111
0001001101010110100001101010110111110011
1001101100011111101011111010000111100111
1101100101010010110100001100011010010100
0001010111001000000000101101111110101111
1001111010011010011011100111101000101011
0111111111110111011011100101100100000001
1111000101110011001011100100001110101000
0001110011110110011010111101011110110101
1011101010000000010000010111111001000100
1001000110101110001100001100011010010100
1000000101001001100010001010110011011011
0101100011111011100101100110010101011110
0110000110111111010101010111101110001000
1011010101000110000001000100000011101100
0010010100011010010011100000010101100010
0011111011100100011101111101111111111011
1111010011100111111100110000000111100010
0110111000110001000100010111101001110110
1001110110001111100101100011010101100110
0111011101111000110010100101000011100001
1110001100001111111110111100000000000010
1101111100010011110011010101000100101100
1111000101110110111101000111011001100000
1101101100001101001011101110010011011110
1101101110000111011011110101010000011101
1001010100000000101011001101010100001010
0111010101110000010001110100010111100010
1011110101001111011011111011111110001001
0110110011011111000110110010000001110000
0101010001110101101111100101100100110001
1110011110010101110111000000110010011011
1111000101001001001101011001011001101100
1000101100010100010001100110100100010111
1010111010011101111001011111011001010001
1000101000100011010010100001011010110010
1010001011110111101111000000010111011110
0001000101011110001100001010111011110111
0100001000011010010011111111010100110010
0101111011110011000001110001100011001110
0100101111101001110100111011110000000100
1001001000010001100010001011001001100000
0001011110000111110111000100110000011101
0010101001101011011011001101000011101001
1010011100010110011110000111100011101000
0101111000001100100000110010010110110100
0011011001001101000011100101100010010100
1111001110011100000100010010001011000101
0100111000101110100001100010011010011101
1110001100110011111110000010111100100010
1111110000101101001100011111111111000011
0101010111101001101001101001111001101101
0111001100001111011101100000111110110010
1100101001011010001001010111101110010001
0111111010000000000101001111110000111001
0001111110001111001001001011100100111101
1000101110010100001111010001010000101001
0100101100000001011001010010100010011010
0110010001111110001001110000001111010110
0101110110011010101110011001111001111100
0110111100001001100101111000100010111110
