40 2047
1100011010111101111100010110100101011011
1001011010110100110001111111000010001001
0000101110100111111110110011101000101010
0010111100111001110110101101110000100111
0101101100111110000100111100111110010001
1001110101011011000010110010100110100111
1001100011111001110100101111000000001100
1001000001101000111010100111011111000101
1110001001100000111010001000110101000101
0011001100001010110011110000011111011100
1000111100000110011011100011011100000010
0011010100010100010001001011110100100001
1010101110101010010100010101000001011011
1000000111110110000101010101100011100110
1000111011101011110111110101010000000101
1000110011001011110011011001000010001011
0000100011100001011011011010001010111111
0101010101001010000100110110011101110001
0110111111101101011001110101111001011100
0011110101111101001101110100111000010011
0000100100101000011011000101111010010110
0100100011110101100110111010011011110110
1111110110111011111000001100111001101110
0110001110100111100011000110001100001010
1111111100101011010001101001000001000111
1101100101001000000101110110000000100101
1111101110111000010110001001101110011010
0000000010110001011101111100101000000011
1101001111110010110010101100100101011101
1110011010111100101111001001100001110110
0101111010011110110000011110111101011100
1000001001010011011001001010010110100010
1101001100011010101100011101101110111100
1110001110101101001000101011001111101101
0010010011001111110010101110000111001101
0011111110011101101011010101001111110001
0111101110000111100000000111011101110110
1111000100100011101101000000010010011000
1110101011110100010100001101110011110100
1010001111010111111001110010100000101110
0110000011110101001100000111111011010010
1111000010100001010011100100100010110011
1001100110000101110000001001011101000011
0000001010111111101010101001011101101011
1011001111011010110100111111101110001001
1011010101100000011011100001111101101011
0100111110010010110101000000000010011110
1111111000001001000001000001001110001010
0100100011000111101101111011010111110010
0000110100001110110010010101101111100111
1001100101100101110111010101111011011011
0111001111100011110000111111001100100010
1101001001001111100010111011110001101110
0000110000111100100010001011100110100011
0011110110101011101101011011011010111110
1010001101100000010100000010001011111101
1111110101100011100001001101111001110010
1111010110011111000011100001100011111011
0110001000101010010010011110100000110011
0110100010111010111110101001110101000001
1000010010110100110001000100011001110011
1011010010111110110000100101010000011001
1010000011010110011110101111010110111110
1111001011000000010111001010101111000011
0100100111101110100111100000010101100010
0100011111000000110011001001011111100000
1010110101110001001011010110000001110001
0011000001101000011101100111000110001010
0111000101111111101100010011010100100000
0100111000101000101001101101100001001111
0100100010100000110100101111100101010000
0100001000010000100000111101011111010011
0110000010000011101100001010100101011000
0100010111010100111011011111001111111110
0000011010010100010010101100100011011001
1101001001110010001100101111100010011001
1100111010101101101101000010101001010001
0011010010010110110010110101011100001110
0010010100100010100001011001001010010000
0001010010101011010000101010111101000100
0100111001111000110111111101110110001000
1000111000011100111110100001010011011011
0011100100010110010010100001010111100000
0010000001010100111010000001101011100011
0011110011110000000000100001101000101011
1100000010001011101100111101111000110011
1111010101101111111111100101111111011100
1001001101111001000000011100010001001100
0010010011111000000001011110100100010001
0110001101100011111011110110111101101111
1101100001010101000011010001101101001110
1010100011001000111101101010000110100101
0010111100100111010101110101110000001100
1100000101101111001101101011111101111011
0010100010010100111110110110110010011110
1100000110101101100111101000000001110111
0101000011110110010010100000000101100100
1000110001111111001101111001000011001010
0111111010010000001111001101110111011011
0001101100111101000110001110001010101101
1110100101010010110110010010111000101100
0101000100101011011110010000011100010100
1010111101010001001100111010111001111000
1110001101110010111100010001101110101010
1111101111011011110110011010111001101100
0111100110001110110011011000101111110111
0101110010000110100100110010001101010010
0100010111011001010011101001110101010010
0110011110110011110000111000011001010111
0011000101100101011100011110010111011101
0110010001100111100101110111110111010001
1010100011101011000010011111011001100110
0110111100110101110110011000010110010000
1100001110110010001110100111000011111010
1111001110001111111110010010111111001000
1100101100011101001001000001010000100111
0001110011010010101000100011000001011101
1001001101010111000001111111001010100010
0101101011101101110110010010010110000010
0001101001001101011010001110011110011000
1011111010100110011111111100110101111110
0101100010111010111011110011011100011001
1111111101100001010100110110011000110010
0100110001001111011111110001001100010101
1000111011010101101010101111001100110111
1000110101110101001000101010001001101010
1001010111010010010000011111100101101001
1101100110011100011101110111111010110001
1110100101010000001010100011000011111011
0011111010001100010100111010011000101010
0011000001001101101011110110000110100110
1010010100111111001010001011100100110010
1001100100011100000000001001111001101110
1110100011100110010101001001010000101111
0010000011011011100100010110111001110000
1010101010101111001000011010011101100001
0100001100000100010110100101010011110001
0100001010000011110010101001111101101101
1010010001010111011011101001011100110101
0000001110000011001110111010110100010010
0111100010101010110001101011111100011010
0110010000110001110110001000110011000000
0011011001011001000011111100101111001111
1011100000010101000110111001001110100011
1101000101111111100101101000001110100010
1111110100011110100001110000000110010011
1000001101101011010111010000100110011111
1010110001101010001011110001100010010000
1010010001100010111100110101111100100010
0000111101101000111110001101011111011111
0110001100111011010010010101100010011000
0010011110010000101000010010001111100011
1001110110101000101110111100000101110001
0010011111101111110001100010111010011101
0110010100110111101001100001001011101111
1010111011000100100010100011001100101001
1101001110110110011101001011010010010110
1000010000101111101000111110100100000101
1101110011101110101110011011000100101100
0011011000111101011011000010011111110110
1000011000010101100010101100101101000001
1001000010001110101011101100100111111011
1001010101000110011010100001001001010011
0100010110110101010101100110110101011010
1010101010000001110111010101111100101011
1011000101101001101101100010101101101100
0011100100001101100011111011111101000100
1010011000111100001111101111111000101000
1011010011100101100111000001101100011001
0011110001001111110111001101001101010111
0100110111111010111011000100100110001001
0110101010000010011101111111100011111010
1001011100010100011000100010011001001011
0011110011011110010101101100110000000011
0110010010110011001001100100111101110101
0011011000101110011111101101011010110000
0011000000101001101101011001010100100100
1100110000001011001110001001010111100100
1010100100001100010100101011001100011101
0000100100000110001110100010111100011101
1111101101011010000011010010100011110111
0011011111110111000000101010101111100100
0001100011101110110111111111001110001110
0110111111111000101110001110101010110101
1111011001101000011011111000010001010110
1010011100110111100000000010011001011100
0101000101110011110000100011010100011101
1011010100110010110111110000011101011010
0101010100000000100010101011001101000000
1101101101010101101010001110010110100010
0011101100011111000001100000011110110100
1101110111010111111011010010110000111011
0110101111011100100001001111111111110011
0100001111100011110101100100111111010101
0010111001000000111000011111111011101010
0110011111010000001110011000101100111100
1011111000001001111010001111001010101011
1100110100000010011011101101100001101101
1011101010101101111000110000000000010111
1100001111101001110011111100000011110001
1010010001011111101011110001111101101100
1100000000101000010010101000010100000001
1101111001010111011000010000010011011110
1101000000110001100101110100011001101001
0010010100011101101111111010001000111011
0010100101000011100011100110000100111100
1101100101010111000000100101101001010111
0000111011100001000001001011110111110001
0111010011010110100101011000110101000001
0010111111000010111110000101100100100100
1010000001011101011000111101101010000100
0000100101001100010011101110100000111101
1111111111100111000000001010011011010011
0110001000111010010001101100100010100011
0100110110010001011111101110111010100000
0100111111110110100100111100011011010010
0001010100010111101101001101001111011111
0111111000011001100000011101001000100100
0000000001000010011000100010001101111101
0010010110000111011100110000111101000101
1001001111000000010010001000001001101000
1000010011011010000110110000101100000001
1001111001000111000010101011000110111111
1000000011100111110111011100111110010011
0011010001100101000111011100100010010100
1010001110101001011011010100001011101111
0101001010111111110001011111000011110000
0111010011101011011101010011111001010011
0010111101100111001010010111101110001101
0110010100100101001111010101001110110101
0111011110011111110110011001110111010011
1011101111000111111000100011010100010101
0111101111001101010010001101110001001100
0101011101101100111000001000000001001100
0100000011011000011011101001101101011110
0101110010010110100000001000110001111101
1010100110001010110111011001011110100001
0001101111000101100111100110000111110111
0100010001101011100101011101100100011110
0100001100100011011010100110100110111110
0100101111010000010101100011111001010001
0000001111011110001100000000001100011001
1100010101100010110101101110111001000010
0000000100100000011100010011110110000110
1111011000101101001010011000010000010111
0001000111011000101101011101001010000010
0101111100000110111100011011101010010001
0011110101101100100010101110001001011110
1101000100110001100111100001111100100000
0011011010100011100111110110100110010011
1011011001110101101111100110001010010110
0000100001100000110000100111000110111110
1101110011000010101111001101111111100111
0001000011111011000001000011010111110011
0001101111010110100100100000100011011111
0000000111010001001100000001001100011111
0100100011001000000001110001011000101101
0110011010011101000001101100011000101011
0111011010000010000000110010001011001111
1111000011101100110010011001110001111001
0000001000001110001110000011001100100101
0101010111111000101001110000110000001000
0100000010001011111110111111011010000111
0101010101011100100101101100100111101010
1110010000000100110101101100100110100100
0011010000001110111010000110110111010001
0100100001100101001110110100101001111000
1001110000111110000001001001000001101111
1010000000001100000111111011011101011001
1011001011100010101110111111000000111111
0010001001100001110110111001011100000110
0001001111101101001100011000111101010000
0101000111101110001001011111001010100010
0011010101110100000110111000100110100100
0011100110100010111100111110100101011000
1111000100001100001001110110100010101111
1010101000110011010001111100110000011110
0110100110101100001000010110010011100100
1101110011100100011011000110011000111011
0101011001101011111010111011010100111011
0110010111100001001100011100010111100011
1001111111100000100001010000111010111011
0010000100001101100011110000011000000101
1001001100110111111000011101110100100011
1000010101111010000011111110101011101000
1101011101111010100011101011001101000101
0100011000011001011101010001101010010001
1100111111011110111101011011010001011110
1011111001000000101001100001000111100110
0101101001101110100100110101111101110001
1010001000001010110101010110010101011001
1010011100011001101000000101100000101100
0111100100010001001010101010111100000011
1011110111111100001111111000010101110010
0011000001100101001000011111001000100011
1110111011101110100011110100011011100000
1011101011010100110011111100110100001111
0010111011111101110101110010010001000100
0010100111100100101100101101111000101111
1111011011011001011000110100010011011101
0110001010101111011111100100101101000101
0101010000111000100101011001011011110110
1000111111010111100001110110100101100001
0011110100000101000111111110010010111011
1010000001010011001110000001011110111010
1011010101001110011110011110010011100011
0110100011010011000010011011000101111000
0010110011110110001111010011100010100110
0010010111010010011111001100111111100011
1010011001001000001101110101111010111111
0100010010010011011111100010011011011110
0101000001111110010001001011001111100110
1101110010000000010110101101001111010010
1001101011110110110001001110101011110010
1010000101101011001010110011111000111101
1001011110000100101011011101110101010001
1100011100011010111011100101011010101001
0100100000000110100001010011011001010111
1000100011101110001000110010110100101111
0001111101100001011110101010111011110000
0100100111011000111111011010011010001110
0001001010011001011011101100011110011111
1110011100000001111111110011101100010101
1110001100001110001101010010011101011110
0000010011000100111101111110101101011110
0011110010111101101011010001100010110111
0111011110010110001010001110100100100001
0010000000010000110000000010011011001000
0001001101110110000100100000100010001101
1011111010000101001100000111110100011111
1000111110111000111111110010110000010111
1011111010111001001001110010110100101011
1101001110111000101100001001100011001010
0101100110100110011100100000100100010111
0010010010111101011011000100101100000000
1011100110101100110101011111000001000111
1001001010110001101011011011000110110110
0101011001010001000010000100101110101100
0100000110010011010000100001101101000000
1100001001111001011000011011100011001011
0010011001011111101101100010000001101100
0101011111101101100010111000001001010010
1011101111111110101101110111110110101110
0111000010110111101110110111000111001010
0011010001111111001101111100011111111011
0011011101011100101101010111111100101111
1110010111001111110101011011000111100001
1010000010111111110000101101100100011100
0000111000111110101011011100011001011100
0100010100100110011000111100010100101001
0101110101001101000101000011010000010010
0101011010101001100011001100001101010100
0000000111010110110011010110111000001111
1010111000010110101110101010100010010000
0000111001110101100110101110001010110110
0111010011001010100010010101001101110111
1010010001101011101100110001110101001000
1011011010010001110110110111111000101011
0000100101010010010001100100001100110010
1010111111001010101111011100011110110010
1100011011101011110011000100010100100101
1011011000110011011011100000000010010110
1011000010001000000101001101101011100000
1101011111010101111110010010100011111011
0010011101001110000000100111001100111000
0001000001000110001110101111101100001111
0000110111110100100110000100111111001101
1100010110110100100110100000011010010110
1000101111101010110100100001011111100101
0000000111010011010110110101100010111111
1011001110000001000000110100111001011100
0111000010000100100110011110111111011011
1111100110101000001010001110101111100100
0011111001110100111111111101000000010100
0001111000111001110011110101000111011001
1111111101110110110001010100010000101001
1110100111100110010001111101001010100111
0010101110010011010101101100110111101111
1000001100000010101110101000101011111101
1000110000010110010111000000001111101100
1010111101110000001010001001001101100011
0000100100001110111011100110001011010000
1000001101101111111001100011000010110110
0000011100001100111111000101011111100001
1101010000111100010000100000111001111100
1101011111100110010000111100011100111111
0101110011101100111001001011110101000011
0011011101001011000010000111001001111110
0000100101101000100010101100001010101000
1001100011110011001101110110010001111101
1000011101001000101111000010000001010111
0011100011000011110010010101011010110011
1001111100100111100011110100011010101011
1000011100110011110100000110011100010010
0010100001100110000111111100111100000000
0000011000000111101011000110101101110010
0000001000010101001110100111110111101010
0000100001001000011100001010000111111001
1010101101110011001111111001010001100100
0110110011010101110010111011000011011110
0111001110010100001110111111011100000000
1011101100111001001011100110100010011110
1100000110111100111111111010001001110101
1101011101001010110001011011001111000000
1001100100110101101101000111001000011010
0111100100101000101101100001001101010000
0001011001000000111001100110100001001000
1111100100111011000101010110110100111011
1101011000001101111101100011101010100110
0110010100001101010011000001111101100000
0111111010101111100111010011111011011000
1101001001101110000010011110011101100100
1010111100101011001010111010111110001110
0100110110001001110011110101010101111111
1110100110110101001101101110011000100001
0101111000010000110010000000011001110010
1011110111111011110011010111001111110001
1000011111101011110111000000111110101111
1110000001000101010000101001011010101111
1111001101001100001001000001011110110100
1111101111011000000100011011111111000001
0001001011000001100100000111010110000001
1011000000011011110110000001111010101010
0100111111101101010101101101110001000011
0000001000100011010001111100011111010011
0010111001011011110110111010100100001000
1010010011011101101111111011011010000001
0111010111110010010001100000111010101110
0111011101011110001100000111011101111001
0001101100100001110101100000101101000010
0001111110111101111100001000010101101011
0110101111010110100101001000010010001101
1110000101111000010110111101111011000011
0101100110000001110100101111001110011111
1110000011100110101010111011011110110011
1110010100010101000110100000011010000110
1001000101111100100000110010011000110111
0000101011010010010011110100001001001011
0010100101100111100010111000010001000100
1110010100000101000101100110011010011011
1100110100001011100110101101010011001000
0011010101011010101111100011101101000010
0111110010111101111001001011110110000110
1010011100110011111101001010101010000110
1110110111001010000110001010100000010011
0111100100010001011100110111001011011001
1010111000011000101000000011010101000110
1111101010101111101110011101111000110001
0000110111110110011011110010110000100001
1010001000110100100110010000101111000101
0110100110111110011111010011001001010100
1101111101000101000001111101110010001100
1100110100010000100000101111111001011001
0001000111010100111101001100100011000101
0001111110101101011001100010000001111111
0011001001101111010010011000100101110101
1010111001100010000110011110100111101100
0010010010101010101000111010101111101110
1000000011111110101101100110011010110110
0000001101101000001011011001010101010111
0010000101101011010010001001110000111110
1100000010011001101001010100111101001110
1110010111110000010011001101100001100110
1000010000110000011111010001000001001010
1111101011100011111100010000101100101011
1011000000011101100010010100110111100000
0011111001101100100110110010101000101010
1010010000100010101111111011010101010000
0011000010111111000000110001011101101110
1101111111111110100110100001001001011000
1110010001111111010101111001111000100001
0100110100011001110100001010001010010101
0111111010011010001001101100001010010101
0000110111001010111001110101100001110011
0000011110001010111001010000011001101100
1011101011110100000001101001110010101111
1000110010010010101010010111010111000111
1100010110010111110111110100101110101011
1100101010010100010011000101000011110111
0100010100101011010010000001110111110100
0101110110110001011111010000001100011001
1100001011000111011101111001100100010101
1010101001101111111100001110011010101101
0011011110111100011111001110110011001011
1000000011101100000000011100010101010011
1101110110000110000111000111011110010101
1000010101110010011000011100110100101111
0011110000110010100010101100010010000011
1000011000110100010100011111001001000111
1101100110001101111010010011110011000101
0100000011011111011000000011100101001101
0111000000001001011111011001000111000101
0111010101100110100010010111001010011010
1101110100010101111001110011111000000111
1001110000100001110001111011101010000001
1100000000111000100010111001011101010011
0110000101110001011000100010001101001001
1011111010001111101100101100101010111100
0000010010000000010000001101111110111101
0110111100110111001101110010100011010000
0100111001110100101111110010011010001110
1011100011111100100000001001000011010010
1000101110100100001011011010010101011111
0010110000101010000010111010001001010000
0101010110110000000110100010101010000010
0100001111110100111110101110000010110010
1101010110101111111000001110011011010110
1101101101011101101111100011010100010111
1101010011101010100000111110100111000011
1011001101000101101010010110010010110010
0001101111010010001000100111001101111101
1111001111001101100010100010001011110101
0001011010001101100111000001000010011101
0100001100000000010010001100011000110101
1011000110000011010110111011010000111001
0011100001110001011010011111000110101000
0101110011110111111000000011110101000010
1111100010100100101101000001000010110100
1000101101100010000000011010111001100000
0111011101101001111101011010100101010111
0001011110000101000110010100001001100100
0111000101010011011001111101111001110101
1101110111010011100010100110001000000010
1111110100010110000100010100100111100001
1100001000111100011101001100110100110110
0001001010001001110011011111000010010000
1100101011001001101001010111011111010011
0000110101000000000000011001100110001011
1010101011011001110011111001111000011001
0000101011101001111111111011000110011001
1110000000011101111011110101111111100100
0011000000001110111000100010101110000010
0101010000100011011101101011000111000010
0111001110100110010010100000011111101100
0110010100010111011101100011111000010001
0011001111111111111101101110011101010101
0111000101110000001111110011000001001100
0111000011110011011000100000000000110101
0010000111000010100010010011110001110001
1001111110010101111101111011110010101100
0010011000101110101111011100100111100000
1010011011001111000111001111001100111010
0111000011010001101110110010100010001110
1001010111000101100101000100010111000110
0010111010100100111111101111100010101101
0001011011100001100100100000110101011110
0010101100100110100011100001110010000100
1001110111100011111000101100101100111001
1010100110001011111110100000100100111110
1110001010011000010010101100101000111001
1001010111101001111011000010011111001011
0000101001010001000010000001101111011101
1100110001100011111011001101100100000001
1111101100001101111110111101011011100001
0011001010101011100001101010010110011011
1011101110010010101000101110110101010110
1101110111110000101100010101010110000100
0010010100111010001100000101001011100110
1110101010001001101110100010010000011110
0100011111111110100011110110111110100111
0101100011001101101011100111101111100001
0111011100111110001110001110000101100010
0110100001111010100101111011110100001111
1011010110101001000100111100000101000101
1000101101110101011111000110011010001011
0010001000000010001011101100001011001100
0101000000110010111111011010101000011100
0110110110000101000101010100110110001110
1011111011101010100011001000010011011110
1101001101111010110110001010010101100001
0000011001101000010011111110110011111111
1111000000110010001011000101011100101111
1101011111010001000111010101000111010100
0000010110100001000001110111111010100010
0011111110001101111001110110010001101111
1110010001000110001111110110010100101011
1000100001000001010001001110010000110111
0000001101000101011111000111011101000100
0010110000000110010000001011100101111010
0111101101001001010000010010110000000100
0011101111001111011110010111000011111111
0101101000011111111110110010100101110100
1011001011010010001110011111110111101101
0001011101001111110000111100101011101000
1011001110100100010001111011000001100011
0110001001111111001011011000001001001001
0010001001110111011000101010010111101111
0000110011010011011001110100110100000111
1111100110111100011011001011010100010010
0001011011011000001010111010110010110100
1000111111101011110001000010011101101100
1001010101000100100110011001010001010110
0001010110101111010100001100010011111010
0111110011000010110011000100000101010101
0110001000010110100000110001111111110110
1000101001001111101110001000011100001111
1000111011010111100111101101011101110101
0100100111110111000010101010011010011011
0111010001110001100101011000000001110100
1010010000010101010111111110011010100011
1001101010101100111000001101010001010010
1000011100011100011001101100111000100010
0101001011100001100100110001110101011011
0010111011000110111010101011011100100000
0010001100000110101010001001011000100011
0110011111100110101101010100010010110101
0010010001100110100100011101001101111111
1101100000111000111110000010000100011000
0010100010011000110111101111101010100100
1001010000010111100111101111011000111011
0000100101000100011101001010101101000010
1000100111100101001111101010110011010101
1001011011010110001011010011001110001111
1101000011011011101111000010000000111010
0000110100011111110011000011111101101100
0010110101001100010010110100111111010101
1111100000111011011010110000010110011000
1100011011101001001111010110001000111110
1011001000011010011000010010011110000011
1110011010011011111001111011000111010000
0110110001111110001111000011010001010100
1010110110011011111111110101001110011101
1011110011100111100000100101010100111110
0010010100011000111100000000010100110001
1101100111110100001100111000000010001111
1000110010110110001100011110100001100010
0010101011111101110011111001100011100010
0110100001001100011010001100010001000110
1111010011111101111000000010000011100101
1110101110110010110100001010100001111001
0010101101110101110000101001011000000001
0110110010001011110101100111001010000000
0110001111100011111111000110011100001100
1001111011000011111000001111010010110010
1011000101001100000110011001110110010001
1101011111100010101110001010101011101000
1111111101010100101110101101001100100011
1011010100000111101011001110101111000001
1001001100011111001100100111000111101100
0111111100000101011100101100010100010111
1101011000100000110001001000010100110000
1001101010011011110011101011010110010101
1110010010001001011111001111101111001100
0001100011110011001011101110011001010001
1111110010000111000011001000000011011111
0110111100011110110110111001111101110001
1110110001010000100010001110001011100101
0001000100101100001010001110011001101001
1100110100001111011101100101010101110111
1000101111010000011111001111000001001001
0111110010110011001010110110011111110010
0110101001011001011100001011010111001111
1100101010011111101111110010110010000110
0001100010101101100100000010001110111101
1001000100111110010100100111101011011111
0010001011000000101010000001000100111010
1100000000110111101010000010001100010010
0011101100000101001101111110001100101111
1100011111001001010010101101101001100010
1010100000110011111011100110100101111010
0011100111110110000000000111101011101011
1101110000111110011101010110010100100110
0001011110010011111101001001000011110111
1011100100001011011001110100100011001011
0100101000110001010000000100101001000111
1111001001011100001101111000000100001100
0100011110011101001101111100011101011001
0011000100110110100001100110001010011100
1101101010000101011100110101010000100000
1000101111100100001110111100111100000001
0111001100010001110111001101101101100100
1110000010011010110000111001010011100100
0000010010111001101110110111100100011001
0101110110101100011001010100010111010101
1111111101100101110000000001001010110000
1000110111000000000001000100001100010101
1101111000001001000111110110011110011000
0001010010001000101100111110111100100101
1001110000111010001100001011101100010010
0110101011010110000011001111001010110010
1011111111111111111001100100000011010011
1100110010100010001011101000010011111010
1000000001011011111011110110000001000000
1000001011101101111001101101000000110011
0101111111100111001100100001011111101001
1011000011101100110000011000010111010011
0001110101101100110100100110000001011111
0111101101100011101000111101101011111010
1000110100100011001011011110011001001111
0111011011111111011100100110011000010111
1011100000011011100111101010111011101110
1001011000111100000010010011001110011101
1111001010100000000101101110000010010111
0000010000110100100001010100111001110100
0011010010100111001100100000000100000001
1101111111010110010100001000000010101001
1011100100010001100110001101111101010111
0011110101100110100101100010011111111111
0010111110111011110011001011110000101111
1001011000010001001101101110110100111010
1100001110100010110010101001110100011010
0010001111011100001000001000001110000011
0110100001110010101001111111000001001110
1000011111111010111001000110101011110000
0000110000000111101000010101000010001011
0000101000100101011100100000000011111011
0000111100011010101111101100010100111010
1010101111111000001000101000100101100010
1111111110011110111010010101011010011111
1010001001010111111111111011110001000110
1111110010001001011110110110001111101011
1001110011110100001110010110110001100010
1101010011001100001100011110001000111101
1000101001111100111101010101010110001010
0000000011011010101100100010110010011001
1011011100111101111011110101001100101000
1000101001011110000001110111111101101111
0001011001001000101100011110111010110110
1000010101011001001111101100101011110111
1000100011100010010110010111110110000111
1000011000010111100010110011100110001110
1110010111100100011111110010011100101011
0101000110001000110101110001001100000111
1011101011011000001110011110001010111011
1000100011010010010001100110101000001000
0110000110110100101011111010101010101110
1101011011100100010101001101010101111110
1000011010110100100000100000100110010000
1101101000000111101100110101100100010110
1000000100111101010111110111010101010101
1100010011100110011000111101000110000111
1011101010001000111011100101111011110011
1011101110010011010111111111001110001011
1101010010100110100110001000011100001001
1100100110110101110110111001011100110000
1110111110110001100010100011000001100110
0000111000111000001001010111101100110110
1000100111010110011100011101101101111101
1101011000010001011001010100100110001011
1111110000110100111101111110011111000101
1001111010000010001110001000101010011111
0011010111011000011100110101010100101000
0010001001011011001000001011111011000010
1011111011010111111110001011101111110001
1000000110000000101110010111001000111011
0011001001111111110011100110110001001010
0111011110110100110111011111001001100111
0011111001000011010110011010011111011101
0011110111000001111101001111010110110010
0000000011110011100011010111100000011110
1010111010000011111101111111010011100111
0110000111011101001000001101110111110011
1110100110100111000111111101011110111001
1010100101000010001001111001001000011110
1110011010100010010011010011011111101101
0100011111111100000001110111001111010010
1110100111010101010001101111111110010001
1000011110101010001100101101000110001010
0101110010001100010011000011101001001110
1001101000110001000010011101111010110111
1001110000010001110010100100110110110100
1110111010100000110110010001111111001110
0000110110000100110101011111110011101110
1100011010110011101110101101101100100101
0011111110101111010010101110110111110010
1010100010101101010011010011011001100111
1001100101110011101111101110001111000011
0100000001001101000010001011100011001010
0111111010011110101100000001110001001100
0011101100001011111111110010111110100100
1101010101100000100011101010000101111000
0111100010000000110000010101100100010010
0001101100100100010010000000011010100000
1101010011000001011110001101101000101111
0111010011000110111111001111100100111101
1110001011111011011101110111111111101101
0011111001100110000100100110100111100101
0001010010101101101110111111101010111100
0101110011100000100011011001000101011000
1110010100011000111001011100111111100000
0110111110111111111010110100110110111011
0111001111000001000001011110111110011100
1011100011000111101011000101101000011010
1011100101011110110010010101001100000100
0100010100101100100111110011001000001111
1111101100011100010101010000101110111000
0000000111011010001010111000010111010011
0000001101100111111101011000001011110001
0110011001101000011010010101110011100011
0001001110101010000101101110011011010100
1001000110001000001010111111011110111001
1111100010111111001010000110001001000010
0101010100101101001010001101111101100111
0010011001011011110110010001000111100011
1101001000110111110110101010000010101000
0011111011110011011010110000010100011011
1110000111011110100000101001011110111011
1010011100110100101000001001011011110001
1001010101110111100011000001010111000101
1110100010111000011000100101011110101011
1000100110000011110010010001100011110000
0000011100101010111001010011010001011100
0100010111101001011011110110101111110101
0100100100100010101111110110000110000101
0011001101001110000101010101100111000110
1001101001000110110000110010010111001000
0100011011011001111111010101010110100101
1001110101100100101110010000110000011110
1011101010110011111111011011110110100100
0001010101111101111011010001100000100110
0100001101011000011111100011101001101011
1100111010011010010110101110001100110001
1000111111000111101001011111100000100111
1001011000110111111011010110011100000010
1100010101001011010110000000000001001101
0010001011110101101001100110100000000101
0100000000101011011010011110001001100100
1001101010000100010001101000001110000000
0110110011011010011001111101010001001001
1011101000001101100110100001111110110110
0100010111000011101110001011111100101011
1101011000011010010011001011111000011001
0111001100000101100100000010000010111010
0011010011011111100000011100111001001011
0101000110011011001001001111000001100100
0001011111110001101011000111101100101010
1000110010111011010101110101100010110101
1001110000000001101111110110001101111110
0100111100111000010100011111000110000011
1010111000011101110000100000101110110000
1110010110011000111000101100110011111101
1100000001111000111101111001001110111101
1001101000110111100100110100010101111001
1110110000001010110100010000101101101001
0001110101110010110001010111010011001011
1111111100000001101100011110000001100101
0000111101110011100010100111011101001011
1001101011010011001111101111011010001011
0000110010001011111100000111000101100110
1000111110100110110001000111101101000101
1101010101111101101100111111100110001100
1001111101000001111101100101111101101001
1100010101011110010111010011100100000010
0011110100110101011100101000011111111111
1101010011001111110010110100111010001111
0110100011000000000100111111110100011001
0110010000111001111010001110001110101011
1100100001000111110101111111000010100001
1000101111011101001011101001100011100101
0001001001111000100000101001101000101001
1101010100011110010001010101111011100111
0101110110001011101010010100100011011101
1110101011100000100001011110011011000000
1011010101000111000010011101010100110011
0100110000110111101010010110011000110100
0000110000000110110110101010100001000100
1100000111111111011110011010011010101001
0011011110111011000000010100001001010001
0011011000100100000011010001111000110010
0100001001101100101001010100100000110100
0011101100101100001100010001011110001000
0011001100101110011110000011100111001010
1001100000001011010010101110110111110111
1010001110110011111011001101110111000010
1000000100110100001111011011010101001111
0101001001001011001101111111010000111001
1000111100101110100000100101011100010111
0010000110111000000111000000011010000000
0100010110001010100101011111000101001010
0000100111101001101101010101010011111001
1110001011101011011101000000001010011100
1110011111001101111111100010110110001101
1010100101000111110100110001011101100010
0000001111010100010010100100001111110110
0000100111100011010010010100011000111000
1010010110101110100111000001110111100101
1011010101111111111001001001100101111001
0001100011101001110000000010011101010111
1011001110110001111110000000010101001011
1100101100111001011111110100010000001011
1011000110101101100001110000101101101010
1001100011001000010000111001000011000101
1101001100010001000111110000101101110011
1010010101010101000000100110111111011011
0100101110110011100010111101111111001101
1001111001010011111101111000101000111010
1110010110001110101011100110100001011001
1001001001101001011011011000001110010011
1010100010001101001001110101010010101110
1101110010101100010111001000101100111111
1001110011011110100001111011001001100100
1110110111100111110111011111110011000010
1100101101110010010000001011000001001011
1000100100001100011010100011111000010000
0101111011001100100001110000100101000011
1110010101011110010010001010011100000100
0010000100001111101110110110100110010001
1010110011001011001011110010010001111100
1100001100000010011010100010011000000111
0101010011000001101011111001100011010001
0000001111101011110011111001100111001111
1001100010000110000010100110010000001101
0001010101110011000100110010101100000011
1001000010010111001110000100010111011111
0011101001111111010110011000001101001011
0000101101100100011101010100111001100101
0001010000011111010001001010011110000100
0100100010010011000101110111010100001000
0011010001010111010101001010110001000000
1110001101001011010111000000101011001010
1011111001000100011111110111011011000011
0100001010011111100111011100111011101110
1110011111111000110111111000011110100011
1110011100101001111101100110101110101011
0110111101110100011001011110001101011001
1000011111011011001010000111000110001000
0001001110000010100001010011100010001100
1011111110000001011010101001011111000110
0100101001111100010100001110000101010001
1101010100010010010100111110001110011111
1100110100101000011110111011011011011101
1110101000100101011100101000001000110011
1111000100000110001010010111110011011111
1101100101110110010001000011010000001100
1000011101011100100100101111100001011110
1000001011100000100111111001101100101001
0011111111000100111000001011111101110110
0110000101110010111101110110101101111111
1010010101000111011001110000011101001110
0110001101001010010010101100110110111101
0000111011010101100101111010010001111101
0110101111000110001101011110001111000100
0110110100100111101110011011011010000110
0000110011011101111001110001001111001111
0010011011000011001111000110000110001001
1000000100010000001100111011100101011100
1101010001110100100111001011000001001100
0010101110010011010110000001011010100001
1111011000010001001011011001001110110010
0001011100110111010111100111010011111100
1011001000010011001100011010100100000001
1010011001101101011000110101111001010001
0101001000001001100111010000111010101101
1001101000010111011010011000000000011011
1011110001000010001101011001010001110101
1110011010110111111101100010111001000100
1010010111101111111010000111001100010111
0101001001001111001111010111111000100100
0001100111101010000110000001101001010011
0111000010101000010111011111000000001001
1100100000000101101111010111110000010100
0001110101001001011111010100100110111100
0001101000001000011000100110011111101011
1101111110001110001010100010100111011110
1100010100010110010001111110111011011100
1001110100111110110101111100101001000000
0110101011100000110011001100011001001011
0001110101000000000001100100111100101101
1101000010101110101000001000101001111101
0101001001111001000010101111010011000101
1010101110000101010110010100010010101110
1011011100001001110101110010011100101001
0000000110100011111110100011111010001110
0001111100000000101110101110110110001001
0010000011111001010001111011011001001100
0111110000101011111111110001111110000010
1101011000101010111010111111000001011111
1010000010110101100101100100000000100101
0101101100000010000011100111001011110101
1110000000101011010010000011000010001100
1101000100001111011001001000110100111001
1101110000001101010100100001000000100100
1110000001000001111010000111111001011111
0111110101010101010011011011110011000010
0101000101111110110110100011100001000100
1011111001011010101010010110100010011010
0111010000010010000101111010010001001011
0101010100000111100111000100100100111111
0010001000000101111100000100010011010110
1000010011000011101011000100001000101011
1001100011010111111111000000011000000111
1100010010111110101100010000010100100110
0110110110010110110101100110001010000100
1010110001111010110111010111001111010100
1110110110011111110000000001001001101001
0101100101011101001011100111001000101001
0001010101100011101000001101101101011011
1100011111000101111000000110001000100111
0110000100010001110111010111111110001001
0110100111011101110100110011000110110000
1111100000000111011001000010001001100101
1111011110100111000010000100101011111111
1111101001110111011011011101001000011101
0001000110100010011111111011011110110110
0001100101100010001010101000101000000000
1011110010011011000111001110010100111010
0110011010001010001011100001011100010110
1000010110001010110110000111111110110001
0110110010111010110110100100010101110010
0010010001100110000000001000111100100000
1100011000000001111111100100000101001101
0100011100000011111000000000011101101011
1001110110111000000001111101100100101011
0100010010000000110110110111000010001011
0010001100100110011010011111111110011100
1100110100100111010111010001101001010001
0111001001111011000000111001100100100001
1000100011100101010001111010010111000101
0111101010111101000111111011100101011110
0100000000111010001100001011110110110000
0100111000111010111101101011101110110011
1000011110010110111111010010100011011101
0100100111111100001100111011101001101001
0101110011101100011110010011111100000110
1110000101001011011010001100110000000100
1111111111010011010011111010011100000100
0010001000110010110010000011011101000100
0100010101110001101000000001001111100001
0000111101100000011111111000101001100111
0001111010011011000111110000001100110001
1011111011001101110001011011111010000010
1111011000110010000000101001110110100101
1111100100100100010010110001110001011100
0011100101010110010101110010101100101001
0010001010101110111100001100100010100111
1100101001110011101100100100010101011100
0111110000011010101011111111010101000010
1110000101001011100010100101011001001001
1001100111110101000010111111000001010111
0100011011001011001001011001011110000111
1111100101011010110110000111101010110000
0010010010100010110110010001001001101110
0110100110100011100000011001001000110001
1111000001011011101110100100110100001000
0011100110000101101100011111001101011101
0000110000011011010011001111111111010100
1101110011101011110011101101110111011101
1010110110011101110111001001011001010111
0111101100100010100111101110111011011110
1011001001111011101010010011001001010110
1011101011011101111000110000011100001011
0011100000010001111011011110101101001101
0100100000100000101111011111010100101101
1100010111110111110000111011111000001101
0101011101111000110001000010111100111001
0011001000010101011001101100111010111010
0110110110110001010100110011101110101100
1011101101100101110000010110000001010000
1010001100110101101101011001000101111110
1001001110010111111001010010011110001110
0101001001100000011010000010000101111010
0111100100010001011000001100110000001010
0011111001000111001001001111011001111010
0011110110110100101100001101100011001100
1101110010101111000110011001000010000110
1111010010100110101010010010001000000000
0110001000111101010011101111001110000011
0001010001110111110110010111010101100101
0111010011010110111101100101100011011110
1100101001010000001100000100011000000000
0101010001110011100000001101001111100011
0111001000000010001111100000001010001101
0101100111000111111000000100100010010111
1110101111110111011100111000101110110011
1000101001001100001100111101111101101110
1000011000100111101110000000010000111101
1000000100001000001100011100100100101010
0001001000000110111001010011100011101111
0001010000100100111010011100110010010000
0101100011100101011010010000001000010111
0111101011010100001100000110000001011010
0001101000001110011000110111000101101111
0000111011111111101000101101111010100111
1100001101000000111101110001101011110110
1101110101011011101010111000011000011101
1010000101010001101100111111000011010101
0000010101100110101001001011110001011001
0101111010110010110000110000110001011110
1110100011010111010011100111100111110111
1011100011101100010010010101010101111111
0010010010111000010000011010010000110110
1101111001100011010100011001011100101011
0011110001010110000010010111101101000101
0000011000010111110011111000011011100110
1100000111010100110101100100010011011000
0010111000011101001101011000011010110010
1110000101000001001100000110000001111011
1111101001110000111000011000011000101011
0100111000000010110011111110111100010010
0111001010001010101001001110100000010001
1000110111110010001000000100010001011100
1100011011010101001010000101010101010000
0000011111100111110111011000001001100001
1011000110111001000111010100001100011111
1101111100111111101000010011110101110111
1100101100110010110000111100100110011100
0110011011000101011000101000011011001101
1101000011010111111110011101111101110011
0011000101100011000011110011010000101101
0111111100110000110001001011001000010000
1000110100010100000000000101010110001111
1001100000011111011110111101011011001110
1101010011011010100111110111100011010001
0101001101100001011000101101010110100011
1010101101101110100101010000111110101001
0000100000110100111010000101011110000110
0011100000101111010001000010110011101011
0110010101111010000111111011101000010100
0110010000001001011111100001101101010010
1101010010111000111101000100011011000010
0011010010010101011101010111110000110001
0000100011111011110001111101011110010001
1011010000101000011111111010111110100010
1100000110000100110100001100111011001110
0000110000001010001111001111010111111101
1010000010110011000000011111010001101111
0100110101101011111001001110100100101000
0101001001000000011101010101101111111001
1101000101001100011000010100001000110010
0111001001101000110000011101000010100000
1100110011110011101111100100010011011101
1111010101010111111101100111011001010000
1010001000000101101101110001101110101111
1001101100111001000101000010000000111011
0110001100100111010101110011001010000101
1010110000000111111100001101100110001011
1100001000010011101101001001111001011001
0101100000100000001000101001010110100111
1101101001000111010110010000110011110000
0000000101110010101111100010010111100011
0101001100011000100000000001011100010101
0011100011001001110001111110001101010000
0011001001011000000010111001111011100000
1010100001001100111001110101000100000110
1011000011001011010101100100001010101011
0100010111001100010011000110001011011101
1001000111100111001110100110011100011111
0000011000000011011100000000000000011110
1011101001000101110010110000000010000010
1101111010110100110111101100000111001100
1010111001001011011011010001110101001001
1010110011111010010001111001010111100111
1100011100101001101110110110100011001111
1000011010001011111000111011100000110101
0110011111110010010110101111000011110101
1011010100011110100101010101100100110001
1110011100001100101000010111101010011010
1001011110110010001110100100001011110101
0001110011110100101000110010000111111110
0100001100100011010101000011111000001100
1011010000110010001001101001100000100000
0000110100001000011001101010001110010011
0011110100010001011110001101010001001110
0100100101010111101101010011010001010010
0011101101110101110100001111111100100010
0011101010101001100110100101011101011101
1100000011010111011111001110110111110110
0100011000000111111101110110001100101101
0011110101000101111011110010011000010110
0000110110101001101111001011011110001001
1110100101000100010011010101101011101110
0000000101011100010100000111101000010101
1101000010111011001111001110001001010101
1011111111101010100011011010100101100110
0000001100000010011111101100011000101100
0100010000101011000110100111001110100110
0001110111100000100011011000101000001011
0101110100010010000010011011000101010011
0101100111010001101001000010010011110000
1010001011001000100101011100101011100101
0111011101001001000010100111001001001001
0101001110000100111010101110010100110110
0001100110001001001001100001010001000100
0000100100110011001011101110000010111000
0110100100101110101000000001100101011100
0101010101100101111001011111000000110001
0111010011001011000110000100010000000100
0011100111011010101110010111100010000010
0000001101010001000111010111100010011011
0111111000010101010111111011111101011010
1001010100100001110001110001100000100110
1101010010101001010011011010101111111000
1111001100000110100100111110111100111111
0001000101101101111010111100111010100010
0010001110001000011111100010101010000101
1110101010000010000001010010011010010110
0000100000010100000000110000001001111001
0111001110110111111111011010010001000110
1101110001000110000101011100010110111101
0101110010100001100111000000110011010100
0101111101010100000111101111001101011010
1000111010101010000001000110100100011010
1011111100101110000010111011000111010010
0000111111100011011110101000111110011111
0110100010011101110101000000010000001010
0111100000101011010110111110011010001000
1100011010110010001000110110000101110100
0101101010010011011110110000000111001010
0011011000101000001111111101001000011011
0100011011011010111100000000100000011111
0100111101101000001110100010000101110110
1100101001010010100101000011011001000101
0000111101001111011110111001010101001000
0111000101101011111111111000101111011101
1111101011000100101011100010101000000100
0011111010110001011010010110101001001001
1100110011101000101101001110110110011010
0101001001000000100010110111100100101011
0011100100100000100000000010101110010001
1111100111001010100110000101110100101101
1001100001011011111110000010100101001101
1111010100100011000001110111001110011010
0101100110000100101110110110110011101101
0000001001101011001001010001110100011001
1010010001111010001000111111000110110000
1100011101001100000001101101111101100010
1110000100110011010100001001010100101011
1100001110000011011000110000110000001101
0011000011000010011101110010101110000110
0000010101101100110000001100101000000100
1110101001100011000101111101111100111100
0001000101000111100011010001010100010000
0110000111011100011011010011000011000000
0101001000000011101100000101111110111010
1001011101000000010111110001011110101010
0110011111111110101011010000100101010101
0011111011101100110011010100000101100011
1100110010011111010100010010110001111101
1110010010011110101100100101001000111101
0000000101101100001110111111100111010110
0111111011110000011000100011111010010110
1000111001110101001010101010101010111000
0001010010010111110100011011000000010111
0100011010000001100111100000000000100100
0111011110101101110000001000010001110011
1101010000011000011001111101101101001100
1010101100101011011010110100010010110111
1110000001000011010001001001100101011111
1100000111011010000101110001001010101100
1110000110110100111000000011101100100100
1111011101011000101100000110010110000011
0011101010000011011000010111100011001110
0001011111001010101010101110101111100010
0001100000111000111101011011010110011001
0100101111010101010000000100100001010010
1011111101000010000001001111011000100011
0100001000011111111010110011010100110001
0011000110101110011000001001010111101001
1111110111100111110111000111100101100101
1100110000010101011101110011111000000100
0001001000110011001001110000011101100111
1110111000110111100000010010111110001011
1111000100101011111011100000101101111100
0101011111110101101101001011001001011001
1101010001110011010010001000110101000010
1101001110111001101100010010100100000100
0000101100010011100000000101000110100101
0001011110110110101100111111111110011000
1001101100001000010100111111001001001110
1111010001000010100110101100010000101110
1110001110010111000010000000010110111111
1110110111010010001000001000100100001010
0010000100111011011111010001000010111011
1010101101001011010110000010100011000011
0101100110111101100111000000101101111001
1010110101100000100001111000110101100010
1111011001111100110100000100101000100100
0101111000010111111110100111010010010011
1110000000001001011100101001100011110100
1010010000110100010111110000011001011001
0000101111110010110100001011001011100111
1010000110001011000101110010001110100111
0001000011110010110101000111100110001100
1001011001000110100011001111000011010100
1100011010000001010001101001101100001011
0101000111110011110001001101101010110110
1011011001010110010100101010110111100000
1000011000101110010010100111001010011010
0111010000000100000011101111100100000110
1011010101001101101000000000101011001010
0101001110100011011111000001011001010111
0010110100101100110110000010010011111000
1110001101000000101101111011111110001101
1010100101110010101101100100001011111101
0011110111111001010110110011110100011010
0010011111111000110100011111111110010001
0111011001000100000011000110011101011000
0101011101011010011011010101111010111011
1110100001011011000100001010001111110111
0010100010111111100111110010100001110110
1101001010011000110000001101101000100111
1011100000011011111100010100001101011010
1110110100101000000111110110000111110010
0011110110001100000000110111100001100010
1111111111011000111011001111010111000110
1101110001000101001100110011111010100101
0101101000111110110001010100011000011011
1110101111110111101011110111001110100001
1101100011011011110111011111001101101011
0100000000000110111100100000111100100110
0111111010001100011001000101111001010110
1100000101100110000001101110101001111000
0000000110111100100100110001110111110111
0011111101000100001011100100000010011101
0100110001010110011010101001101001011110
0010010000101000101001101111000001010111
0101100111001010000011100001011111000011
0111000110001010100011001101101111101011
1001001110101110110110100011001011010100
0010000110100100010011001100100011111100
1101011011101011010111100100111000010101
0011011010100001111001111000111011100001
0110000000110010000101000100010011110101
1110010111011010011100001100011110011010
1001110001110010000011000011010000000100
1111011111110101111000101100011111111100
0101010011010000111100111011010101111101
1000000010101110011100011101000010111011
1001001111110010100000000100011001010011
0011001101001000011111110110110111000110
1101110111001101000110101010001100011111
0000110101010111001010000010111011101110
0111111010000101111100001111001011110101
1111111000111111001011010101100011000001
1010001000011100000010011101101100110101
0111111011010111100001101011000001111000
1010100110111100100110111110110000100101
1101111100100000010110001010011101001010
0001010111000010110111010111011100110101
0001101001001101011101001110100000010000
1110000110010101110101001000001111100110
0001100111110000111100010100101000110001
1110101010100100101011000011110000101101
0101110110011111011100100111110101101101
0100110011110010000101111111111100110110
0000001110110111100110111001100000110001
0001000011011100110101000000111011100001
0010111111010100100101100000011101110110
0000110000001100110011111110101100000100
1101101010011101001100111000011111101011
1011100001001010000000100011111001111000
0000000010101001010001010101010001001100
0001001111011111101010010100010000110001
1001001011110010110111000111010110010101
0110101000010010011101101001000001110001
0010100011101100001010011001110101100110
0011111111011000001011111111011101010111
1010001110101100010110101010100110010101
0100010110101001110111101011001000010111
1001110001011100111010101011101001110001
1100100000001011110010001010000011011100
0110111111000011010100100111111100001011
1100111101011010010010100000101000001101
1100011001111011101111110110010011111110
1110101000001010111101100011000010101000
1001111010001100001100001011010001111010
1101011001100101000011000010000101000011
1101011000111111110110010100010100100110
0001011011100011100111011110011010100111
0011001000011101100011010110011001110000
1100001001001000011001001010001010110110
0011100001011101001101101110101011101101
1001111011110110001010101000110110110101
0110011000101001011010101110001000000110
1100000110001010000011110000000110000100
0111110001111111110010110000010101001111
0100001010011100011011001101001110110001
0110111001001100111000110010010000001010
0010011111001001110111110010010100001100
0111101011001001011011111010100110010111
0001000110010101110000111110001111001100
0101101010111001110000001000111100001101
1100010111111100011110101011111010111101
0010100100011101001110000111101000011010
0001011010110000111111000010110011111011
0101100011010001010100101101000011101101
0111000110110101100101110011010110100001
0101001010001011111100100111001101101000
0101101010010111111000101111000011000100
0001011100101010111011011101100101100000
1010001011010011100100101000101110001001
1001000010110100110010000010100011000000
0101011000010111101011111011000000110010
0110001111101010101101011011100111010001
1000101111111100101110100110011011101111
1101010011101010101001000000000001000011
0010001101111100000000000011010111001110
0000101010110001101000010101000101100001
0000110010000001111011000010100101101010
1001011110111001101010111101011110001110
1101010101000100100011000111100011001101
0100001100010000010100110011011001111110
1111100100010001111011110110111010101110
1001110001110000100100011011100010101110
0100011001100011001101101011101100111011
0101001110101000011100001101011100000100
1010110011000100110001110001100011110111
0010010111101110110111000000011101000001
0001110001110101111010110101101010101101
1010111110001001111100100111101010100011
1010101111010000110011010101000010001001
1000111011111101111011111001010100001000
0110110000001100110000110010000001110010
1001111000011110100100001100111010011000
0101011001010101011001010010001111110111
0110101010101100101000001111110011111010
1110011000100101111111110110111111011000
1111101000110000110001101010001010000110
1010000110100110110000011111101001001101
1011010001100001100110011010110011011001
1011001011110100010100010101010100011111
1111111011111001101101111001100001011001
1101111101101111111101101000101011111000
1111101001001000001100000010000100000000
1111011011110110000101101100010001100110
1110001010001111111000001111010011110101
0101111011101011111011110101000110011101
1000011100110001111010010001100011110000
1000100100101000001011110011110110010000
0000001010001000100010111010000111110110
0010110110000101010000010001011111101010
1110000111000111111011100111100111001100
0000000001011101010100110001101000110101
0101000001001001100011011011010100101000
1100010000000101010010111101101100001001
1101000001000001110011100111011100110100
0100010010010001101010011110101010000100
1111111100100111000111010100010110010010
0000100110100101101100100000011011001110
0110110011111100100011001001111111101100
0010000000100000011010111110101011110111
0010000100011011111101001000011111001101
1001000110101011000011101010110111011100
1110011000011000011010101011101011010100
0000011010110001101101001011000000010100
0111000001101010101011101110001011101010
1001100101000000100100010001110110111101
1010011100111110101010000101111000011110
0000001100001010100011010000010011100010
0010001011001101101101110010100110011001
1011101111101000101111111100111011011100
1111110011010010100001011001100110101111
1111100110100100010110011111001010111010
0110111011010110101100000100011111001011
1000011001010000111111011000010110111000
1000001011001110000011001111011100010110
0000100001111011101001100001110000001111
0110100101110111010100001101010110111011
0100111000010001111010110000011110110110
1001011011101010101000001110100100101010
1010001111010011110101000010111010110101
0011010110111010110000100100110110101101
0010001010110110001000010110010000010001
1100010001011111111110110001111110100100
1111100011101010101001001100010110100000
0010110111111101001100011000010010011011
0011111100000010110100111111000011011000
1000100111011110011010111100001101001011
0101101001001110010010110010101011100011
0010010010001101110001100100111110101110
0001011100001010011101001001000010110010
1001100100010100111001100001011011110000
0111011010101010101101111101110011101111
0111000010010010100011011101101101010101
1101010011000110001101101010010111110011
0100011010101000101111010110001111000101
0101011010010111111100110010011010010111
0011110011101011100100001111101111000110
0001011110100111110000000011000111100110
0001101010010100011100000001110110001110
1110111111010000010110110001100100110100
0000111001000011011011000100110101110000
0111000000100001100100110101100101110110
0110010000011000001111001001000100010011
1001100001001100100011011011000011100010
0010000111000100100110001111101000110001
0110000111111000011000010110000001110110
0110000110000011010110100011010011011101
1001111100011110110101001001111010110000
0111110111010001010010111110101010100111
1001010101100100100001001101001011100010
0001100101010100101100001111101100101111
1111101111111110000101110100101111100100
1100100110101000000110110111101101110011
0010000000111010101011001010100111011100
0100110100100101000000100100110010111101
0010100011111001100010110100100110010111
1000111101101001011011111010010011010011
0011001000001100001001000110000100001001
0000010100100110101111100100111010101011
1100111100101110111011000011111100001100
1001100111000000101110011001111000001001
0011101010000110011001011101100000100001
1010010010011110010011101010001010000101
1010001100011100100001101000100000001101
1010010100001000111110110011000101110101
0000101000010101010001111011010101010110
1101111001100110010110110110010101010100
0011011001110100010101000011001111111011
1011000000000100011111000110001101001000
1111001011011100000100111001101110110111
1001101110000111111100001001011100011110
0100110110000100010111111110111111000101
1111100001000001101111011000000100100110
1100100111001110010100101010110101001101
0110111010100010101000110110010000100100
0110010110110100110100111011010010101100
0001110000101110100110100101010111100011
1011010010010000111011000010100000001010
1000101010010101001011110110111111000001
1111110110111100111101000111001001111110
0010001010010111100100110101001011100000
0101101110011101011111001100101011011001
0010100110111101101101001111001101110000
0110100100000011000011000000001000010110
0101000011110111001010100100101100101000
1101011110111110011101011010011100110111
1111000110001001001100000100010010001000
1000101001110000011010010101110010100010
0011100110101010001001000000001001101101
0001101101100000000011010000101111111110
0101000111000010111001001111101111000101
0100101111100101000000000000101111000111
0110000011000100110111000100001100010011
0000000001010111111001010100001011101111
1101110111000100111000101110110011001111
0011101011011000000001101010110111001110
1101111111011000111000101011011110010001
0011110111000010001010100011101110111101
1011000111100001100100101011110010100000
1011000100000000011110111110101000010100
1100011101010011001111101111100100110001
1111011011100011101000100111000111001111
1011101011011110000101001010000011101100
1000011110100110100110011011111100101101
1000100001101110100110110011110101010110
0110010010100100101100010011111010111110
0011110110001010000011110010011110011010
0100110100101111010101001101000010000101
1111010011011010001100000001011100101100
1000010001100010000001000111111110110101
1001010100001001000011001101101100011010
1000000110101000000100111011110000110011
0101100001110001000011110000111000110111
0110111101101010011111001110001011010011
1001010010001000000110000100000111010101
1011100100011001101010011010001111001110
0110000111111001000001001110110100101100
1111100110100100010001111111000010101110
0010110000111000011100010100011101111011
0011001100100110101001001100000110010001
1000100010101110000100101000010010100011
1101011010010010100111001001010111111101
0101001001111011101000010010110010111011
0111001100111111101000101011011000010010
1100010011110010101011101001101011101001
0010000101111010110111111011010011101000
1101011100011000101110000001111101010101
0110100011011101010000000010000111011000
0111011000111001000011010001100110001011
1000100001001000101011000001010001001100
1000010110111011000011001010011101101010
1111111111110010110100110100101101100100
0000100111111110100010001001101101010111
1100001111011100100011011101110001111101
1100101000110100111011001011101101011001
1110000010101101101001000110111000000101
1100100001010100000100001011010010010011
1101111010001000011010010100010000101000
1011001000111111110000111100100100101010
1001110011001100011000010101100100011101
1011010111001100011100001000000100010001
0010011011111111100100000100000011111111
1110011100100011110111100111101010011011
1110001011010110101000100000110010011100
0101001000111100000011001000101001001011
1101101011111010010101110110110000110111
1110011010011100100001101000010111010011
0111010110000101101110111001000111101100
1100011111011110001000110011011101001010
1000101110101111111000100110011100101010
1110011100111000011100000011011000110011
1010110000001111111011100111000101101000
1111101110100101010100101011011011001010
1001101001010111111001010001101110010110
0110010111100111000001010101100100000101
0011011000010011010000000100111000011101
0111110100001100011110101010001011110110
1101001001011101010110000011111000001101
0110101001000100000000000101101000101001
1001101100000110011110100111011010110000
0101010100101111010100001101000001110000
0101000000101000000000000111111101100101
0001000110000000000101101111100010010101
1101000110000011101111001110100110001011
0001110111101010110111101110100100110010
0110110001100111100100011001010101000100
1010100111111111010000101001010000110000
0010000101001100000100100100000011110000
0001111100011010101101111001010011001010
1111010001100110001001001000001101011001
0101101001111000010100111100111110010101
1000011011101001001100010001011111101010
1111111010100011001000101100101111011000
1111101000010001011000001000001101011110
0110011010000100111001100110001000111110
0010101111110001011101101001111010010000
1010001010000001011111011010000100100001
0010010000001000101011010100100110101010
0101011000011010011001001010111111011111
0110110101010111011010110010001001110000
1101111111011010110111011010100100001100
0100100010100111101001001100010010011101
0011101100000011100011111001110101100101
1101100000001000111011110110100000011111
1000101100001000110101011101101001110001
1001010110101001100100110101110000101001
1001010000100110110010001101110000101011
1001010101001101001001000110001011000010
0000110111010011010101001010000111001101
1000101010111101000111000000000101010101
1001011111101111100010010010111010001101
1110001001101001110111001011000011001101
0100111000110010011100111101111011101110
1011000011000100110011001010101011110111
1000110101000011000100011001100101101000
1110010111011000100110111001010010011001
0101110111000000010000100001100011111000
0110000001001100000010100101010101101100
0001110010111001110101101101010010001011
1100101100001100001001110110010100100100
0110101001000000000000011000010001101011
0100001100010000001111011100011010101110
0100011111110101110011011111000000101001
0101001010110010100010001010111011000101
1111010001110100111010010000111111110010
0010101100100111100100110001001001110100
0100001100100010100100000010001100100101
1100110110101100000001011100000010000000
1000011001000000111100111000111011110011
1111000010110110101011010100000011101110
1000111110010101010000001000100111100001
1110011011011010100110100100000111011000
1100010100001001101010111001001010101000
0111111011111100110110111101011001011100
1010001100101001001011010111001100110111
1110011110101100110111011101000001001111
0000101110100011111100000011101111011010
0101000001000010101011001100001010110001
0111100111011010001001110100011100110010
1001011110000110000101011001101110100011
1101010111010101011010100001010110100111
1111111110111100100101011000011001011000
0111101001100111111101100110111101011011
1010111000010101100001011101100110011001
1110101111000100000011010111100100101110
0111101000110110110101000101101101101000
0010100000001010001100100011111110011100
0010100111111000001111111100111011011011
0100000000101101100011110001011001100100
1000001001010100000111010011000101110001
0101100001010011011011001110100101101111
1011110000010101010111111110001010100011
1000000010000010010011111010010100110001
1101000001110111110101110001000111000101
1000101001010100011000110100111110011101
1101110000100100101001110110111001011111
1010001010100010010001101111101011111111
0011101001001101011100000010100110101010
1011011111000011100101010110101000101110
0101111011011010011110011000010100111010
1111001000000011011101000011110000100010
0110001101011011110011010000010011001101
1110101100110101001110111011010111110001
0001010000110001100010010011000011111110
1000001100110101011101001111000111100000
0110110101100010100011011101100101001111
0110111101111100000110101100110000010101
0010011001101101100011000110011000110000
0111011100111000100011110110000001110000
0111110000001000100000100010100110101000
1110010010111111110101000010011111111111
1000110100100101000110000011010010100101
1110101101101101000001010011010101110001
0111001101100001110011011011111001111100
0100010000011001011100101011010110110011
1001111011100110011100101101100100001100
1100011111011001010001100111001111111011
1111010001000110100111010100001100011010
0010100110000110011001000010011100100000
0000111111111100001100100011111101110111
1101110100000110010101000000100001100101
0101101100111001111001111000001010010001
0010001000001001111110000110100000000110
0110100000110001101110110001011001100100
0100000111111100010010000101001010010101
1000001011001101101111010011010010010100
1000111110011110010011001111110000110011
0010011001000011100011111111010010010000
1100101100001101001101101100011001111110
1101000001101101001011010110100010110110
1011100100001100100000101100001001000110
1111110111101001001101100010001101110101
0010011011111111111110011000111001001101
0100110011010101100111000100000000010010
0011101010111100000111101110001001100110
0110101111010010010110000001000110010001
0101010000001001010001100101111011011100
0010111111000110010110101000100111010011
0110000110110110111010111010000111001111
1001111111001001010110011001011110100110
1000111000001100100010011101100100101010
1111001101110111001100000001010100011010
1101100011111111011101010011100000011100
1000100100101000011010100101000011100110
0111111111110000101011001110010000011101
0000100110111001011011101100010101111101
1000111100101010110010011011001110000011
0110011011011011000010011000101101111101
1100100101111100110000111010111001100011
0010111101101111101101100000001011111001
1011011010001101001101110000100101100001
1011110101010100000001110011010101010000
1100000010110001110010110011001100110101
0111101110100100110100001100111111110110
1110100110001110101101001100001101100110
1000000010011101101111000011000011100001
1001110111111110000101010101000010010011
0111111110001111011110101110001110101000
0100001010000001111111001001111001101100
1101010110000011100011001111100000111101
0000011100111000101111100110010001001001
0111111110011100111011000111001011101101
1110101111110111000100101101110011111010
0000000001101011110111110101100011110000
0011100011010011111110101111010110010110
0100011010010001111001000101100111011111
0110010100000011011101011000001100111110
1101101101010101000001111110010011111000
0011010011101111110110011111011110000100
1010000100010111011100111110111101101100
0101011110111001000100000000001101000001
0011100101110001001100100100011010100101
0010011010001010111110011011110100100001
1001011011100110111011100000100011001001
0010010000000001011010110100011011000111
0001000010010000001001101100111001000000
0000101100000110100101101111001101011100
1010010111010111010110100000111011111001
1011011101100111101001100000011000101011
1111111110011000010001000010010111000000
0010110010010010110011000011101101110111
0111111000000011100011111110000101110000
0011110000001111101000011100001001001000
0000001100011010011011010001101110100110
1110101010001100101000011000010001110000
0100111101100011111011100101011100000000
0001011101010101100111100011000000100111
1100010010001000100110110001101010010110
1011101011000001110000111011101101111011
0100110000111000011100110111100100110100
1001110000000100101110011011011101111011
0101100110010001011110111000111011111000
1100101100111110011000000111011110000011
1101101100111110110011111010010100011100
1100001010111000011101101011110110111110
1010101001010100101101100110010001011110
1011000111000001111000111000001011100011
1001100010010101000110110000000001000000
1010011100010110100101001100011011011101
0001111111011110001100100100101110101011
0000001001000110000000110001011111011000
0000000001010110001111111111010000011110
0010011111001101000000110110000011000101
1100000001000010100001011001111110000110
1010100110100000010001111010101100101001
0110101001110100000010111111011010010010
1000011100011001100111001100100100011010
1110111101000010101100101110011000110111
0010010001110100011000010000111100110001
1000110110000011110000111011101100100011
0001111100111110000001111000111110001010
0000011010110000000011010110100011000101
1001100001010100011110101101110001001011
1110111100001100011010101011010001110100
0101000010001000111101000010110010101110
1010000111100110010111100100001001010001
0010111101001011010111001100000110100000
0100100011110011111011100101000011101010
1011010110010100100000000000011100001000
0110111011000011000100000111000000111100
0011101000110010011001000010101111100010
1101100011000000011110111000101000111000
1110111101001110000011100101011000010100
1001100010111111100000110010100101000111
0111110110000101110001100111110001001111
0101111001110001101110111010101110001100
1010100111000011011101110100110101111010
1101110011011101011111000101000111100000
0000011110111000101111001100111101100001
0110110111100111100000100110111101011011
1000000101100100010001110001101001000010
0011111111111111111101011111010000010000
1100001100111010001010110101100111110011
0010110001010101110111101110010001011111
1111110111100000110011011100110100011010
0000010100000011010110101000101110110001
1010001101011001000100111111011100001011
0001110100101101011100011101100111101001
0001101110110011010001011011001011101111
0011001101000111110010000010111111101100
1100000010001010000100000101001000110101
1110101010100100110011001001010011011100
1111000001001000000001100101001111101010
1010100010110000111000011110111000101011
1010111000100011010110000000010010001001
1000101000000001100010100110100010111011
0100011110011010100100010101010011100001
1111001110111110111110001101101001111110
0001101000110000101000010110100011011000
0010001101001101110001110011011110000001
0001000100001001100000110101000111010000
0010101101000001100011000101000000101011
0110000100111110100101001111111011011111
1011101011111010100110111010100110001001
1000101001010000010011101110111011110001
0110000111000001011011110001110110110001
0000011100111100001100010111010000001000
1100001011001001001111111000000111000010
0100001000100001001000110111100010111011
1010111010000101100110010100011100011001
1110001000000101011101111110111100011101
0111001001100111000111010011011001010000
0101001000010011110111101000110111000100
0000011011011011001101011001000111011100
1011111011111101110111110011011100000111
1010111111110010111011000100111110110101
1000111010101111011010000010011000010100
0110011000110101001011010111010100100111
0011011101100001100101101111010010010110
0001000001100101011110011001001110110011
0100100000100010100101100110000011100110
0111011111111101100101111010111110010110
1111001100010111110010000110001110111010
0111100001111001101111111010110110100111
1101111000110000001000110110101011000010
1011110010110001111010011010000101000000
1111011000011000101010100101111100111101
0110010100101101101000101001011111010011
1001010001011110000001110101110110101110
1001001011101011010010001111111110001000
0101100000001110110011100111011010011101
0000100001000101011001001000111011100110
1000010101101111001111101000000000111000
1101101101111101001011001011000001011010
0101000010000100001010000110001000011001
1101011001000001000000101010111000011101
0101000110111011011111110110001000000100
0100110010100011100001100110100110100110
0111101111111001111001000110111000001000
0001101011110101010111011100100110010010
1101001100010001001010010001100001110001
1000101100101110111001001110100111110110
0101011011100111001100000110010001111111
1010001011101001101010000110011001010101
1000111011101111010011100100011101111110
0100101010111011101010000010000000100101
0010010000001111011000110100000000110010
1100101100011001100101011011100000110101
1010010010010101110011111101011000001001
1101011110101110011001101110010111001110
1111101011010111011010000001011111000010
1110010010010101100100100011101010001010
0100100111100011110001011000101111111001
1011111011101000100100111111010110011111
1101000010011100000101101111011001011101
1101111001111101010101010010001000100010
1110110010111000001000110100110101010001
1100110110000000001111101000000110100100
1111001100010011101111111101010000011000
1101001100001110111111111101101101011010
1110101001100000111100011010010010000000
0011011010100110100111000011001100010011
1101101000100011101111110010011101110000
1001010000100111010110111111001001101011
1101101011110111011000110110010110010100
0100100001001101100010101001011000100000
0010000011100101010110010110110010001101
1111001110110010011110100111000010110001
1010000011001000010111011101000010101101
1110010111100100000010011011101110000110
1110011100000110000010100110010010010010
0010100100111100010011100011111111001000
0110010111000101001000001000111010101110
0001010110110110011001110010101111111000
1111101001001011000001110011001110001000
0000101010000111111000011100110011001000
1010110001100000000010010011000000101010
1011010111010111110011000100000011001001
0111110101111001000100011000111110100010
0101011100100011011110001101101000111000
0111010011011111010000010001010101101000
1110101011011111011010110100011000001000
0010010011001011011000010000101111001110
1010011011001011111011100100011010101101
1000010101011110010000101010110101000100
1001110000011001100001000100001101100101
0011010010110001100001111101110110101101
1000111101010111000111101010011111111011
0110111000100010000111110101111001110010
0011111001111100000100001110110101101101
0111000110100000000111000011011011001011
0101010101110100110100100100100111110111
1001100101110101000000001101100101110110
1000111100110100000010111101000101011011
0000001101011110101101000100110110100011
0001100101010010111110110001010000100111
0001110100111111010110101001011111110110
1101011110100110011000100111100101111000
1111011100011001011000011000011110001010
0000101000011101111000111101010000001010
1001010111001101011111011111000011011000
0010100110000110010111001110001001100100
1100100110010101000001111001101110011010
1110001000011110111000111110110101011010
0010100001010100101101011011110000111000
1011110000110100110100011011000100100111
0101000000101011001110011111000101000111
1101111111010001110101010101111110010001
0010000001101001000010101110010001000111
1010110010100100011110101110010110010010
0101011100001111000111110110001111011110
0110011011110010111111001001101010010101
0100011100101100011000111110000111100101
0011110011010001101011110011111010110010
1001110110110010001110100111110011000010
1111100010100011111010101101110111100000
0110001001011101100000110101110011111111
0101111100110010001111101110100001111000
0000110110101100001110000110100001111100
0010011111111101100001100111001100110000
0010101001011111100001010011110000101010
1000101101111011001101000111010101111100
1100000111110101001101110110110101110000
1001111001000100101010100000001110100000
1010101000011101011001110100001101100101
1011100101001100101111001100010111100001
1001001001110110111011110001011010000111
0011100101110010011010101000101101111110
1101011101001001111110010110100101000101
1110000111000010001101000101011111011000
1001110100011111110110101111101001001111
1101010100101101000010001001101000101001
1100111101111010100111010100010111111110
0011110101110100011110011110001100001000
0101100111100001110010010001010010011001
1110000000110010001011101111101001001001
0111100000110010011111010000011001010100
0100100111100011110000001000011111101111
0111110111100110000000000101010011100100
0100011101000001010010000000011010011111
0101000010110000111110010110011101110110
1000011000000100001010110110101100111011
0011110101110010000111010001000101001101
0001100010000011011110001010110100000011
1011000100011110111111000000100011011000
0111010110101011001010110001110011110000
0011101110100100000011101011110000101111
0010000011000101000111110100101000111101
1010101010011001000001111000000100100001
1110011100010100111010011000001000001010
1100001010011100000111011110011111100000
0001110110101000011000110001011000101011
0000011001001011100011111001010110101001
0111111011010010110101000000001101000111
1110110001010001101110110010010010111011
0100010000011011101101100000000100001010
0011000011110001101010000100010110100111
0110010001110100111100111010001100111011
1000111010111111110111101011100010111001
1111110011000100010010100100110110110101
0000110011101010000101010100011101100000
1100111011001010010110101100001001101101
1101101101111000101100000100001100101001
1001000100000001010110100001011001100111
0110110000100100110111000101001100010101
1101100001100100001010100001011100101100
1101000110011110000011100001100010111010
1011101010011100111100001100110100011011
1011000110001000010000010101100011010011
0101100011101011001010001111110111010101
0110001101111001011110000110110110100100
0101110100101110010111101101010011100100
1100000010010001001011100001001010100010
1001010011001110101010001010101100111011
1101111001000001100100000000101100111001
1000100010000000111011110001101000101000
1001001011111111000000110001010000010001
0010100111001010100010100010011010101100
1001011011011100101001011110000110000001
1110000110100110011010000110001001110010
0011111011011100001100001111111110010001
0011011001111101011001100110010111110001
0110000111000100101101001000100110000101
0010100110000010001110111000110010010101
1001100011000001001101110111101010101110
1101011101011110110100100110010000100000
0000001100100100001011111101100010001001
0100001101000001110100101010101000110000
1111111111110001010010100100010000001100
0001010001011110110000110000111000110101
1000001100101010001001100010110111110001
0100000010010011100001000110111000000110
1100101111000101000101100001011000110010
0100110110000110110111110111110100010100
0010111111000010010011110101110010100010
0000010010110100011001100011111000110101
1111110010110101001100111010101111100000
0011110000100001000001011000100111110000
0100101011100001111001101000100101100111
1001001110011100000001101100101011100110
0000111101011011101110000000001010010000
0111110100000101101000001110100001001000
1111111101000000001011010000000100001000
0000110110010111111100111010110111001001
0110111011101110011111001101110011100101
0011000101110101100110011111100110010001
0001001110110111011110111001011000001000
0101100111010010100100001101001000111010
1111011101100111010100111000000111001001
0110010001011111111101110100001110101000
1100111010000000011000100101101001100001
1101110001100101100101100100000111111100
1001101011011101111010000011011110001101
0010011000010111010011010000110011010101
0101001110001101001101111101001110111001
0000001011010111001111001111001100100011
1011111010001110100101010100000011001111
0010010011001010000100001000110000010110
1110100100001001110100000101111000000100
1011110110100101001000100011001101000000
1100000110001011010010100000010100101010
1101101000110100101111000101001000110000
1101111111010011101101011010010001101101
0101001000111111101011010011010111100000
0011111111101101001011101110110110100110
0001110100100010110010001111101011111011
