40 2047
1001000010100010101011101010001110111110
0011100111011110001100100010011111111111
1111001010100000111100000100111010111001
0111111000000010101000110110110001000101
1000111010110110100101101000111011011110
0011100110001101111111010011100100100100
0001111100101011100110111110010001111001
1111111010111011010010010010101010101001
0000111110100010001100011001110010111001
1110010110001110011000001000111011111100
0010110101001100010111111110010101110001
1010110100010000001001000100110101000011
1001001000100100001111111100001000000000
1001101101010010110101000101011110011110
1101111011000010000101000000111010111001
0110100001101111100101001111111001100100
0010010110111101110011101111010111001110
1001110101110000111101010000100001101001
1000100000101111001001101000101100110000
1000101111110111000000110100000010000000
1101000110010011000100000110101001101100
0001000011111000110000010001101010110001
0011000000100111110101101011011111100000
0000101101011110001110000001110101001100
0111110001000001011100110011100110000100
0111111001101011111000000001001100101111
0010001100011101001001101111101011010101
0000011101110011110001100001110101010010
1000110101101100100111000101110111001101
0111110011001111010101110110110000110100
1110111001010001101100100000111001110111
0110110110100011101111001110010110000100
1011000000001100001001110101000111001111
0101100001100111100101101001100110000010
1010011000100100011111101010001101011010
1110001110110001010000101100100111111010
0011101011110001010111101010100101101010
1010000000101001001101010111100011110111
0000001101110100011110010101111111011000
1000111010011010000001000101111011001011
0011000101010001110110001111011010000010
1011100111011111010110001111100001011111
1010010001111001100111001101111000011001
0001001000100100111000001011101011000001
1101100010000011000100110000100001001000
0111011000000001011001011011101000000100
1100111001110000101100100000110110111011
1001100101101001100101110010111111000011
1110100111011000110001000111001101111010
0101000100100000110000000001111101010101
0101000110100001110100011000101000010101
0011100100111001011011001011100100010111
0101001000111100011011110010101000011011
0010111010011101100010101001000110111000
1010001011110001111100000001101000010100
1110100001001000011100101100011110101010
0000101110110101010111110011001001101110
0100001011000010100101101110001000101000
0111010010111000000110101011001100110101
1100100011010001101011100010010000101011
1000100101100000100001100101101101110101
1010011010000000001100001110000100100000
1100010100001110110100110101101000101010
0000010100111000110001100001110011111000
1000010011011001011101000011000100101011
1010111101001010110111010101111101010011
0011110110001011000001101111110011100001
1100010000011011100111000111011101001100
0011010000000010010010100010001110100001
0101000101011010110110110010000000010010
1011111100101011111000100001011110100000
0101101000011010101110011011001011110010
0001101011101001000011001000001101001100
1110010011011111000110010011011010100100
0010001111010010011011010011100010101010
1111101101000100100101011001001001000111
0001011010000010111001011101111111110000
1101110100101010110010101011001110111101
1110010111101110000110101101111001111100
0101010011110001010100110000110000000111
1011111111010011001111100010011001100001
0001010011010011110100100110111100100000
1011011111101000101010100101001000111001
1000010001010111010111111100110001001011
0110100101010111010000111110101111010000
0110011110001101011001000000111001011001
0110110100010101001100001100101010101010
0100011000111011010111010111011000011001
0000011110001000110111011000111101111100
0000011100101101111101100110111110100000
1010101100111111100111010001110011001100
1101101010001111111110100000101100101110
1111001001101100011100100110100100110110
1001001100111110110010110001011100000011
1100001001100100010101000111000001011010
0000001010110111010100100110101111010100
1001110010011010101101110001100111010111
0100100100110101101001101000011011011111
1111100011100111010011001101001100001010
1100010110110100010100110001101100010001
0001010111101110101110101111101010011011
1111011011101000111010011001001101011101
1011100100000000101001010111101001110000
0101000000000001010111001111111000110001
0100100111000010000011101101101011101000
0101110010000001000001001100000001100001
1000011000101000101110001101001010110110
0010100000001000111110010100110001110010
0010101010111110110101000011110001001010
1010000001010101001010100000111001101110
1100111100010101011100000111110110011000
0110001111001100001101001110000011101100
1111001000100011010111000101000011001111
0011101101011111110011001000100011001100
1100111110110110010011010100111011000000
0100011010101100001100001111100100001010
1001100111000010100010011001110001110110
1010100010001111010001010000110111111001
1001101010111000010101110010110001010101
0001101010001000110110010000001010101001
0000010110110110000100001101000010001010
1011101001110001110111001001011101111000
0100001010000111000010111001111111101110
0111000110010100001111011100011011000011
0101101000011110000110000110000100110000
1000111101010011000001110100111110100110
0001101110011010011110001000011110000111
0101011010001011001110010000100100101101
1000100110000100111000001101100100111111
1100010110011000010010110000100100110001
0100111011000001000000010001110101001110
0100010011111001010010111101000010011001
1010011010101010111100110101100110010011
0000100100000100110000100000001111100110
0011111000010010001011110110011110100000
1011001000111110100011111100010110000001
0110010110011001000000010110000001111111
0101000100011011100100000110100001000001
1010100110110010000001100111000011011000
1010101001000010111101010001111110111100
1100001000111011100010000000000001111101
1000111010111101011100011111101000111011
0110010001010101110001101000100010100011
0000100111011001110011111111100100000110
0100101000100010010001011001111001111100
0001000110000110111111010110111101110011
0010111101010010101100100110001100111111
1100010001011111100000110100111000001000
1101011010101100111010101100011000001100
0010011111001001010111111010111010100110
0100101110111011101110111110100011101111
0110101010110111011010100010111100101111
1101001110000001110111010111111010001111
1110001101110001001111101100111001101111
1000010001011111011010111011011001111000
1101100010100101101100010110101100001110
1101000011110101001100001110101010101001
1100101001011110100010101000010111101111
1110011110101011111110100101011010001000
1010000111010101011101001110010011101110
0001101111111101000000000010100100000111
0101011010100011111010001010011101100110
1101100101011011100100100011110010110011
0101101100010101010010110111011010001000
1010011010110001011010100110101011010101
1011111011010111011011101101011101110110
0011010011011001010110101000101110110100
0001001111100010011010011110101100111000
0001000101011010011011111110110110101011
0111101001111100110100010001001010010001
1010000001101001001110011000001001100001
0001110111111111001000001111111010010000
1011011011001000011001011011101101111000
0111100100100011100110101101111000101100
0111000110100100100110111100001010110100
0000100110011001011101001110111001011000
0111001100011000110111010011001010001011
1011111100101001101111101010101100101010
0001010011000001011111011111001000011110
1110000010110000001010100001011000110101
1001010101110011000100100001100110000101
1101011100000011000101000010000001010010
0100110100101100111010110101100000110111
0011000001111010101001110101011111001100
0011100001011000110111100110101011100100
0100010100011000000110111101101010001000
0101010111011000111001100000101101000011
1111000010010000110010010011001110110100
1110000010101001101100111111111001101001
0000100110100011010001110000010000010001
1101100111111100110000001111000100010001
1011101010010000011011011111110111001010
0010110100100010100000000001110000110011
1101100011111101000000000010001101101001
1100010100000011011110010001100001000101
1101001001100011101011100011101011011000
0111011111000011001001010011111100011110
1000101001111001011111010010111011111010
1100000010111100010100101001101111000010
0001111001111000111110111111110111011101
1001000100010010111001001001100101000000
1001000101001010011011111000001111110110
0101001110100100010111111010110110000011
0000101110001111111001110011100011110100
0110011111011011000111011000110111001110
0100111011000100101001010101011110110100
0000111110101100101100010100011101001110
0011000011010011101101101000100100100001
0010110110001000101001011111110010100001
0100100110111000110011111011101100010010
1101101101010001111101111110101011010100
0100110100101010100010111011000001011100
0000110111011000000110011110011101111101
1111010000100101100001100101010011100010
0011101110100101010001010100111011101000
0011011100010101000111011010011000011010
0111010000001100001001110011011100000101
1110111000100011000010001110111110100001
0110100010001001011110101000100011011110
0001110001101010001100011000100100010001
0101110100100111010101001100010010100011
1011101110110011110000000001111010110100
0101000101111101101101001101100111101010
0101111101001000000111010000001100011010
0100110110100000010011010100100100001111
1011001110000111110010010011010001101001
0000110101010011100000011011010010011000
1101010011111100100111000100001111110001
1101011011000001000111011001000010110011
0101000010011001000001110100100001111110
0100110010001011110110011101101110110001
1010100111001010010011011011111111110011
1010010101110100111011101010110111100011
1000101010111100000011000001101110010010
0110000001100100111001100010000010000001
1111101011110001010011110111010110110110
1110110000000110110000010111110101100001
1110001101000101100011010011010011110111
1011010111110100100100000011101000010011
0101100001001100111001010111011110010110
0000000000011111100100010000111000110100
0101010011000100110111000010001010011100
0011000101010100011100001010101111001010
1110010110110111100110101001001110000001
1010111000001000011101011100001100100001
1010101000110101100010110110000111000101
0101110110101011010101000011110010001000
1110100010010011001010011100101001101100
0011010001110010100010110011001100001110
1000111011000010011011111101111101111000
0011010100001001001001111110100001011011
0100001001011011101111101111101101101001
0110010011010000000001001011101100101001
1001110101101101010011001001000111101011
0101111000000100000101000100111010100101
1111011000001001010011101100111101111010
1101001010011010000000111101001011100101
1011001111000000001101010101110010000110
1011100110010000100010110000111100001000
1111011111100100011011110101101111100000
1000110001010000001010001111000111111110
0000110101111111110011101000011111111001
1010010000110101110100011001011011110101
0111110101110011001001111001110111001000
0101011010010111010101010111000111110010
1101000100011111111111001010100001110011
0110100101000110101000111000011011100000
1101101000001101100010110110000011010100
0011110010100101111111111010000001011100
1101001000011001011010111011000110111001
0010011011110111000101101010111011011010
1001100111000000010011000001010110101100
1111100111111111111110100001001100110011
0010011011100101110010011110101110100111
1110110010011011100010010010000111111101
0010100110111001110001110001011001011001
1010001110000010010001111101110001001101
0110100111001111111000111100110001100001
0010010111011110001010010111011100000101
1011100110100000000100001101000000110001
1110111100101000110101101010000000110110
1110100011110100111110110110001101001110
0111100000000011101111010000100011010011
0110111100010111000110001000100010110100
0000100111110010111110101001010001111111
1111010010000110101011100101001101010111
0100101000100000001000010100000000111010
1100000101101001110010000011101000100000
1100100011010011000101111101111010101010
0101101101100111010011001001001101010101
1001010000011011110001001011100011100000
0110011100011110010110010000001100110100
1100010010011011101101001001001100001110
0011100011111101110000001101000010101001
0001100111110101100101000101100100010010
1001101101101100100001011110100111001010
0100101111010111111110000111110111001000
0010101101001001000101101001010010000100
0101011100101110100010111101101010010111
0100100110111101010110111001110101010110
0101000110010101000000100000000000100100
0011111110000111101110000000000001101010
0110111111111101110111110011010111001101
0110101001111001001111110110110000000011
0111110011001001110111000001100010101010
0110010001111000010001100000010010001101
0000001011101101010101111010011100011110
1111101000010110011110111101110111001000
1000101111111111100111011110101100111111
1110010010011101001011001011000010000010
1000011001000011110000111111111101000111
0100100101101111000111010000111001010100
0011111011010001000111001101001011111001
1100011000001000100000110000010010101101
1011101111100101000001110111000011001001
0001100101100101111001010110110110110011
1010010100011010110000101011011111110011
0000010010010111100110101101110100001111
1100001001010110111001101010110111010111
1110100000101000011100011101001100011000
1111100111011110101011000000101110011010
0011001001010110101001110011111001100000
1011011100010011000000001010010011111101
1010110100000110101110001110110100100110
1001100010011000010100100011011011111100
0100000101110010101110110100111111011010
1011100111010010110111001110101111110010
0100011001000000100111111110110110110100
0111100001011001011110111000001010001000
0001011110001101101101111101110011110101
1100101000101011011000110010001001110100
1110001011111101110010011100000100111101
0110101000110000101110010100111010111000
0100010001001111100000010101011000110101
0000010000111001111000110110100101001111
0010010100111010101011010011101000111010
1100100010100110110010010110110010011111
1011100111011111100011100000000101110100
1011001010100111111000011000010100101010
1101000011011111000000100001001011101111
1011101110111011110110101111110001010101
1100000011100100100010101110101001011111
0100100011101110100111001101101100101001
1011101101011111011110110110000001000111
0000101100000011011101101111001001000000
0000101100001010011101000100010101001101
1110111001100000010111000000001001110100
1101101000110011101100000001100100110000
0101000101010111110010000111001011110010
0010110111000010111101000000010111011001
1000011110011101101000101101010000110101
1000100000011111010111001100010100100010
1101101100010111100101111000001000001001
0000001101111010000110101010000001111110
0000011110010111100111101100000110110001
0101101011111100000001011010110010101110
1100101011001110110110101100001011010010
1111000110101010100001000101010101110101
0100111101010001100111101111000010101010
1111001101100101101101110100100110000010
1001110100110011100100101110011011100001
0011101011010010011100100001101111101100
1000001001100000000001110111111001000010
1001100010010110111000101001101011011011
0110010001110100101000100100101101110110
1111010000011100011000100000110001000100
1000100010010110100011111110111111100001
1010110111011001011011011100110100010110
1011011010100111110010001101101000000010
1000101110111111100100011000110101101011
1110101011010011010110111010111100001101
1101100110010000100011110001110000011011
1101100010001101001010011000100100101100
1001000000100011100100010101101010011010
1000101000101000100111001101001000000100
1111000100001101111000101000110100111111
1000111000001011001110101111100001010110
1010000100010101101110101110100000100100
1011010100000110100110011010110101111111
0111001011001001010001100100001110110110
0000110001010010010110110110011000010111
1000100101111011010000011000011101011111
1100101110010000001100101011000101010010
0010011111010010010001011011101010110000
1011101001011001010110110011001001111000
1010011101010101101011001111100011101100
1011111010100110001110010010001110000110
0010001010100110001011111100100011010011
1111001111001001010101001010000000101011
0011011101010001100101101010100100010001
1111110010010110001010110101111011001010
1111010011000111000000111101011001010001
0111010101001110010110001110101101110101
1110100001101100100111011011010010100011
1101110110001001011110111010100011111000
0100011100101010110011101111101011110000
0010100100011101110101011110010010001101
1001010110010100101111111000010010000010
0111000010101110010000010101111010001001
0101110010000111101000100101000000011111
1000011011101000101110101011100101000111
0011010000111010000010100011000011111111
0110110001111010001101111110010011001111
1000111101001010100111010100000110110011
0111011110110010101100001010001010110011
0010011111100101000001010100001000010111
1100110100110000101001000111110011011100
0100101111111001010000111001010110000101
0001110010101111010100111001001010001011
0010001111100101000001101110101010011111
0001101001100010100010111000011111001010
0101110001111110100100010111101110011001
1110110000011001111001110011110010000110
1110111001000010000011110101001001001100
0010001101111100000111110111101010001000
1010110111110000000011011111100110010101
1111001111000110011101101100001000001010
1100010111101100100110100110010000010110
1000101011111000111011011010100010100001
0100011010101110110011110111011010101110
1000110000101101011000000100101101011011
1111001010110001100111110100000101110100
0000010010100111011000101111100001011100
0111010110000111010110100000011110100010
1010000111001000100111101000110000010011
1110100100000000000001111011100001011000
1110111111010000000011111011110110010011
0000011111001000100111100000011111001111
1001100000011011001100101001001111110000
0011011000001011110110110110110100011001
1111011010000000110001100110111010001111
1100101100000111100110111000001100000010
0100101011110100010000110110111100011101
0110111000000001100011001001010001100111
1100101010011001010110101000110001001100
1001011001011000000000010000101001110111
0101001110101010110110100100111000010000
0010010101001001101001000011101110011011
0100110011010011000001010000000100110100
1011100011100010100010111010010010011101
1110101010010010101111001111101000100011
1110111101100000000000000110101100010010
1011110000100011011100000011110010001010
0000100111000100101110100110110001001010
0010101110000101010110000010101111110110
0010001001101010110001011010010101000110
1101100100000000111101100000101000111010
0100000001111100011111101110101100001010
1100001001100001000001001101000101110000
0110110011100100011011011010010101101000
1110111001101010100111001110100010110001
1100101001110011110101110010011110100111
0011011001000110001101000011011001000100
1011010001001011000011111100110111011100
0001110011010110010011001111001110101010
0100011001001101000110101001101001111011
1010101110011111111001101010011001110000
0000100111011101110110000001111011000100
0010110110100111001011011010010100011011
0100100101111001110111110111000011110000
1000101000010110010101000101100101100111
1111011101100011111001100101000001011111
0111110001001000101111001111010011001010
1000010011101000100111011011111110110010
1000000100000101110000100110100000111000
0100011011010101000111100101110001000111
1000110100010011010100001001110000100011
1011011011101111001000010001111110110010
1101000001000111010010011100001110000001
1111010100100001101010011011111110000000
1101001010111100010010110001010011000111
0000011110011111111111100000011111101001
0100010101101001110111101000011111101110
0001111101010010111011001101000101000100
0001101110011001011101000011110000111000
0010101001010010101001011011010010100101
0010010101001010010111101000100001100001
1111010011111110011100001111110001001110
0010001110011101111011110101011111100100
0011001000111100100000111101110100111001
1100000000100100000110001000110101001100
1001000000101111101110001100111111011100
0010011000001100110111000000001011101111
1111010110011111011001111000100110110011
0100010100001111111110001010010010101001
0111000111100011110000010000100110000010
0001011001101111111001101111111010111011
1000001101001001001011011101111101100011
1011110000001001110000011011010001101101
0100111110000010111001110101111001011001
0110010010101000001111011100100010110011
0001001110101001100010001001011011011110
0111111010110010100111000100000111101011
1110111101000110111000011100101000101011
0001001110000100111000100100001010000010
0100110100001001001010110010101101011100
1100001110000010110101100010110001100101
0111000011000111101110011101100101110000
1111101111010101000001111011111010011011
0010001111101011010011011100100011010011
0100011000000110110010011001000110011010
0010101011110101010100001010111101010101
0100010001111010100011110001100101111001
0110111100001001010000010000111011010101
0100101001101010110011011001111111001001
0101101100000100000101101000111101011000
0001111100110001001011111110100010000110
1101101001001110011111011011100100001000
0000011011011010111111011010110101001100
0000111010000110000110100001101111111010
1001010101110001000101111010011101011100
1010000000010001000111010101110011111111
0110101111111001001000001011001110101110
0000101000101101111110101101001110101101
0101110010101100000100110011010000001110
1100110100011010010011000011010100100100
0001011100011011010000101101000101011001
0000001000110100110011010000101010111000
1100001110001110011011100011001110101011
0111000000111001100110101101111100110010
0101100100010000100011011000001001111010
1101110001110100001110011000000101011000
1010010101000001110110101011000010011111
1010010101000001111000101001001101111111
0001101101010101000001110111101100111100
1011000001000001101001001100110110101001
0100010000011001101100010110011011001000
1100111010110010100110001110101101100100
1001100011111111111011111001100110111101
0011110111101001100010110001010110011011
0110011100011000011000011000100100110000
1001010011100110111000010101011110010010
1111011000101010110001001001010110100101
1110101001100001000111011000101000101111
1110110010110100011000100000010110000000
1011000110011110100011100010111111011110
0110010111011111001101010110101110111111
0100000111010101011011011101011000011001
0000100100101001111011111000000000001100
1101111010011111111010000000001011110100
1010011101111101000100000010010010010111
1101000110001001101110010111101110000111
0010100011011101010000001011111011110000
1100011100100101111110010100111111110011
0101001010110010001100100010000100011100
1011001000110010100111011001100111001111
0101001000000101010010111010010101101111
1101010100000111101100011101001010000001
0101110011010111001110011100001000001001
1010010111111011000101110110101110111101
0011010101100010011111101010101001110011
1001011000010100100110011001111011101011
1111101001011110001010001001000101110111
0011001000010000001000010110010110101110
1110110111101010001000000011010110111111
1100101111101001100011111101010010000100
0101110000010000011011001000010111100101
1111010101110101100101010000000100000100
1001110101010001011001011000100000010001
1111011100101110111000101101101011001011
0111001110001011110110110011100110110110
0111101010100001101101011001001110101101
1011110111101011001101110011100000111101
1000110111100111000110110001001111101100
0101100010101000001110000001110010001010
1100001001101100111001111010000101001011
1011111001100111100000001001001000000001
0100000000110001100110011000110110000100
1100011100111011011100111001110001101010
0000000001001010000001001100111010111010
0111001110000100100011111001011111101100
1110010000000000001111010010101000010111
1110001100110111110000000001101000000000
0000011100100000100101110101110011000111
0101010001000000010110000110110000000011
0010100111001000111110000000101110000100
0100101110001111101001100110100011100011
1100110010111101100111011010000111110011
1101011110111000101110000100111111111010
0010101110000000101101110010011010100011
1011110010101001011011101100000000111001
0001111000011001110111010110000111111000
0001010010001000101010101101000001110010
0110100011001111001000010100010100111000
1110101010101101010000011101101011011010
1001111001101001110100100100111001001100
1000111110100011110000001100110010000001
0100010000100110111110000001010110000100
0110000110110101110011000101010100100111
0100011011110101100100010100011001101000
0011000010001010110110100000100110101100
1000001101101100011100110001110111001010
0001000101100010001000111010001000010010
1110010100111110100101000101000001000010
1110000010001001100101100000110101100110
0000100010011101011000000001000001011110
0010101010000010000100111011110100100001
1000110101111110011100010011011111011011
1100111110101101111010110010010000101011
0000111010000011101000000100101110111110
1110000110100011000110011000110110111111
1101010010100100001110110001001000100110
0111101111101101110101011111111111001111
1000000100001100011000100100010110000011
0001101010101101011011101100100110011110
1111011110110001100100000101010100110110
1111111100000010101010000001010000010011
1011010111101011011001000111010000010101
0111011000100100110101000101111001001001
1101001101101111011001011100100010101011
0010010110011000011100111011010010101010
0000100010100111011011111101110010111001
1100011100011100001100001001000000000101
0000100110000001011010111110100101100110
0010101101100101111010110101111000000111
1101110111110101110101110101001111001010
0001110011111000010010100100101011110100
1010111001000100010101110100010011101111
0111101010001000000001110011110011001011
1111010111000110100111100111000110010000
1000100011010110011111010101100110010111
1010101101000100111100010000011010011101
0100000011101111000001100010010110110100
1001010011110110101001101110010101101011
1011111110001010001010010010001001001001
1000010001011001001001011011111001111001
1110101000111100001000101101010110011010
1000001001000001001011111100111100100000
1111000001000000011000101110101010011111
1101011100101011011001001001010111011010
0000110000000010111000111010101110110101
0001000010000110001001010000001010010010
0101011011100001100110101101111111001100
0111101011011110001101111111111111000011
0001001000111010101000100101100101100110
0111001000100101001001011000101011001011
0101001101001001001011101000100100111000
0010011000010001100101101000101011111110
1001010001111010111011001001101000001011
0000001000010011000011101000111011010011
0110000110101000100110010011110000001000
1000011111101101000100001111111011100111
0101011110100011001010001111000001111010
1110110011000000011111101110101111010101
0000110110000001001010111010110100110011
1001100001001011001011010011001001101001
1101110100000101010111010010011000010110
0101101110000010001010001110111000001100
0100101001010000101001011010000111101000
1101011100111001110000110001100001011010
1001101010001110000100111010001001010110
1010011101101100101011100100001110110001
0000101111101000010111001101010111001110
0100010010010111011001011010100000110001
0010000100011100011011010101010101111011
1001001111001001011111010101000000001110
1111101010100011110101100010011101101100
1001011011010111100010011100000000100001
1000010011110010111101100100101010010110
0011100001000110010010101110110101000100
1001100110101001101111001110000110010101
0101110100111100000000110111000000110101
0011011101011000100100110101000101111011
0110000111100010010001011010100111100000
0110010100000101001001110001001110001101
1011100100101100010001100110100011000101
1111000001110110000011100110001110011101
1101110110000110011001010111110101101011
1111010000101010010100101000010011111001
0001000000001001100100010111010011010100
0011000100110110010001100001001111011000
0000001010100001100001000000010000011010
0111000110110101110010001111000000110010
1110000000110001000101100000100010111111
1001000111101000001110110011010010110001
0011100000101000011110100001100100110100
0100101110000001111100000110100110010000
1001111101001110000011100001110011111111
1111000111001111101001010100011010011001
1111001101000110010100110011110011111100
0110000010111000000010001001011101111001
0110000010010011000110011100001001110101
0101111011001001111000111101111011101111
0011111001100011000110001001000101010010
1010110010000111111101111111000000011101
0001111011011011011001011011000010100000
1101110001101111110111101010001101110010
1100010101010000111010000111111010011000
0011110001100010010101110000000111111110
0100101111010110100011100111111001101110
0111010011101111100001000111101101100010
1000001101010101111100101100000101110011
0000000100010011101001100011001000011011
1000111011001101101101110110110111010111
0110010111010110000111000101101101010100
1011100100100101010011101011100011101011
1110101111011001001001101101111101110110
1101111001100111100100010100001011001110
1001000011101101011011111010101110111000
1101111101100110011111101110110001000000
1010000001010000110110100011110111101101
0001011111000011100100101000100111011101
1110101101101100100000001110011110100110
1110101110010011010011110100111101100100
1100110110110000001011101000111010110011
1110110111001111000111011011000100111111
0011001000110100100001111100100111110010
1110110111100000011001011000101010111000
1011111110001000110001000011001101011000
1110011110000010001100110101000001000001
1000110000001011001011111010010101111000
0110010101110111011010011000101010111000
0111111100110110010011100000000101100101
0010100110100001111001110001111011101101
1111100010010010100100001011111100111100
0110001101000110111111100111111101000101
0110010111010010100000110110000101101101
1110010111010010011110100101110101011111
1011100010010101100001010100110011111000
0101000101101000110000001001000010101110
0101101011110011011010001100001100010010
1011000111101111011111010110110110111011
0100000011101011110000100110011110100000
1111111000010100101111100111101101011000
0111111101011111000110110000011000111011
1101110100011101010000011111010111001110
0110001010110000111101010111110101111100
1010010111100111010101100110011011000011
0100000011000110111101001110010000110110
0011011011010001010100001110100001001010
1100111000000000101101110010011000011011
0101100010111110111100100000100111101111
1111100110011101011110110111101110000010
1110101000001011011100110001110001001110
0000001011111001001001001101001010010100
0110001011101010011001101011010110010100
0010000101010110010011101110001001110010
0110011110011100000111111100011000111011
0010011101111000110111001011011001011001
1001001001101011010001100111000011011110
0111100010011010111001011011001100110101
1110101011010101011101111110011001101000
0000001001100110001000001111010100011100
0101011111101011011111110101100011111010
1010010010011001011101100111110001110110
1100010011001100001100101111111101110110
1010100010100110010000101101100100010010
1011011011011100011110011000011000011111
1000111111101110000001110011101011000100
0100000011110001011000100100001001001001
1010110111000000100111010110011101101000
0000111101011101001111010111110100010100
0000000011011111101110110010001100101101
0110100111000100101000011110000100110111
0011111001000111010111100011110101011001
0011110010111001011101000101111101111011
0101010000101100001110010101101101001111
0111100011111110101001000001001110011000
1101000110111010000010110110001000010000
0101001101001111011101101000100000101000
1110000001010011010000110001011100000101
0010111011000101111100000010101000011010
0100100101101011110100111111010011100010
1100110100110000101101011110001001101101
0000101001011001011110000101100010101111
0101011000001101011100100110011001111101
1110010100001100110111111111100110001001
0101101000100110000010000100100100100100
0000011111100101100000010011110010010011
1101000011100010011011011000001010100111
1011111101101000101001000101100010111001
0010010000010010010010101001001110001100
1011011100101011101111111100110111100101
1010100110100101101110010111100001110110
1000100101010111111001001001000010111001
0111011110100010011111000000000110111100
1110010100000111010101110000110101001111
1110010011111011000110010000011001111101
0110100000001001100111010000110110101111
1000101101000111111111101010000111000010
0001100011110100110101101101100111100000
1001100011001111011000011100101011101111
0110110100110101101001111001000000110111
1011001110010100100101111110100010000010
1100100000011000010100011101001010100111
1110101000001010100010001110111001100010
1111011101110100000110011110010001111111
1010110100000101111101001011000010100000
1111000000001100100000000100011101101011
0011001001010010011111010010111000110011
0010111110110111100001010001100110110011
1001000001111111000001011101000010101101
1010011010000101101000001111011001000010
0001101001101110100110111001001110000001
1100000010101011011100011011010100101101
0101010010100100101000000100111011000000
0001100101001101001110110010010010011111
1011001111000110010000011100101000011000
1011111110010000110010000010110111000011
0101111011111100001001101000100111111111
1111001011101110111010011110000011000101
1100011100000100111000111010001101011111
0011011101000000111110101001001011011001
1110011110101110010111011100111100101010
1001101110011100001100001100001111011110
0100111110011101111100001001110011111101
0101000100110011110001000110011110000100
1001100101111010001111001011111011001100
1100011011010101110100110100011101101111
0110100011001111101110010100001010011001
1000000110010110010010011111111101111000
0110111111011111001011000011001110010000
0010000010010100001100001010100111111110
0110100001001101001010001101001111001011
0101001011000011000001111001101000011111
0010100011111100111001010110000001000011
0011000101001101010011001111001101011010
0100110101101101100101010101110000010010
0101111100110011010100111010000100101111
1100011111110001110011000010101000100000
1111100111111111111111111010111000111111
0001001110111110001110110111110101000110
0010001100011110010101010001111101010010
1001011101100100000101001100111011000101
0111010101011011111110010110011001001000
0101110010100111100010111110010011010101
1000111010010010110000001000110100011000
1110110110000100010100111000101111101011
1110110010100110101001000101100001110101
1000010101101111101110010000100111011000
0010110110011111111011001110001001111111
1100010000001111101010100001110011010101
1001001001011101111100010101110000100100
0101111010111110101111010000010010010110
0011011011101011100101010010101000010011
0111001111101110000001111110010000011011
1100000010010101110100010111011111100111
0011111011011010000111000011000000111110
0100101011110000000001101110110101100101
1111001101110110010000100100101001011000
1000110000000010001011001001000110111011
0010001110101011100001011100111110010000
1010001000111001100111000100010111010110
1110000100001100011010100011100001100001
1110011110000000000110001101111010101110
0011110101111101110001010011101110010101
0101101101001000011001001011011110001010
1000000001000011011011001000011010001010
1110011111100010101010100110000010111111
1101000000101101101100100011110110001001
1010010100001101011011100100111101101110
0100110100111100101000011011011111010100
1000011010010011011101111001110000000011
0000111010100101100011010010011011000111
0001111010010110101001110101010011100000
1001001001000010000110011001101111110011
0100111111010110110110000111000000010000
0001010001101001001111101100111011110001
0011000010101001101100100011111001101101
0011010001101101011000110101110111010010
1110011011101000011001001000011010101000
0010100000100101010010101000001101101000
0110101011100010001010111011100100110001
1110111100011100101000010010101011000101
0000111100111100111001111000110011111000
1110111100110011000010111110010001011111
0111011100011010010101000001001101000011
0100010100101110010101010000010101011000
1000010000110011110100111111111000011111
0011010011011011011001100111000000010101
0001000000100110110101110011101100100011
1110100000110010001000110001001010011111
0001100110001110101111001000000110101011
1011010101011101010011011000101010110110
0101100001111101000011011011001000111010
1010100010010000000111010101101010000000
0011100100111101001001110111100000111110
1011001100101000111010000100010001110011
1110111000111100001100110100100001000110
0111000010010011010001101101100100100010
1100010101010100110001100100011110101010
0100111100000110100110101110001101011010
1111001000111111100100010001000011010011
1011011010111000110101000101010010100001
0011000000010010100010111110111010100000
0011111011010011010011001110011011111011
1010011001101001000100100101011111110111
0111011100011101011101101100101101010110
0100111011111101110010011110010110100100
0101010111111111010110011010010010111011
0100110101010011100101001001110100111010
0101101010010011111000001111101101000001
0110111100000111001011010110011100100100
1000001000010011100100110110000010011100
0100110100000110101010001011110010101101
1010101010001100000110101111001101010101
1000001000010100011111110011100010101101
0011111111110111110001100110000111000111
1000010111100111110111001011111111101100
1110110001000001100010110010100010000000
1011010110101101100100001100100010000110
0110010010001011010010000010011110101010
0111010101011011101110110001101110111011
1000010001001110001001000101101110110010
0000110100111101000011001000111101110100
1010000001101101100110010001101100110011
0011000110110010010010111100011001001100
1101110000100100111101011101100101101100
0100000101101111000100001010100010010011
1001100011001110100000101111111111001101
1011011101110111110001011110110001110001
0001100000010110101000111101001011110110
1000101110011100001110110110011000100100
1011001001010101000111110011100100000101
0010010011011101111101010100111110100110
0111111111001000011010001000111110100101
0100000010101110000011100110001111001110
0101011011101100000000100000001110011100
0111110000001111111110111111011010011100
0101110011000011101111000110100001010010
0101001101110011101101110111111010101111
0100100100101100111000101100010100111100
1000011010111011101011001000110110011110
0001100011100001000000000100101001000101
0001001101000111011101111001101010011100
1101011001100100100000110011101000010000
1001111001100011011111000111001011100111
1111011010100101110001101101000101101001
1101110100110010001011100110011010011111
1111001111001110000111100011010011010000
1000100010011101011011000111010001111000
1000110011101000001100011100101011111010
0110000101010100010010001010110101010001
0000100011101110101100011010111111010100
1000110011000100001011101100001010011001
0010100010100011001011001001000100010111
1010100110001110010001000001100110111000
1001100000110100001101101001110000011110
0101011111100010000010010111100111100011
1001000000110001110100001000100001111101
0101101110100010111011011000110000100110
0000111111111110001100100111011100100101
0101110001100110110010010011011110110111
1000001101101110010100010001001000000101
1110011100111101010011111001110000001100
1111000110100010111101101100100000111011
0000010010000000001000100111010000000110
0110100011101111110001010001001111000100
0010011011111101100111011101110110010001
1101010011101101110100100011111110001000
1001110111000100111101011111011001001000
0100110010110001000010100110001100000101
1010100100010001110000010011000111010101
0101010010110100111100000000111111010000
0100001110101100111101100111101011111001
1110111110001010110000101101001011100011
0111101110110000000010100011101010010110
1101111111001000001111101100001100111001
0100001100100110110100111111001111010101
1100010101010100111111110000100001110111
0010110010100100011101110101010000011011
0011100100111101000001101101101111111111
1110110100110111010101010100000101100110
1100110000100010111010011100010111101101
1010011010010011100000111001111010011110
1011101110000101111001000010000100011011
1000011101001100011010101011000000000010
1001110111001100011101001111110001011110
0111100111110001000111011111010010101100
0000110100110001000111011111100110100111
0010011000101011011100110000011011101111
0100111111100010101110001110101001001100
1000000110111110110010010010110110110111
0011001111101000011011110111000001001110
1001010111011101100101110101101011110100
0011000111000011111111111011110010001101
1110001101101001101100001001110010110100
0010000101110101010000001101110110000010
1010111001101100011111101011101100101111
1010100001001101100010111100001100000101
0010111000010111100100010110000101101110
0100011001111000010001010110110010010011
0101001000000010000111111000110111000101
1011001010100100100001000010010110101010
1100000001011110101111110000101110000011
0001111011000000000010110010100010110010
1110001011010110010100000010101011100011
1010111001111100001000001001101000001011
1100011001111011001000101010111101101100
0010010010100111110000101100100011101001
1100110111111001010000011010001110000011
1101111111001001010010111001101110110110
1111101101100110111100101111101110100011
1010110111011001111000010001011110000001
0100101101001110110011110010110110001100
0110101010010010010000111101101110101010
1100011000011100100100001101011101011111
0000101101011001111000000010111000101101
0000101101001000111110111110000001110101
1011111110000000011000000110101101111111
1011101010101101010010100111010101110000
1100110001111111010110001011101111010101
0011011000001100011100011100100100110111
0100000000000111010110000001000111010000
0001000000111001101110101111001001001111
0011100010111010110000000001101000001000
0111011100110111011111011101011000110110
1001010100100001010000110111000100101010
0010101110110111101000011101100010010001
1001101001011000110001011101001001000110
1001101011110010010111111110000000110101
1111100010110011001001011010101101110010
0111100010001111111011100101101110011111
0001010101001000011110000100110101100011
1110000100110010101111110001100001010110
0100111101110100100101100010111101111011
1111001000100010011011000101111101011001
1001101011101000110001111101101111001111
1101000111100111111011110100011100101111
1110000101100010011011100100101111010011
0111000111010111100101101011110111100001
1101111111111101000010001110110100110011
0111001011011110110111111110101111110001
1110110100110001000101001000000010100010
1100101111010001011011010010111001101001
0000101111101000100101010011011101000101
1110001101100100111010110000100001111111
1110001110100110001011101111000110100101
1110100110010011001011011011110011110101
0101011111011110111000001001111110111010
1010100010001011010111100111110101100111
0000001101100011000000111010001001000001
1011101110010001101000111100011111100001
0011010000110000101100011101110000100010
0001010101000000110110010001000000001011
1001001010100101111100100100101111001010
0011000101111000001111001010010000110111
1011111111101000001010110010010101100101
0110110011101111010101000100110011001011
0011100010010100111001010001101010111100
1001110110101110010010100110000010011001
1100100010100001101010110011100010011110
1001111000001011111110100011001111011000
1111011011110001100000100001110111111100
0011011100010001110111101110100010000000
1001101011010011111111001001100101100110
1100000000100111110101110010110001000001
0001010011111001000110100100001001010011
0111001001011001110101010110001010100001
0100110011011010111011000111000001101111
1111110110110110011101111101011100001001
1011000111001110011101111110010001000010
0010010010010101000100100110100111111011
1011110000001111101110100101101011111100
0001010110010010110010011111011011010110
1001101001010011111110011101001101110111
0000010010101011100000101010101000101111
1101101001000000110100110111100010011110
1001010110110010010111111011000010111111
0001000001001001011101000011010100001010
0000111100000011101110110000011010100100
0101111010110100101000101001100011010000
0100010111011010101110101010110110011110
0110011101100000101101101100111001000010
0010100011111001110100011110111111111111
1010100111100011100110010100010010010000
0111000110100111111010011100100000000101
1001110100111101100111110111000111111010
1101111011101110111000001010011011110110
0000010110101111101001011011111110001011
0010000100100001011110010110010101011101
1111001011110111010100010101100000000111
1001111100101010010110101111001100011111
1100010100010110110000101001010100011001
1010000001110011111010011001000101001001
0000001110010100101011110111101011010011
0000010110000011111110011000001011110111
1100000011100001001110000011000100011110
0101111011101101111100101010011100100011
1111001111111000101010111000110011000111
0010111110111101000010011110001100011111
1011100011101010011111011110011100111001
0010100101000111100111000111100010111011
1100000101001101111101000101000101001010
0101101111100011110111110001000011100001
1000110011110110110110000000101111011111
1011010100100011111010000101010111100010
1001010000101011101111100100010111110000
1001000001011101110111000011010101001010
0000001000110110101110110001100011100001
0100101101101101001101011100010101001100
1100010000010110100001101101110100111100
0101110110010010010110100101110111011010
0111111011000010011100110101101001100100
0110000111011001000110101110111010101000
1101011110000100100100111110011101010101
0101111010110100000010000011111100010000
0110001101111110110001001101001011011110
0111110011111111010110101100010101101110
1100000110001101111010011100100000100001
0010001100111100100101000100101111000101
1001110100011100110011011010110110110111
0000010111110010101010001101101010011001
1100100000110100110110100111001001111011
1011000110101100100011010110011111011010
1100001011110111001100100011001111001111
0110001000001011010001110010011100000001
1111011011110111111011101101011111011010
0101010111101110100000101011101011011010
0001110111100011100111111111111111100011
1000110011010011011000000011111111110011
0100011001101110100100011001111001011111
1001011000110010011001000010000001110111
0001010101010111110000110010101010011011
1110001100100000001010100010110101001110
0001111100001101010111010011001011010001
0111001100110010110110011001110000011110
1001000001001110100011100011011100010011
0000011101111011001101110001001000101001
0110000010010010011011110011001001100110
0101011000101100100100100111101001000100
0100101110111111111001001101111111111000
0101100111010110111111110010000001100001
0101100100010011101100010001001111100110
1101011011111101100111111001100110110001
0010000001000001111111111010101100100000
0110001000100001000100010000011111011000
0001010010110000010010100010011100110111
0000111110010001001110111111011001011110
0000001100000000110011011001100111101111
1011010010100010111010110010011011001001
0010011111100011001111111011000000011111
0101110011011111000111011001111100100101
1001110110111111011010010000010101010001
0000100110000001110011011111000110100010
0010110111100001010100110110001111110111
0010111111111100010001100110010100101101
0011111101111111001111101000101111011010
0100011010000011001001101011101010100110
1000111000110011001011111100010101000111
0111100000110101111011111010000000101110
0000100000010011000000100011001000001101
0000011100000100010000101011001110111010
0101110000001011111100110101011010101101
0101100001011101011000100101100110001110
0110111000001000010001110110010010000010
1010111000111100101000110111010010100100
0011000000110000110101111000010011011101
0000011100011010010001000000111001000010
1010101111011111100101011011101100110110
1111100010111000000000001111100010000010
1011110000110110111100000101110010010100
1111000111011000000110011111010001111110
1101011001001100010110011001010110001000
0100100000001010001000011010101101111000
1101111111001100001111011110001110111010
0001111101100011111111110000100111101101
1000010000100000111010010110010001101111
0100110010111000010111011101111010111010
0100001110011110100000000000110001100001
0001110100101001101000010100101010110101
0010111111000010001010001111011110100001
0010000100000001000110001011111101111101
0001110111100111110011111010111010101001
0011111010010101001111010111100000110001
0010111111111100001000101101011000110001
0010011110111101100110101110010101111101
0110110100110110010111010110111010100011
1110110000011101111100001010111011110000
0010100000001110100010001001010000001001
1010111001100101111001010001110010001000
0101111011000101111001110111010100000001
1101101111100100110000101000111000010000
1111001111110110011101100100001010011100
1111101010011100101101110101000111111101
1110110110100001110001010111001000100101
0001100100101000010101001100000011100100
1110101100000011001011000010100000110100
0111000100101000100101111110110101001010
1110100110101110101101001011000111001001
1111100110101110001010010010110011011010
1100000110010010000010110000100100011011
0101000100111100011001010110101100000011
1111000111011001101000011111001000011110
0011101000111111001000010101100111001011
1010101101001100100110000001010000111111
1110111000011100001011001110111101110110
1100110010000101010100001110011011010111
0000000101111011110110110101000110011101
1000110111011001001011001001101111100001
1000000100111000011100110010111101101100
0000110101110011011011111110010000111100
0010110000000011101100000000011001000011
0100111010010100110100110100110000100011
0110010001101100011001101000111001101010
1000011001011000101111100011010001001011
0010100010000001001100110001010101111000
0000001100101010101110000011010010011100
0001001000100011111101100110010101100111
1010001101101101010010001000110100001011
1101110101011011100101011101111011100011
1110100100100110000111001111010110110100
0000010011001111000000110111110100111110
0000001101001111100001101001110100110001
0011010111001011001101111111101110100011
1101001100000010011000011011000110000100
0101011000110010100000001000001011000101
1111101111001011010100010001000010011110
0001001101001011111100011010010101000111
1001010001101110000111001010110111101110
0001001000101010001000101001100011101100
0110011100101110011100110011010101000000
1010101010011011110000000010111101001010
1111010100011000110001001011011011101000
0001100101101100110000000111000111001100
1010001100100101010000101101110110010000
1000000101011011110000101010101110100001
0111111100111000100010010101010001001110
0001010001010101000110000111010000111011
0110010011110011011001011110101011001001
0000011111110001010011000001100001011000
0111000000001001000101110000100010000100
0101001100101101001001000101001010000111
0110110110100011000111010011101101100011
1000110100110011101110101101111001001011
0100000100010100000101010001011100000001
1110100010101101000000111100100010011110
1010101110101001100011111011010111000101
0100101100110001110011101111011101011110
0111011001000110011000001111111111011001
1111101000101101010001001100001001101001
1011001111110000011100001010111000100110
0101110110101101000010001111110111011111
0100111000011010110001000010010001011111
0110100011000110010111010010001011101011
0111100011111011100001001001100001101001
1011100100001101000000111010100001101101
1000011110000001001111000101010101100011
1000001001101110010100010111101101101000
1011111101001010111111000000110111111011
0000101000001110010111010110100101010100
0111011111111110011101010100110100100011
0110111101001100000000001101100011100011
0101101001111000010001011101111010111111
1110101101111101000000000000001101000010
0101101100100110010110111010101001110110
1101001110001011101001110000101000011000
0001101010001101111110000110011110110010
0010011011101011110011000001010110000000
0110110101000000000001101110000111010000
1011101101110111000110100101010111000110
1101111100110101000001011111100011110001
0111110111110100111101000110000110011100
1001100101011111101110011011011010110011
0101011010110110111001001011010111110000
0001111000101011101110010011000100100001
1011001110010100101101010111111100101010
1110101101110000000111110100000001000100
0001111101110111111010010001001011010000
0110011000011100111111011101110011100000
0111000000110001110001001000001010100100
1000011110010011010011101011111010101101
1001010100100101101100101001010100010000
1110101001111011100011110100001110101110
0001100101010000000001111110010001001000
1111000110101101101010000110011101111010
1111010111010010100011000110101110101100
0010100010011110101011011011100111101101
0010010100001110001011100010111001101000
0001010100110101001111100101110111110100
1000000100101110110111000011100100110111
0111001010001100010001010111001100101011
0010100001000011100000011101011111011010
0001000001001010000101000000110011110111
0011100001001101111101100111110010010101
0100001010100111101010001110101101100010
0010000001000000101101011111011110011100
0100010000110000110100111101101010110111
0000100110000101011010000000101101100101
1111111110001101100111111000010101101101
0100011000010000101100100010110101001111
1111111010100000110010010100101101100110
0111000110011110101101111010001000100011
1100111000100110001111101100010111010011
0001010000111110010010111010000100011000
0100101001001010000100011101011010101110
0101001101110001000101100010010011011000
1100100111110111111000101010011011101011
0000100010011011010110101110111101100010
1110011000110011110101010000111011101111
1100101010001111101101111110001001101010
0110101111000000111010000101101101101001
0100001011010100011100111110101010000010
1110101000100011010111000011110001000011
0010010101001000000011011100100111110011
0111111000110111101000011100001100011000
1111110110101000111000011111011010010001
0101111011110111101111110100011111011110
0101110100101010100100011100001001100011
0000001011010010101110101111000101011001
1100101000011100101010010110001010010011
1011101010111100000110000000101101110110
1010100001111111100011111001001001000101
1011100011000000000111011100101001000000
0011100101111110101111000001111111110100
0101010111100101011100110000010100010111
0000111111001111100011001010011000101111
0101101000001011101000111110001010000110
1100110000111110110011010111111011000000
1110001110001011001111111100000110001001
0100000011000111011101010110111110111011
1110110110111101100110101111110010111010
1001100011001110010110010011011100000011
0001000010010001010010000111111011000100
1000111100101010000100111101010100110011
1011100101001111011111110010110111101011
0001001100001111110001011101110111001011
1000110000111011010110010011010100001000
0010110000110111110110001111100010000001
1110101111011111110100110111000010111000
1010010011011110001111100110100001011110
0100100101010001101100000000111111100000
0101110110011010101001000101011000011101
1101111111111101100100111111101110110110
0100011011001001001100000110100111111101
1101101001011110101100111011000001101100
1000110100000000101110010001001000011111
1011110001110100001101111010101111000001
0010001001000110010110110000000011001001
0011011011010111111101011000011011011111
0111111011000110001111011111011111001111
0011100100111000111000011011011111010111
1111000010001100100100011111001011010101
1101101001001000111001001101000100001011
0110111010011011101110001100010111111111
1111110111011010101101100011100001000110
1010001010010010011100010100111111000111
1100001100101001010101010110110000110111
0100110000000010010101010001110011010001
1100001000100110000011111011001000010100
1000110100111000010010010010110110011110
1001111001001011111010101111110010011011
0110111100111101000110110010000110101011
0101001001110000000001000000100010011111
0011001000110011100111001010001010010101
1000111011010101001011000000001010100000
0001111010011110001000101100010101111011
0000110101011001000101010000000011110001
0001010001111011001011100001011011000111
0011111111111001100000001101111100000000
0100110101110011001101111110101100110111
1110101110010101110111110100000010100011
0101000101111000110010110100010010111111
1011101001111001001111011100101101100110
1111010011000011010111110001010101010110
0000000000110011101010010101100010101000
1100110000010100000000011011000011100011
1001101110100001110000110111010010100010
1100001010111101000100000110101011100000
1011101010111111101001110110111011001011
0110000101110000110001111011110001110110
0110110110010101101110101000000111100010
1010110001000011101001001010101110100001
0011110111111111100101000101001001110000
0001101110111001000000000111011010111111
1100101101000111010011101100011110011101
1100001110000000000110100100000100111001
0110011100010010001100110011001000000001
1001111000011011110000100001011110010000
0001100011001111100000001101110101011001
0001000000011110000101100110111000001110
1111101101000111001110101111110100101011
1101100110100111011100111110010001010011
0111011101011111010101011000010101100010
0000001100010001001101001000110111111111
0100001011100110001001101010010001000010
0111000101001111000100011101101011001101
0010111111100000111010110111001000001110
0001111010110111010111100011111010001101
1101111000110000110001101000101110000111
1110011001001010001101100101000011100101
1101100011100100101011110100000110010111
1100011100101110010100001000001000000101
0001110000111101010000101110010000110011
0111001101001001011110010110010010110001
0011010010100001001111000101111110110001
1101000111111000111001000111001111000011
1111111000100001110110000011101001011110
1001100011110101111011110011011101111111
1101011001100111100000101000111101010111
0100110100010100000000001100000001010010
0100111101111011100000110111011000010110
1110110111100110011101011011111011001010
0110010111100111111010111110110111001010
0011000100011101110000000101001100000101
0111100111100111110010001001000011111111
0100110101010001111100000000101000100101
1101001001001110111101100010101010010011
0001100101111110110001011111010101111110
1010000010111100011110000101111111111010
0110111001001101101110111100000010001101
1110111010011111101010111110100000011000
1000001100011110100101111000110101000001
1110110111111011000010010110101011000101
1000110011000101011001111101001110101111
1001010010100000110110001001111111101011
1111101000100001111111100101111011011100
0001110010100101100010101001000001101111
1010110100111011001001000011110101100011
0111101010100011000101011001110000110001
1111000101101101011101011010000101011011
0101101110011001110011111101101110101111
1000010100101000110011000101101011100011
0100100100011100110111011001000100001101
0010010011100110100001000001001010110000
1110101101100001101101011010001001010111
0000010001101100100001000001100111111001
0010010001111001101000110100010010110000
1110100101110101010110111000101011001011
0111010111011011110111111110111110101101
0100000011101000000000111111110101101011
0000110100101111001101000001001100010101
0101101101000110101010000111111011000011
1000011011100110000111100010011001001010
0011100010110100011010000110011010001011
0000010101110111111100101101100110000011
1101100011000110111001000110011000011001
0100111110000100101011000010111111110100
1000110100101101000110011100011110000111
1111011101000110001101101011101001010010
0000101000010101010010001110010000110111
0011110110101001001011000011100011101110
1101001011000001000111101011111110000001
0100110011110000100110000001010110000010
1111100110001000011110110011101101111010
0000110001001100001001111001110001011011
1010000010110011000000000001011001111111
0001101010100111000100111101001011111101
1010010100110111000101011101001110101101
0101111010010010011110011100010001010100
0110011110001001110101000011001010111010
0011010100011010011000101100101111111000
1001110111011110100100001100011011010110
1001101011010000010000010010100100100110
1111100100101011011011111101001110111001
0000011001001010011001111100000011111011
0000010111101111000110010110011101110101
1110001001110111000010100000011000001100
0100111000010011000111000001100000001110
1111000011010011111101101110011110010001
1110010010000001110010010010101110101111
1001110111000000000001000100000110110100
1011011100011101101011010000101000000010
1011100101111100110111000111010111111001
1101001001110100001000100110001111111001
0100110101000011001001111101010010100111
1100100010111011110110010100011101100001
1111001010111100101010001111010001111001
1101111010100111110110010101111000011001
1000111101100100100101011101000101110011
0010011101010011111001010111110111101111
0001001011011110100100110010011100111011
1111000011101100100100000110011100000011
1111001111010100001110010101001001010100
0111000111111110011010001100101010001101
1111011110111011100010010000111101011000
1111011101111001011110100101100001010101
1000101100100001010000110011111001110100
1010111101001010000001100111011011101000
1100000011100010010110110011001000010100
1011000111000011010101111000101100101100
1010111101010100101000100001011101011101
0000010010101111100101010000001011110010
0101011111110100010011101111001011100110
0110001110001000011001001001100110001010
0110110100001101011110101011110101011101
1001111011010000011001011100010110100111
0000010000100011010101110001111110010010
1101110101011100010001101000011100110111
1110101100011011111111010010100110101111
0011111101101110000110101100000000111111
1011111010101010000110011100001010011100
0111001001110110101100000011011100101010
1110111001001110110101001001110010100110
1101110001011010111001001011011111011010
1111010110000111110101101111010100010000
0110000110101100111101001001111001100111
1100010010110000100001010011111101110101
1101000101100001000001110100001100110010
1100001010001011111111110011111001001111
0010001010001101001001011110011100001110
1011000111001111100111010000010100111001
1100111010110111110010000110110111101101
1011000010110011101101110110000111100011
0101100111100100110111010001010110100100
1110110100110111110001001000000100000111
0110111000001111001011010100101001001100
1110001100111011101011111001000101110010
0001011100001011101110011001101011101110
1110001000110111001010010000111001001111
1000010101000100011001110001010110001100
0100011110110010100101001101011010111101
1010011000010110101101110100010011010110
1110000111000101011111100001100100101110
1100100010111011010000011110001100000001
0000011011110011010111100010100001000001
0101100111011010001110000111001111111001
0001111111101001101111010100011001111010
1001101110010010011011111101100101011100
1000100000000001110011011110001001010000
1100000011010111001000100100100011101001
1011000100001110010110110000001100110010
0100101010000010001101101111100101101001
0110010110010000010000111110001000100000
1011000100101100001011010001101011010111
0011100010011011111110111110010100100101
1001100011000110001110010101100100001010
0111100110000000111111101111101111011110
1100000111000000111001000010100010110100
0001010110101000110001101111011111000100
1100111111111001010000001101001000011001
0100111111010101010010011001111010101011
1001010000100100100100100011101111010011
1011001011110110111111110010110001101011
1111011111100111011010010000100010010101
0010100100011111001110000110010010000111
0101110110011000101110001000111101010101
0011100000001010111111100011111111000111
1100111111010010110111101010111010101101
0101110001111000101100100000101011011000
1101110001010110100101111010000111010011
0110111100101100100111101110000001001111
0011110110001111001100010110101101111100
0010001110000001100101101010100110111101
1101010000111001100001001011110000010110
1100101011110110000100101001010000111011
0110000110010001110100100100101000100011
0011100110000100000110000110100000011001
0011001111111100100111001001001110100100
1011001110000000111111000101010010111101
0100101101000001100101100110100111101110
1111111011110110111000001000001010001000
1011110011111100110001100100000001011111
1010010101001000110111001101110111011101
0001011100000011101001010000100000111000
1011001101101110011011111001000100010010
1011111010111100011111010001101000100100
0011010101011110010000011110010011101000
1110110010111000100001110000010110110100
0001100101110011010000111000110011000100
0110100101010000000001001101010111111000
1110110001110010111100010101100110011010
0001011110100111101011000111010110100010
1110100100001101000100101001111010010111
0000100110011110100111010000111110001111
0110111000001011110011111001001001110111
0001000111110011110001011011001000001010
0001010100001110000101000000010000101000
1110011000001011101110000100010001001100
1101111001100110110000100100010000100011
1100110100000111100010101110100001001101
1101010111110101100110011100110100101010
0011010010110100011011110110010000010101
0110011111010010000100101001101101001000
1100101001110101000001101000111000000011
1000111111110000000110101001010101110011
0111110100111010110101000110011011110010
1011010101101011001010001111100011011110
0010110000011010110010001110001000000111
1011110010110100100111110111001101100011
0101111011110010000011001100010001000001
1101000010011111111001001000111110110000
0000111011100010101111110000001100010011
1011000001101110101100100000100001111110
0011001101000110101011000011100010001111
0101101101001000011111001000010100101001
0011100101000110011110101000100111001010
0001011001100101010100000010001111101011
0110101000011111100111100101111111000000
1010111100110011010110100100010010001101
0101000010001111001110101010111011001000
0101111000011111100001000100010100001000
1001000111011101011111101100101110110000
1001010011011001110011000011011010011101
0001111110010101101010000010011000000011
1101110111000001001110100000100110111110
1111110000110100100001111110111001111110
1100100100001001001101011001011101100000
1101110100011011011010101110100011101110
0101110110100101010111001001100101001101
1011110011010011100010010100001101100111
0110011001010111001100100010101010110110
0101111011111001101111111100000101101010
0111101110011111100110010100100101011001
0011001110101100100101001101010110111110
0111000001011110100010110010001001010100
0000000101110101001001011010100010101110
0111011000000101000011011101100011100011
1010010100100000100000001100101001111010
0001100011001001100101111011010101100101
1101001001100100001101001001101000000100
1101011101011011111101101101010100001100
0001100011110011011010010100100001101101
0011100010110110000100110101010110101110
0101111101100001010001111011000000100101
0111010110010010000001010001000110010011
0111011011000101111110110100110001000100
0010110000000110110111111110000111001111
1111011000111000110111111110100010010110
1101010010011001111111110011001110001000
0011110110011111101110010010011000101110
0111011110000011011111000101000001111010
0111110001010000110011010001000011101001
0001101011100001110010011000010101010100
1100110000111011010001101110011010101111
0111110001011011010100110001110011100110
1110011110100011100010000111111101100010
1111000110011110001001000011100010100100
1110111100001001011000000110100110101111
0010001011111011101110000011001000100001
0111100101000010010011100010100111100000
0001010110100101100001111010110010101100
0010110000001001110100011000001100110000
1100000010001111001110101101011100100111
1011000000011100100011110101110111111110
0000101001011010011111100111100111010001
1101100110001010110111110000000010100011
0010001111110101100010010110011001100101
1001011001001111110101110111101000101010
1111001000010010110010111111110001111011
0000010110101010010001110001110001010100
1111011001100011011100010000110111000110
1010000100101001011001000001010001110001
1011001100001111001111101111110001000010
0010110001011110011011000110011010011000
1101001101110110101001101101111000101010
0100001110101001001010010101010011001100
1111100000101001101111001110111001000011
0110011101101100100110001110100011000101
1101100110010111110110101001001110000111
0110111001010000111000110110110001110110
0111111111100100001010000011111001010101
0100101111011110010100111010010001011001
1110001011111100010001001111010110001110
1010011100000101110001000111010111100000
0110011011000110101110100010011111011100
0000100000011010111000111100100011001111
0011101000111110111000011010010101000100
1101001101001111110100110110110010010111
1010010111110010011010011100111100101000
1011110001111010010111010111111100100000
0001110100010000110100100101111011100100
0110100110111101001110010101011001001001
1100001010110001101011011100000111100010
0000010101111001110101111110111101101000
1100101110100010100100101000000011101011
1001001101100001000111001001001010000001
1001011011100000000000000111000111000000
1100100100101101010110011010100010110100
1101111110100111110110000000100110001111
1011011110101100000101101011101010000000
1101101010011101010001000111100001100001
0110010111111011111111100100101101011011
1011111010001100000100011000000111000110
1011000111011000101010100001010110010111
1100011010011101001001010011000100111101
1011110110100001110101011110100011010011
0110110111111110100011000100011010000100
0000101010110100001010100000011101100111
1011111111001100111001100010100001100110
0001010101011000100110111101110101001001
1001011010000100111100110000110011010101
0000010110000100010100100111011011111111
0110000011101001001101000101011101001110
0011111001111000010100111000110000111001
0110011000000110110000100101000001000010
0110001100011011101111011100100111101101
1000011010101001000111101100101001111000
1011000011110110011001010100101100011111
0000011100010100010010110011111110110000
0101000111010101100101101110001101110011
1001111001001110111101010010011101000010
0010001111010011011011100001011011110001
1010100110101100110100011000010010000000
0100101001000111101111110010101111110000
1000111000101111010110110011000011010101
0101010001011010111111001000000110111010
0100110010101010010000011110000110000110
1000111101101000110110111101011101010110
0111100000101100011011100110010000001000
1000010110111000110111110001111110010111
1100100000000111011010011111000110011000
0010000011110011101000111011000001111011
0111101001011100010101100011111000010111
1100101100110111011101000101001011000001
0010101101001001111101001111001001101011
1100110000111110000100010001010110011111
0111100001110100101100111000111101001000
1111010011101011010101010101010101110110
0000010111100000001000011001111000110010
0001001101011001110111101100000000100111
1101010001101001010100101011010111000011
0010011101111100111010111111100100011100
0001110000111111111101101000110101011001
0001100010001100001000011111101110000011
0110111010111010001111101110001001001001
0110100001111111111010000010011101001110
1111101000000011110111101101111111111000
1110111111111000000101100000100001011001
0110011111100010001000010100110100000111
1010011111100010000110001011010010100100
1101101000001000001101111010110010011100
1101011001000010010011101101001110010010
0110111110110110011011100001111010011101
0111010011000111100110111000011001111101
0000111011100010000011111110011100111011
0011111110110000011110101000000111101010
0110001110001101100110110110110010001101
1101100111001111010010010011110111000101
0111011000010010100000011001001100100000
1000001000100011010000010100001100011011
1000101111101110101110101101010100111101
1001011011110000101110010001011011110100
1111001110110100100011101111110011111100
1001101001111010101101100111111110110100
1010000101011110000110011000100010001001
1101100101100011110001110111010110001101
0010001001000100000000111000110011101110
1110011100110101110010010000111110101100
0011011001001101001110111011000000010000
0001000010111001101000000110010001101101
1011010000000110110110110111010111110111
0010100111111011001100001000001010000111
1010011000011100010011110111011110010101
0101110101001000101001111010111001110011
1001100111001111111101001110100100010100
1100111111101110111101011111011111000110
1010101111011000000011110111110110010111
0010000001001110101101100011000011111010
0000110101111110000110100100101001010000
0000100011010101101111001011100011110001
1101110111100111101100000010101111110110
0111001000001010011001000011100011101110
0001101010100001100101000000001011001010
0100000001000010100010001100110011100111
0101101010110101011011011001000000010110
0111110100100111010011010010010111001100
0100001110100001011001011011000010000100
1110001001000100010111011001110101111010
1000001101111100001000010000111000001000
1100111101101011010110110110100110110101
0011111100000000101011101101011101110110
1011111000011010010110111011111100000001
1100010111111010011110101010010111010111
1100011000010100011111101100010110000110
1011110111000010101111100011010001010110
1110101101000001101001001100111001101010
0001010001111101111101011110111110100001
0011100011100001010000110110111011010010
1101101010000010001110101011011001011100
0001101101101000000101000001010101101010
0100101101001110000111011001110000110110
1001011111010100100011001100111111101001
0110110001101101100110110010010000111110
1011010110010010100110101111101000110000
1001010111010010100000101100100011000010
0010000100010110101110010000011111100001
1101101100011100101001011100001100000011
1111000000011100101010110111000011100111
1000011001001000100111111110110111110100
0110001001001101001111010110111001000110
0011000001000000000000011011001101000011
0011100010001111101111010001100011011101
0011000000111101100001001110000100110011
1011000110000011010001011000011111001011
1110010011111111010101101001010101001110
1100111101100010111100101000101101010100
1110000011111011011100011111110110010001
1111001010100111110000111101110101011001
1011101011001101100111001000011011011111
1101011110100101000011010110101000000100
0110000100011010011111011000101010011101
0111101000111100100010000101110100100101
1010001111110101100001111110110001011100
0100011000001111000011110111110010010010
0011010110000010111010000110110110001011
0101100111101011001110000110111110100100
1011001100100111110100011110110100100000
1001000100011001000011001111010011111011
0111110011110101001001001101011001001011
0010010101010100100001010000100000011011
0011101011010000010010011110011000000111
0110000000000100110011000010011010010001
1001000000010000101100101011010011100101
1110001011110110111010110111110000111000
1010100001111001101011110001010010011011
1101110001010010110100000100100110101101
1101110111101111101011010001010101011000
0011111100101001000011111100111000110010
1100111001000110100000110100000100001110
1100000100000101101101100011110101100100
1110001100111101011011000011010010011101
0010100100111000011010110100000011100011
0001101101101000101101010010110110100010
0001111010011110011110101001001010000111
0000100000001101111011011100000011100001
0001001100111111110110100000000101101111
0111011101010111101100011100000001011010
0010000100001100011111010010100111111001
1111001110001100001101110111000110001110
0100100101111100110101011111001001010011
1110111111000110110101011000110011110101
1000010101101110101000011011010011001100
0110011100001000010101111010011101001001
1101100100001100000101101100111100110000
0111001001011111011000110011001101101110
0010001001000011011011011001111000101011
1001110001000010101010100111101110111011
1010100111000100001010010100011111011010
1000101110000101011011111111000111101011
0100111001101001001010000111111010100110
1011111010110110100010011001000100010111
0001010100011011101110100101110110010100
0001000011110001110101011011101100110011
0010011001111010101000101000110010000010
1101100100101101101101001010011110100010
1110100100001111001111111000100110110010
1000011011110001111110111011011001100101
0110001010111100100100011110100100110100
1111100110000011111000001010100000001010
0111111010000101001001101000110001000101
0010011101011110101100110100011101110100
0111000101101001010111101100000000111011
0101111000010011011100100111101010111100
0000010011000000011001011011111100101101
1010100001000000000010010111000010000000
1000010010000110011101101110100001111010
1111010010011011010100000011001100010001
0110011111100100010011010011010011000111
0100011000111010000101001000001111100011
1110100110001001100111000000101010100011
1110001111010011000100100110100010111111
1010110010101010101010000101110000010011
1101001000011001011000110111100101001110
0011001100011101100101001110111101000000
0000001011110001110111111010110011011011
0010010011011101001011110000110001100101
1010101110111011000000101000111110010000
1011001100001101000110111111001101001000
1011011010011111110000000011000110001001
0000101101001101011111000000000100010000
1111101111111100111001010010100100111110
1010100000011100100010010101101101101011
0001111000010000000010010011101000101001
0001000111110010100011110111011010010000
1001000011011111010011000100101011111101
0101011111110001010001110011110001010111
1011001001101001011101100001110110000000
1000010010000100110100001000100110011001
1111001000110111111111010001111111110101
0100011111110000110011111111111000011011
1010111101001000111011001011111100010010
0001001001110101110101111000110001101010
1100101101111011010101011000000110100110
0010110001011011000001010011110001100110
0000111011101101100111011000000001011110
0100010011010111110110011010100110101110
1011011010000010111001111100101111011111
1100011110100111101110101001100101010110
0001001101001000011111100000001101011000
0000010100011000100100111010101010010110
0000011100000000010000010110111100111111
0001000111001000010001001100110011010100
1101011111000101110101111000001011111001
1001010001101000111010111101100011100011
0100101100011011100000100010010101011101
0111001011110100100001001110001101011010
1011101010100110110110000000110001011001
0110111001101111100000110011000010101100
0000101101001111000111100101101110000001
0001100010100110110010111010001100011100
0101010000100111101110001101110000110110
1011101101110000111101001000100011010110
0110111011010001000101110000000000100100
1011011101101101001000111011001101101111
1001000001001000110001011111001000101010
0111111111001011100100111110011000001000
1000011001100011000101110111100000100111
0001001100100001011011010001001010001011
1111001111111101111011100011111000001100
0011001100111010010101010000111111111100
1001111111110100010000100110001100010010
0101001001010110001000101001010010010101
1000110000000101010001110011100100001011
1010011110111110111110011000001111001110
0000111110000101000111100011100110000110
0011000010001011100101001001110111111001
0000001000011010110001110101101100011010
1000001010100001000000010110001100010011
1101011101111000111000111000000100111101
1011001100111000010010010010001000001010
1001101101011101101110110010101001010001
1100001100010001001001110101111100101000
0100100000111101101001011101111000101010
1000101001111001100000111111100011111001
0111100010001100101100111101100010011111
0101010000111000000110001110001001001111
0110100110000001001110111100100011011100
0010010100011111101111011001100101001111
0100010011100110111110111011101101011110
1010010101001010101101000010100010110101
0001001100000100110011100111010100010001
1010010110110111100010010010001001010110
0111100001000010010001110001001110001010
1100101010000011100011011110111100010100
1101110101000110110011000111101001101111
0111001100100111001101101110100100010101
1111010110100100110111010011011111101001
1011100100100110100010101001110001001000
0110100110100010100001110011110010100010
0011100011011001000000100111010100101001
0111011101001100000111110010100010101110
1110111111111000010101101111100100000010
0110011101010110010000010110001111101111
0000000001100101101010101110101101101110
0000001110010101101010001100110001100101
1101001011111010010001001110100001101000
0111001001001101001111110010000111011110
0111100110001101110010001110100100100111
0100111001111111001010010100111001111101
1011011100111001000110011001001001010100
1111100001000100111010101101100010101100
0000111000110010110110010101101010100111
0110001111010011001010001101001110111110
0011101011110100011001000100001010010111
0110010100100000010011100101011000111011
1100000111100010110010100010001011001111
1111010000000011010110101100100011010110
0010110100111101101101000010010010110101
0101010011010000110100010101111000100001
0000001001100110101110001101111101101101
1000100100101000001011001101011100110011
0111100110100001110100011101111001100111
0010011111011110011100111010101100100011
0010010100101101111010000111000110110101
1000000000010001001010101111011010000101
1001100101100111011010100011010011111111
1001011110101000101010111001100111011001
0001100001001010111100110010011111110010
1001010110100111111011010001110010010110
0111001111111111111010011001010101001010
1000001010100111101110000000100011011010
0011011101010010101111100010110100011100
1000000111100011101001001011101011010110
0101010101010010101010110010010100110110
0111111001100100010000010111110101011110
0101101011110010010010111100010010111100
0001001000011010100000000110000001101001
1000100111000100001110110010011001011101
1101101000010100110000000000001011011000
1110011001011111110001101101000001111011
1100011101000000101110001100110000110100
0110000100011100111010100010001110001000
0100010110101110110101110010011000001110
1100110010001001011110011010000111110001
0001010001011111110001001110101001100100
1110110001001100101110000011100010110111
0010111110000010010101000001001010101011
0111001100100001111010001010001010010101
0100100010010111010100111001110111011000
1010111110001100110010001101110111010001
1101111100000011101111111010010100010111
1011101011110001100011100110000111110001
1000111011001000101011011100011111100010
1111110110011011001011001011000100011111
1011101100111010101011010101010001100010
0011100100000011001110010010110001100000
1111111010111010011110000110100110110100
0010001100111100100011101000011000101001
1010001000011010010011110011011110000111
0011110001010010111110111000000010100110
0111011100110100111111111101111001011000
0010111111100000001100111101100011001111
1010111111111101111010111101110111011101
1100101101001101010101100000000101011110
0001101101010101101001011010000011110011
1001011101000110110111110001011000111101
0001000100000011011001111000100111100110
1100000101011100000101111001001010011110
1010111111111101100000110000001000100101
1111110000111111110010111110000010110111
1101110010011000111000111010001010110010
0001011110010111010001001110001111100111
0001110011100011100110011001101110010101
0111111111000101111110100101000101101000
1000001101011011010110001001001100101110
1100110111110011011000001101111001001000
1001011010110111100110001001111010001101
0000010110101001111000011110001100011000
0001111000011010101001001001001011001110
0110100011101101010010010111011101000101
1110010011110111010001001011011101000011
1000011001110111101011011010101110110111
1011001101101011101111010110100111101001
0011000011011000111101011100000000101001
0011010110000111011010111011110110111111
0001100000011100110100001011111100101011
0111001010100111001011001000010010111001
1110010101001100101101000101000110100110
0111011110000101111011110100110001010000
1101101100011001101001010100001000001011
0001011110101011111011011110101001100000
1101010111011100000011100011011100101110
0110101111000111011101001011011001110101
0100110000010101101001011010111100101110
1101100011111000000000101100010000001100
0001110011001000010011010111011110111100
1101011100110001000001111111110111111110
1011011110010000000110000010110001100101
0111001110111100000110101110001001011111
1010100100110011100110011001010111110111
0001001010111010101111000000110010100111
1000011010101111001101100110000011111011
0111100011111111000011001101100111100000
0101011011101000101001010000111010000000
0111001010001101011110100110101000010000
1001110000010011100111010100110000111000
0011011101001010011000011011101011110110
1111001010111000100010111100011101011101
0001001010111111011110110001111010011010
0110011011101011100111110111011110110010
0110001001000111010110010000111100000100
1101011000101101101000101001111000101111
0011101101110010110011010100010110011111
0110000111100011011111110010011101000001
0111001101011101101100101101000110011011
0110100101010101100111101110000001100000
0010110010000110101011100000110010011110
0001110010001010101001010101010010111000
0001010110100000010111100101010111000011
1010111010111000001111101010001100101010
0111010010100000111111100101011101011000
0011000010000101000101011110010000001010
0110110111011100110000110010111000101100
0110111001111111101100010010110100111001
1000111101100111000110110101110111011110
1111111101100001100101110000100101101001
