40 2047
0100101010000001111010001110001100001101
0001110101011110110110010101001000000001
1111001100111100000010000111101111000000
0011101101100111010101111100000011001011
0100011011000001010110010010011100101111
0110101011011100111011111001100100000000
1011101110110100001101110100011000111111
0001111101011101111100010100110001000011
1100011111111100101010000010111001011001
1100011100110110000000110010111100101100
0101011111011001011111100101101101011110
1101100101000011111001110001000101100011
0111010111011111001000101101001101101101
1010001100000010001001011010011100010011
0110101011000110101100111111010001101011
0001110101010010011111110000010011101010
1001001011100100000111110001000011010010
1100100011001110100101010010110011110100
1110011000110010010000001101111110001011
1110011100000101001101010101111101110000
1100100111010111110010100001110110101001
0001101000010110110110111100100110100010
0101110100011110110100010011101011001110
1111101001101011101111011101110011111110
1010111111000001010100000111010111010010
0000000101111100010011101000000000001001
1101100110000010010010010101001111001011
1110000100011000101010001101111100011010
0011100110010110101000100111111111010000
0000011100010110010000000001010010111011
0011001010111001001100101100001111011101
1101101001011100101010010001010001110100
0110100001101011111011110100111101000100
1101011110110000100111010010110101011100
0001001111101100101011101001001010010110
0000111111100111100001011100001110001010
1100011110110011110010111001000110100001
1000010011001111010101110001111000101111
0101101000011110110011010110101101010100
0001000001011110111100110101101111111001
0001101010000110100101010000100010101011
0011001010101001000011011000110010011110
0011110010000101000110000100100100110111
1001001011111111001111000100110111111011
1000111001001101011000011011000010110101
1000110011011100010000001110001010000011
0010010110010011111000011111010111111000
1111110110101111110011011011100101100001
0101111111011010011010000000101111011110
0111000111000110010011000101111111101100
0100011011001000011000001001001011111010
0001100111111111001011101011000000010101
1100111100100001111000001101000111001111
1000000011111010010000011111001110110111
0010100111001110011010101100010110011011
0101111001100101000110110110111101000001
1100101110000001000001010010111100001110
1110000101110000110101011110111110010011
0000000000000000010100010010100100110010
0111100000011000111111111001110011111100
0101111110111111001100010011100010110110
1000011100101010011011010110100010011001
0111010001101011101111001111001111101000
1100101001111101000001110111100110100010
0010010111011100100101110110001001111011
0101010100111100011110011100100101101101
0001000001001101101000001110011111001111
0110100100000000101011000110010011010111
1010101001010001110000111111010111110101
1010111110101001011111001001101100100100
1101101100110010101101010011100010100010
1010111010010100111010010001110111111001
0010111100000100001000110000001011000110
1111011111000011011010000100000100111111
1101100010000110100010100010011010000101
1001000100111001011100001100001101011001
1101110010001100101010001000100000010010
1011100101011101101000111010010111001011
1111100111100010101100010101000011000110
1000100011110100111101001110111000111000
1010000110100010110001011111010111011100
1011000100001000110100011001100001100011
0101101000110001100011101111111001000100
0000010110000011101100001100101011000100
0000100101110111001011001111111001011000
0010011111100010100110001110001110101111
0000011101101101110111000110111100111011
0111110000101111111010111010101100101100
0101100110111110110110110110010010101100
1010000111100100011111111001111010011111
1011000010110111111101110001000011111110
1011010000100101001110101101100001110101
1100011111100101000011110111111101101000
1110110011101011001111001000011111011010
1101100100010001110000110110111001000101
1000100110011100001100111000001011101000
0100110000001110111111100111000110001110
1001111011100001011000101110111111100111
0111100101001000110001001111010101011001
1111010000101000110001001110111101101011
0000110110011110111000101100111000100101
0010000011000011111001100011110111010111
0111000100110110110101111100001001101000
1010010001111101000000110111110100000000
0010000011000100000001110000110011011010
0010001100111111000000010110000111101001
0101100110111110101101111001000001100110
0110111010111101010111001110001001101101
0001111110100010001110110101001111001010
1011011100100100001111111101010110100100
0000110011000000110000000100000001001111
1111101110011000111110101001111011111101
0000100001001100100000111111111000100101
1010100111110001101111111011100011110111
1010101011011000100110011001111011110001
0000110010010001000010100001001110010111
0100110100101001000111100100010000001111
1000010011010110101110100100001110110100
0011101001110100010010111001010110000000
0101110001011111001111111111100111100000
1001001110001101111010101111101101010111
1011000100011000011001100011100110000110
0001011101000100111001011110110010111101
0101010000011000100101101100000100111100
0110111110000101001111000101000011111101
1010100000110110000110010101001100011111
1111001101101111100011101101110010111010
0000100100111001101110010111110111011010
1110110011111101001111101010111110010111
1011010011110111011000000001110001111110
1110000000101110000101100000101001100101
1101000110010110101001101100000010000100
1101101110110101101011110110001111110100
0000100100101101010000110011001101101001
0100011100001001111101100101001001111001
1100110000001100010001010111111101001110
1100001110000101001111110011010000100001
0001000011001110110111111110101011101111
0110011111110110000110100101110011111001
0110000110111111001010101101100011101010
1000111010010001001111010100011110110010
0110011110111001111011111011010011111001
0110001110000101010111101101101010111001
0010010001101101101000111110000100111000
0001011100111111001011000001101111011000
1111100001110101111101100010111011001100
0111101011010101111110111001100011010101
1110110011111000000101101101111111011000
1000000000101001110011111101011000001101
0001001111101001011010000000101101100101
0010111010000101111001100111000001010110
1110111101110000001011110010011100000110
1110111101011110101111011000110010011010
0000110101011110101000000110011101100110
1110111100101000010111100001001110110001
0101111110110100101001100110111100100010
0111101001101011000101000100001110001100
0010111101110110011001010111110111010011
1101111111100000111101111110100110011111
1101000111111011111000100111100111101001
0100110011110001001110100100110100010000
0101000100010010101010010110011000011001
1011000101101111011001101101010100011001
0010101110101000010000110001100011100010
0100000011011110110111010011110110000001
1000111101110011110111000111110111010000
0000111100010111010111010110111110111110
0001101110100100111100100001000010010011
0110000010111111101001101001110011111010
1110010101000001101001101111101110010100
0011101000001101000101100100101011100111
0010101010110101001101101101001011100100
0111010100001011111011101111011000101111
1000000011111000001011001010001011100101
0010000101000010001101001001010001110010
1000100001100101111001101111010001010111
0011011011010010011110111111110101101101
0101001000101101101011001101111101110101
1001100001110100000101101110101111100000
0000101010001011001100011111001111111000
1100101101101111110110011010110011011100
0001111100110001100111000000011000100011
0101110101010001000100101001010101010001
1110001001001001011000000111001111011010
1100111001010001000101010001000001011000
1010001010001011101001111100100001110010
0000010010000010001100101001101110110000
1111100110010111111100000101110011010101
0000110111010100111010110111000010001001
0111000001010001010000110011110101001011
0101111101101110110101010010100000111011
1001110000010010001000001001100110110100
0111110100110100010001010011100100001000
1001110011010011100000111010001010111001
1001000110010111000001100011001110110011
1011111110101110011111110110010101010001
0010011100100001111000001011111100111001
1011101101011101111110100001010111111000
0110101110001010111101011011100010000110
1100000000111001100011000010110100011111
1111000001010100011100100010101100111110
1111100100101101111111010000010010110100
0101000010001011101100010001011100111001
1010000001100101100100010001011000101000
1000101110101000101000110010100001010001
1001011101001111110101001001101011101001
1111011000010110111110101111011100001001
0110101111110001011000011000000100101011
0111001101110011001101100000100110111011
1101001011110010110110111101101111001010
1101000110011010110111100000000100111000
1000000000101000010101110111100010100100
1011010010101110001100100101110010001011
1101000100011100100110001110010111000100
0010001100010001111101010011000000010110
1111000111110101000101010010111111011100
1101001100000111011000111010110110000111
0000010111011001011111100001110100010010
0011011011001111111110011011000101111101
0111100110010011010100100000000111111101
0001110101110001000011011001110000110011
1100000111010010111110100001010110010001
0011011011010000100010011000100111010100
0100001101100000001111101101011001001101
0101010111111011100011000100100000011011
0110011001011000101110100110100001000010
1000110011111001011010011111000001000001
0110100100011111011011010000000100011101
1101110110100101110110100101110101100100
0001111111001101010100001101111001100110
0001000101111011101110101000100101110100
1010011000011010010100011000010111011011
0000001000000001101100101001010001000011
1010111010100001010010100111000110000110
1011010101100010000110000010010110010101
1110011011100100111110000011111110011100
1010110100110101101000010000111000111000
0010001111111111101100100010101100001110
1110110001000111101010110000110000000111
0100010001000110100110010110101000100111
1111010011111010010111011000110111011110
0000010001110000101001101111010111000101
0001000110110000100000111101011110010101
0010000101110111110001001001101100101001
1000010111111111001010001010110101001101
1001010101000000011101001001001110111001
0011010010101000001111000110000101101101
1000000101010111101011000101000101111011
0110101001111001100010000001001010101010
1101111001101110001101010010010111011010
1011110101111010011000111110111011001000
0010110101010001011100110001010010000001
0010000001001110000101110001011011110100
1001100010001010111110000101011111001001
0010110001111100011111101010110011001110
1000010000010100010001001111000010110111
0000001000010001110101000001101100101110
0110100100000100111111111111010111111000
1110011000100110101110011111001101001001
0111101111111010010011100001011011010100
1111011110001101111111011100010111101010
0100100001011000101100111110011000110101
0001101100010010000000010000110001111111
0001011110110100011110000010010001010111
1111000100001100111110100010101100111011
0101001110110101001101000101000101010000
0011001101101101100010011011011100001111
1110111101000001000101000000111010011000
1011001011110010000100101000001100100100
0011100001110011100101111000100000101101
0111011111001111111110100010111001101111
1100100101101010010100001011101000110101
0011010111001110000111100110011101110011
1011110000010010101011011000000101000100
0110001000001001101000000011111110110110
1001000001110000110111001010000101000000
1111101111001101011111111000110101001001
0001111001100001011111110101010001000101
1101101100111010010110001100101100100111
1000010011111100011000111100100101010011
0101100000111001000010101000110110011000
0101010101110100000110111110110001010111
1100100110101010011111011011001011010010
1101110101010010101010111000010001110100
1000000011001010010001100011011111100110
1010110001111111110001001111101110000000
0010111001110100000000100011001111001010
1101010111111000010101100001000010110111
0100001100100110100100111011001001100100
0111010010011110001001001001110101101110
0001100010111001001010100110001000101000
1000101010101111000011101100000111110111
0011011010111010001100011111001111010100
1100100110001111110011000000010000101001
0101110010011101011000101010001101111001
0111100000100101111110000100100000001000
0001011011011001011001100010011000101100
1101111011110000000111010011010101001010
1011001110001101011001010100000101111101
1000000011101000001110101001011110001111
0110010101111101011110110001110010011110
1111011011001011100101000000010010100101
1110010110001100100101000011110001110110
1010111001100010010011111001010101001101
0111000001011001110001101110001000101001
0110111001000010111000101110010111010101
0000011000101100000111000100000110001001
0010100000100100001110001111011101110010
0011100011111111011111000001011001101001
1000100010110101110100111101011110110011
1001011001010111111011111000001100100011
1110100011101000010001011000101100101110
1010111001010000000111100111101101100010
1011101000111101101101010101000011111010
0111011010101011100000011101101000100001
1111110011011101101000000101000101110101
0011011011000110000000101011010100100101
1101111001011101110100101001101011111100
0100000010110001101101011100101101100001
0101010000101011101100111100011101110101
1001100100111101111111001101011110101100
1110101111011101000011001110011101010111
0001001001001000101010111010110100011110
1101010000100010101111010110111010011110
0000101000110111010110010100000111100011
0111111111101100001110101100101000101000
1001110111100010010110110100010000100111
0001010001111100010100110100010000111111
0001101111001010100100111110111111011010
1110001111110101110110001110110000101100
1011000000011100000000011110111100011110
1011111111000001101111001110110001101101
0111101110110101111000110101111111111110
1110100011010000100001110111100100011000
1100010010000001110011101110001010111100
1101010111010100010110001101010000111010
0010110011000011101111010010010010111111
0010011111111010001101111000011100101101
0101111101010011100100000001011000100111
1101101011000000111010111101010011101100
0100010010100011101110001000100100001100
0010010010011101001011110001110011110001
1000101011001100101011010111010001101100
1010100011000101010101000000111010111011
0011110000110001010110000010010110011110
1000101000011001010100011001110000001011
0101000010111001011101000100100111011111
0111001000101001001111111010011101011110
0101111111101001011011110011011001101010
0001100001010010010101001100011010000000
0110100010111000000111101001100001000001
0000001011110011010011110111100110100000
0010001010000101001111110101110110110011
0001110110101100011110110011111000010110
1011011010101111011111110101110111101100
0101001011000101101110101000000010110111
0111111000011010111100110010111000011110
1011110001100011001111011011011000101011
0001100100110000111010001100100101001011
1101110011010100011101110111001100110010
0110110000101110011011011100001101001100
0011110001101000011100111110101011100101
0011100000110010001110101110001010001011
1011100110101111010010001110000000010010
0110100110111000110011101100001110111011
0011011000101110001000110011111011100010
0110100011011110111101010110001111110001
1111010110101110011101101111111110110110
0100101000111110100101111010001001010100
0001100111100001110110111000001110110010
1011101110010100111100010111111011110100
1101001011001000010111010001101001011000
0010010000101011110011101110101110010100
0011100000010010101111100010011111000011
0011011100001100000011101001000010100010
1010101101010000110001000110110010000000
1101000011001111000000110100101000100111
1111110010011101101101011001010011100001
1111000100011001011101011111111011101000
0001010101110101001100000000000101110100
0111000001011110100100110101101001010001
1100000110111010010010101110100000111100
0001011010111011010111100010100000000000
0100110110010011101001100001001110001101
0000011101010110011001100000000110000111
1010001010000111001110010110011101101010
0100011101111011000111001010111011010011
1000101011110100101010100100000000101011
1001000111011100011111010011110101010011
0110100110011100001100101001101001000000
0101000101100001000101111010110101001110
1110000000001111100011011001011001100001
0110010101101110111001010010010100100110
0000101001011101110010000001101001010100
1100000101111011110101011001001000001110
1001111010110001010010110011110110011011
1100101100000010011110010010111111010010
0000100010010011110000000010010000000001
1011000100100000100110000010111011100011
0110010001101000001011100011010110111000
1100111110111001011101010111010011101110
1111110100000100010100011001110110100000
0011010000010010010110010000110100001100
0001000001111100111101101100001010001010
1001100110110001101011011000010011001011
0001000111100111001010000111011110001100
0000011010001101110000010001110010111101
1011101000011100110010011000010111010001
0101001001001011010101101110011111101111
1110010000010110011000111011011001110101
0101011011111000100010000100011110011101
1100010010101100000110111001001000010011
1111101110010100101110010100001110010101
0001011110110001011100001011010111011011
1110101111011000011000000111110010001100
0000100000111010011111010000111110111001
0011111111101101111100111011011000000100
0010000000010011110010001111010100001110
0000111011101111110011110111111100001000
0100100111101100101111110011111011101100
1010010011000000100101111011000000101101
0001011100101101010011111000100101011111
0000110111010001001101111000100011100000
1101000010111011111110001101100011100100
0001100100110100111110101100011101011110
1010100101101010010110100100010111000111
0001110100001001011011000001001110011110
0100110110011110000011100111111001001011
1111000110001000111101101110100100011110
0001110000011010110111100111011001111001
0100100010011010010000110101000100111010
0000001011110100110100110111000101101100
1110011110101100111010000001101110110000
1111101010001110000001111000011010100111
0001001011101010101111000000110101101001
0101011010010101111101010001111101011101
1110011011110111111110000110000100011010
1011111101000001001011111011011110011011
0001101011110001110100000010101010011100
0101011110000001111011101011010011001111
1011000000110110101011100100000101101010
1000100110111111100010001111111100001110
1101000110111100101101001000101111000101
0001011111110010000101101100100101010011
0110110110010111010111111101001101010000
1110000000010101110100000010111111000100
1010011111111100000100100101101000100110
0110011110010010011101101001010111010110
0110110101011110010010110000100101110110
1110011000101011011100100010110111111111
0100010000100000010010001011101111110011
1011100000010010000100110001100010100001
1010011111111010010110110101000001110000
1011010101100110011111100011000110010011
0111111001101110010000100111110100000001
0110110000001110101101110010111011000011
0101111111010111001111000111100111111101
1001100110001010111101001100110010011000
1110011000000000110011001000100010001111
1010001100110111001000011100011111011100
1111111010001101100001000100101100110101
1000111101100111011000010111001111010110
0100001110000111010110111110000011011111
0100110000101101101010100001011111010100
0000111110010010110001100111110001001001
0000000110101110101110010000111011111000
0001110111110110101000111000101010101111
1011000000011010100010010111110001110000
0111100111111010011101001100101110101100
1011111000110010101011001001001000001100
0000111111011001001110001010010001011011
0100100000010110101100110101101001001011
1001101010000101101001100011001101110101
0111100111001001011111100101101001110010
1100010100000001000101011100010101101111
1010111001111011101111100010111101000010
1010001100010110010110000000100011101010
1000110110011111110100111001111011101001
0010011011101010011100100111110011001101
1110010011100101010001101101011011101101
0100101011101101000011011011101111000101
1100011010110111101100000010101001111001
1010000001101110111111010100010001001001
1001010001101100100100010111001111110001
0010100100000000101100111111111110100000
1111101011110111111100100010000101100111
1011100000000110011100111001111001011100
0111110011010101111100010000110010001100
1000000000110011001010110110001010001101
0111000011111100000001010110011010001111
1100010000111010111100001010101011100001
0011110100110000101011011001011110001001
0110101001101111001000011000001000011000
1010000011111011111000000001101010001010
0100101110110000010111100000101100000011
0100011001010111100000110110010001110111
1100100001011010100110101110101000001000
0011111100010001101111110110010100110100
1011110010000101011111010001000100111111
1000111110011100101111100011101001111011
1001001101010001000000111010111111111011
0100110111010011101000110001111101111101
0100101110110100010000001011111001010011
1011111100100010100101110010100110110101
1101010100110001010111100101011010110110
1111010101101110110110110001100001100000
1100111101101100011000010110000111011011
1101001000101110010000110000000000110111
0111110101100111111100100111001011110000
0100001001000001000010111110110101111100
1010110101110001110111111110110010101111
1001011100001010110010011001111111110001
1100111100101110000011111010110000010010
1011011000010111011000001001010000011001
1011100000011110011100011010111001000100
1110101100000110000000000100101101001010
1100010000101100010000000111011111011100
1011001101100001110011101111101101110011
1111010011011010011101001110000100011100
0101110110101000110011100100100111011001
1100001010100111100010011001110111011001
0011001101000011101100100000010100111000
0010010011000101111011110001011011010010
0000011011011100100101111010101101101010
1010010101100100101110011110000100101001
1111110101000110100111000011011100011101
1000110001000000111011100010011111011101
1110111011101001000101101010110101011111
1111001101011100001101011111110101110111
0110110111110110111100000100010000100111
0010111101110100100101101011011111000111
0001000000101000000100101111010001100000
0011101011000001000111011010101011100110
0110110011000111010110000101010110101111
1111001000000011110100001010110011000000
1000010011101101110011101010100000010010
0111111010011011100101110110111011111011
1101010000000001001101011111000111001011
0110110011011010100000111011011101100011
0110001001000101001011011000011011010111
0001100000110011100010001100100111011101
0001000100010010101011000111111011100000
1000110111010001100001101101000010011110
1000011011011000011001010111001010111011
1000011010001010010111101010000001111011
1110101100010100001110001110110011001111
1000101011110000100011100111101111111000
1100111111111011000001100001111001101011
0011000000000110100001100010010011011110
1111101010000011110011010010011000011111
0001001100111000010101010010111000000111
1110100000101101010000100010011111100110
0010111101110110101010010101001101001001
0000111110011101011111110100010010101110
1001111010100110101111100111100110010011
1101010011000011100100000100110010100100
0100111110000111101000010110001101000001
1000110000100100001111110001111011001011
0110000110001101010011101111010101101110
0111100001001100011001000010110000000100
0101011101011011000110000010010011001011
1011100110100001001101000110110101101110
0101100101011011100100110011000001110110
1011010010101100111010000000001001011101
0011110101010010010111000011011001000001
1010111001001101100010000010010100101111
0000001101001111111000111001000001101000
1111100110000001100001101011001000000101
0100000110110110000110110111011001101110
0011100110111001011000001111001110100110
1101010011000111011010111011001010100111
1000101011111011101001111010110001111001
1010011110001101100101111111001010101100
0000011101010100100101010101001011111011
1011001011101110000101111011000110101110
1001111000010111101001010101010011010011
1010000001100101111100101000000000000110
1000111001000101011110001010111110111111
1100011001000110110101100111000111001001
0100001001100001001100101011101111010010
1011010010110010110100001111000111000111
0100101101110101001100010010111111001110
0101100110010000000110011101101000000000
1101111001110010111011111110011000100001
0011001101110000000011011100011111110001
0000100110011101101100011010010110001110
1010001110100100011010001110001100110001
0100110111001001100101110011011110001000
0000010000111011111000101001111001000101
0100001001010101010111100111010011011000
1111110101110000111011001011110100001111
1111100000111111000000110011001011000100
1100110100111111000110010001110100010111
0101101100010110101000101110000000010101
1111010011101100010011011111101100111001
1010000000111101010010100100110001111100
0100100110101000010000110001010010110100
1011111100111101001110010000111100101111
1101000100011100000110100001111111010111
1001001101111001000101010111100010011111
0101101000110001010100010111010101011101
0010111100101000010001001011101001100010
0101010000010001111011000101010111000011
0100100101111000010111100000011000001110
1101001010100010000110100001010101100100
1101011101011100101111110001000001111000
0100011001101110001010100111011110001110
1111100100101001011000010110101101001111
1001101000000110111101001101011111110101
1111101110111111001001001000110010000010
1011110001100100010010100101010010101000
1011101101000100110101011001000111010011
0100011111011011110101100100001000101101
0101011101001101001111010111111110101000
1010000101111111001110111001010001110110
1110010010100111111110101011000001001110
1101101111101101101001010011011111011010
1110110000101001101000111000110101010110
1111111001111111100111110111001111011000
1110111001001011001001011011111011101100
1100100001101100011010000110100100111111
0011001001110111100011000110011111001011
0001010110000001011100010111011000010010
0011000001110111000111000010000101111011
1000010101010110000001101011111010100111
0100110101101111000111111110000010001011
1101101100110011101011101011010110000101
1100100110001101001000010010101000010101
1001101110111010001011100101101110001011
1010001001010011100001000100011101111101
1000101101011111110110001111100110110011
1000111110011001110110101110110101000000
1000101111010101110101001110101010011100
0110000000010111001001111111001010111000
0111011001011110011000110101100000011001
1010101011000010011010010010101100000110
1110111010001000111101000000010110010000
0001111111010010110000011001101001010011
0100011100111110011111111111001010110011
0110100110100010110101011101011100111011
0000011000111011000001001111100100111110
0000101111111100101100101100100111101010
1111110111011011010011110111001000001110
0111101100000010001000010111110011001111
0101100001110010011111011010000000001011
0111100011101100011100111000101100001011
0010010001100111100011111010001011000000
0000011110000011010010010010101001101010
1111010101000000001000100001101001110101
1101000010011101010001100111010110001111
0010010110001010100101000011010010010100
1001101011011001111010000010110110000111
0011111100100000010100110010101001001001
1011010000000000101101110010001011110110
1010100010011010011101100101000010111000
1000011000111011010110011001001101111001
1101100100100010100111011011110000100111
1011101100111100100111001111000110000010
1000001010000010010001001111001010000010
1010000001100111010101010111010110110101
1111111111111001001111111111010101001101
0111011101011001011101011011000000010101
0001011000101010011000110100111110000100
0010001110010100010010010010100011010011
0111111010110010010010011110111011000001
0010010101101110000100110010100011001010
0100000000110101111110101011111100011100
1110111100101010110111011100010000111011
1111010101100100001101000001000101111100
0001101011100011000011000110011011110000
0010110101101110110011111101011010101111
1010000010010000000010011011101001100111
1110000000011101110100100110101111000010
0101100001110000001010111110010000001100
0001100011100010111111011001111111001010
0101111000111010110110000010111010011111
0010011010010101011001100011011000011010
0110000101011000010000111000001100011011
0010101000010110000011010101110110100010
0000111001101100100011101111001111010110
0000100010000100111111111001000011010101
0110000011000010110001110010010001101101
1110110111100011110101011000001110010101
1001001111000111001000001000011011011010
0101101100010010001110001010001001011001
1011001101101011100010011110001001000000
1000010110010111101111000110001110011000
0111111111100111011100000001011001011011
0110010101101001001110101110100101000000
0010110001100010100000010010011111110011
1111101001100001101101001011010000100100
1011011111110011101010110100100111001010
1001011000001110111010111101001010011110
0101000011011110011110010101010110110100
0011010010111100011011010100100011111110
0111111100101110011000001001010101001101
1000111100101100011001100000100100110010
1110010001010101011010100101001001100101
1000011100111011101110111000010101100100
0101011101000110110011011001111110111011
0000010010011000000001111110001110000001
0110011001101000001111111001111111101110
1010010011010000111111001011111000001001
0101001000101100111001111111110100010101
1100011010110111011110010111010010110100
1101101000111010101100000000111011000001
0010100100001010011011010001111111000010
1010010100101111011000101011001001100000
1110110000010000010100110011111010000100
1010100001101000000111000000100100111111
0000101001100111101100101010100010011101
1010100111101111010000000001110100110111
1110011110000101001011111111010100010100
0010011111001000000100100011110110110100
1001110110100101101110000011101110011010
1111001101100110101110101000111101011011
1010001000011100101111111111100010111100
1000001111011110110011010110111000001110
0111110100110111010101111010100101011011
0010101100111111100101111000011110011011
0010010100001000100010011100000011011100
1001111111101000100110100000111101000110
1001000110111000001110100001101100111101
1100110110100001100001010110001000001100
1011101100110100010110001100110110110011
0010011011111010100001110101100010010100
0010010010100000110000011101110110000100
1101001001101000101101000100001100000000
1000001111001001111101101110110000100100
1110101111111001010110101110011101111001
1111010101101000010101101010101001100001
1001001011011110101111111010101000111110
1000000010000000000001001000101111110110
1000111101110110100001000001000000001011
0000111101101000100001100111001110011110
1010010100101000001011110110011000110100
0010110110101000001110101010001011000000
1110101101110011011110010011111110101001
1100101010000101100110011001010101110111
0111011101010011011100100001100000001011
1110010011010011110111011101000100010111
1100010010110101001010010000101010110010
0000001011100101101101011100100010001001
1000000000101011101101001110111010000011
1101110111100110010001011100110001010110
1101000100011101110000001101010111001010
1110111100110010001110000110011011010010
0000001000100010000010000010111100101011
1110000010001001010000001110011100011000
1001101101110101101011001110000011010000
0111001010010111110001101101100101101101
0011111110000000011011111010011101000111
1111111101110000001100010100000101001001
0001110001100010110011011110001101000110
0010110101001011110000100111101101000010
1101110010101110111001110101001100001110
0000001111110000110111010101001110110011
1001111110110011010111110010010000011001
0000001110110000110010101101000000010010
1000100111101010100000101011011101101000
1101110001001100011010101101001010111111
1001101010110010001111001001100001101101
1110110111011011110100011110010010111100
0100001110110001100001111000100100101101
0101100010110100010111100111101000110001
0101010101101101011011010111111010101011
0000011111001010001010011100110010110011
1011110001000000111111101110111100100001
0110000000110010011111000001110000100010
0111111111101111101100101111000100101100
1001111000011010100001000110001000000011
0111001101100000100010000110010011001001
0101100100010001111001100010101011000101
0101010010110001000001000000001000111011
0111010001111100101100101001000001011001
1000001110001000011101001110110011100010
0000010111110001110100110111011011100000
1100110110111100000111010001110010001011
1111101000000011011010010011011001010111
1001010111010100011100101010011100110101
0001111110100110001100110100100111010011
0010100110101101111111111111010100100010
0001101101001111101011001000010000111100
0000011010110111000111110011111100110011
0101001010111001110011011001100011111001
0111010100110010110111101101010000001011
0110001011111011001100100101100001001111
1110011001101100100000001011001110000100
1110100101001101000000010001110010001010
0111111011100011100011100100000110001001
1001011011110100110101110001010011101011
0110111010101100111001110100000101101011
0110100111000001001111111011110011100101
1100001101111010101100010011101010001001
0000101111111111101101000011110110101100
1100100010011100010000000000101110010111
1110100100001001111111110001011001101010
0001110001001010000101010000101100001000
0000101010101010101000101010010100010111
0001010110110100111010011110100011100010
1010001010101010010111100101000111011010
0000110010011001000000000000110110101011
1000001010000010000001101010010011101000
1100000000100110010100101111000000011100
0100010011111011010001011010011110011100
1010010110000111110011010001000000010101
0001111111111110011111000011001001011001
1111000011100111111010111110000110001100
1101001101110100100111010100000100011110
0111110000011010000110010000010110001100
1000111111000111110011010000000000101001
0011010011110110101011100000100100110011
1100100011110010110101101000011111111000
0001011010110110001000001101011011110101
0000111100010001010100011101100011111010
0110110010100010111000010110111111101011
1011000000001100111000011110101011101001
1001011011011101001111101011100100100000
0001111001010000011111010000010010011100
1101110100011101000111101000101001001001
0001011110111011100110100100010110111001
1010111001011101111100001111010010010011
1111010010111000101001000001100110101101
1100000000000000100011110110011000001010
0000101010101101100000010111000010101110
1011100101110100101001010001110000011010
0101101010000001000101011011010110000001
1011111111001110101101010001011101101110
1010000011011000101110010111000100111110
0000100000011100011100100011101000110101
0110100110100011111111010101000111000100
1110010100101111101101000110110111010011
1101100100001001111100100011000011010111
1100011110110000111110101011001100011111
1011001011111000100010010011111100011100
0111010101100101000000001111011001110111
1100010111001110101010011011101011111101
1011111001000001110110100100100111100010
1001010000001001110010011000000100110000
0101110000010110101010101010001111000110
0001111011011111000011111110110010001011
1011011111000001011010001110111100111011
1100010011110111101010110111011111001110
1110101100110101001100111000101001101110
1111000100000000111010111010001011011000
1110010010111111001100010011111100010001
1000001100000000001100011011001101100011
0100110010001000101100100111100110101100
0011100100100011010111100101110011100101
0100010011011110001101010110000101100111
0011111101011001111100010111101011101111
0110001001100111010001101100100011010011
1111101101110101010100000011100010010001
0000011000011101111000010001000111110100
1100110101100100011110010011111100000111
0000000011111110000111001101011111000001
1011111111101100000101111101111010100110
0000110011101010101100000011100110001001
1110110110100110011111000101000110101100
1001010011110011101101101110010010000011
0000101110111011111001101010101100001101
0100110000000101000010111101011100011110
0111101101110011000010111010011100011100
0110111000110100101001000000110010100101
0110101000111010110100001001011000101101
1000101001000001101000110101110111111010
0011010110100101111011011000100000001100
1101100001110000100010001110110011110111
0110000110000000010110011001101101010111
0111101011001111110010101111010110010111
1100111011101000100011100111110111011110
1101100110100111010011011111010111100001
0101001011101000101000000011001111111011
1010110110101101111110100010110111000111
0101000000001011101000011101101100011011
0000111000010110001100101110100000100010
0001100011010101000010110001101011111010
0001011101001010010000010010111001010010
1111011001000110001101000101011001101110
1101101000000010111111000100111111000000
0011111111010000011110000010001101000010
1000110111110001011010101101100111010110
0101111010110101011110111001111011011001
1010011001010110111111000111111100010111
1110101110000011110101010001111001001100
1111001110101000101110110101010011000000
1000001110100101100111100000010110100110
0101110011111110001110110110000001101101
1100010110011101010001111010100111100010
0011011101110011101001011001111000101000
1000000001011000000001010011010010010100
1100110000101101111101000100111100101011
0111001101001011011000100000001011001001
0111000101000111000010101011100101011100
1011111100111101000101101000000111011111
0100101101111110110001100110011111011011
1111111111110101100111110000101100110111
0101101011110101010100111100011110011101
1001110111111010111101100001010100000001
0101011000001110111001010111111010010101
1010000010111100111001001111110100010011
1001001011011100111111111111000101100111
1100011111010010011110101110010111110010
0101000111000000011111001110110101000011
0001100011111010001001110110111000010001
0001001011010101111101000001010101101010
1001001000111101101001100011000111011111
1000101011100110101011001001000010111101
0110000101011001110110101101010111100101
1101010001111011101101111011010111111001
1110110100000100011001100111101100000010
0001011010000000011111110010000000101000
1100101111101011110010111001010100100001
1101000100011001001000011110011011010000
0101111101010111110001011001100001000010
0011101111100001101000110001011011001001
1001001001010110000110001001000001101110
0000010110000000011111001011010101100110
0101011100010001001000001010001011110110
1000000011000000110101000101110101101100
0001100001110111100010001010110100101101
0011011010111001111100010100100011010101
1011111010000111010010101100000111011011
1001111110001110111100011011110001011001
0000101010000111110110100010100111110001
1110111111010010100000111011111000001110
0010111011000000010001010001011110101000
1010011110010010101010100100010000111101
1011111111011111111111010000101000100111
0100011010111011011111100111101101111100
1101101000100000100111101111011101010011
0011101000000010110101110100111011101100
0001011100011100100110111010111101011111
1011100100011100000100010110111100000100
1010000111110101100000000010101111010011
0011111001100000111011001000001010101110
0000000101100010111110000101001000001000
1010100101001110001011000001110100000100
0001011101101111011101011010000101100010
1110101011000010101000000111000011001111
1011010011100100101101011111100111010111
0110101111101000110110000111000001100110
0100111000011001010100001110011001000000
1000110001111110100101000011001100011000
1101100111011010110000100101110100010011
1111101000000000011100010000011010000001
0110101110100100100000100001001001000101
1110101000011111101100001001011001111011
1111011111000010110110101010110110110001
1000011010110100011111110100101100111101
0110101001011110110101101010111011010011
1011101011101010111111010000100000001010
0111101101101100110110000110110010111010
1000011110010101010000010110010001011001
0111001100000001101010010010001000111101
1010111110000000011110000111111100001111
0110010010000111110001100000111001111000
1100110101101001001011011011110010111110
1010100100100101100101101001000000010110
1011010011100011001101011001000101000000
0001000010011100011101110111011100100101
0101110111001000001100000010110110101100
1100011011010100110111001000011111000001
1000100100011011111001000011110101000100
0111110100101011010100000011111000100001
0001011001010100000110011110101101101111
1001011010100011110011000001101100101010
0100010110010000101101000110010000011111
1011001000101011000111010100100000100010
1000111000001010100000000011111001110110
1010111111011000100110110100001001000010
0100110111110100111010000001001110101100
1011101100111110111100111011101101000001
1100000101101111001101101110001101100100
1101101000100011101010000011000001101100
0011111010011000110010111100110110100001
1010101001111111111010011111110100110010
0000010001100110000111111001001110111101
0101101011000111001001000111101011100111
1110000000010000000010010100000111100010
0011011100000100111001110011011111100111
1011001011110101110111100111110010001100
0111100011010000110101010111100011001101
1110111010100101110101010111001111000001
0001100001110000001010111010000010100101
0100001001010001111011011010010111110111
1100111011100010001010101001111011011000
0001100111000001111110111011000111110000
1000111110010001010111100100110100011110
0001100100000001000100010101110010111110
1110110100110011011001000010000100010110
1111101001011100010000100000011001101000
1110100101010011110111101000101101110100
1000011110100100110110010111100011000000
0101100101100011000110011101110101011111
0000100100111110110010010001001000110001
1000100101000101100001110101110101101111
0001100011111001001010111110010110011011
1010101011101001001110011000010100000011
1110101000111100011001101100000111101111
0110010010101100100000100100000001001110
0100100111111101000110010011010011111110
0011010010011010101001011101000001001100
0111011000001011100010001010100100010101
1101010000001101000001111010001000100001
0100111100001101110010101101001011110010
1000010010101100010000111011100000010101
0001011111000110001110011011001001110001
0111001100101001010100001010011001111111
1010110101101111001110111101111100011111
0001110001100011110110101010001011011101
0111011111110010100100101101100011110100
1000110011111010001000101101101110100001
1000010001111111001111000110000111100101
1100100110110100001101001110011010001110
1010010011110000110110001010101100101101
1111110100000011111100011111010110101110
1010100010000110010100100010001110111100
0001011101111101011000001101101110010100
0000111111010100011001100101100001010011
1101011010111010100110001010100111001000
0110000001100011111111111001101011000111
0111001010111110110010110010010010110000
0111111010011011110111111100000000101011
1010000010000111011010111011010100111001
0101100110100001100110011000101110110101
1001101101110110001111010101101001010100
0010111001100101000011001100001101111100
0101000100101011110001110111100100000111
0011110001111011000101011110001111100111
1011000001100110010010011111101011010011
0110001000000111110011011111111100110101
1100101011111000110010110111010110101000
0000000100010010100111111100110001011001
1101111111010111001011010101100110100011
0100010001111111000010000110100110110101
1010010111010111110100010010100101001100
0100111001111100010001001110110011100111
0110110001101010010101111100011100001011
0110001011110100101100100011000100010100
0100111010011001011000000001011100010111
1001010101100011000000101101100011010000
1111111110011101100011010110010000011011
1110100110010110011111110001101000101111
1100111001010011111010101111100011010001
0111010010100111101101011101111011100000
1111110001110110111011101111000110100101
0001111010101111001011101100010110011101
0101101100001100110101000110110001000100
0011110100100000011111010000110110000101
0011111111111110110010110101001111101101
0101011011100001110110011111000100000100
1010011010010000000010111101011111100101
0110110110111001101101111100100001100000
1011111011110001100010100011010100110000
1111100010000000101001001011011110000001
0100100000010011101011011000101011000111
1100010011100111001100110110100101101001
1010100110100010011000001011110000010011
1000001100100100101001100111011110101010
0100101010000010111101010110011011011011
0010101010011101000011000111011011000010
1011100000001101110100100101110010010111
0111110000110010110110111011101101111100
1100001011100000001000111101100011101011
1100011100010100100010010100011011001111
0011111001100111000110001011110011001111
0001100101111100001101100110100001100100
0111110111110110110011100101110000010000
0111100011100001110101001000100010010110
0011000110000000000101000110100011110010
1111100100011000111100101101111000101000
0011010110010000001100000110011011110100
0110011001001011101011010100000010001111
1100110011000011001000011110100111101100
1101111010010100100101111101100101010001
0101110001111000110101100000000110101011
0001101011001111010110001100100010110011
0111000111000010010101101111100001110010
1100110000111010010011101000111111100000
0100001010101100011011000101110011011110
1000101101000111110101011101100010000011
1000111100101100001101011010001011010111
0100000100010000010101101111110011111110
1001011010101111101110000100110111000101
1000111110011110110100101111111000100001
1111000110101110110011010001110100100101
0101100111001100000111011000100011010111
0010111001110111100110010011110101110101
1101101011011101000011000011000100011100
1001000010000010100111001000011011110001
1110111001100110000101100101101111110001
1111010010110001100110111111111111001111
1011011001000010011001110010000110100110
1101001111111101111110101101100000101001
1111000010000001110100011000001001010000
0101010101100111100000111110000011101010
0000000011110110010011001010011110110100
1101100011010110010010100011001011100010
0010011011010111011000001111000101100010
1010110010111001000001001101010000010101
1111011100011000011111001111011011010100
1110011111111100001111010001001110000100
1000001010110110100000110000101000000001
1001111110001111011010100010010110101101
1111101100011000111110010001100111100110
1011100011110000010110011100111001011100
0110111110010110011110010110000001100001
1100011000101110001101101000110110101101
1011010111111111010011110101010010001110
1000011000010001000111010001101101111010
1000111011010001001100111001100011000001
1000100100001010111010110000010001011001
1001111100101000110111010111001110000011
0111000110001111000000010011001000101100
0110010001010011111001000101000010010001
1000000111010011010011011101101110110100
1101011001101101100000101101000110001000
1011000000101001010100000011010011001000
0010110000101000000101111000111011100000
1000111100110010001000000010001010000111
0100110101011001111011000111001100000110
0011110110011010000110110001011000110000
0011010011101110010001110000000010101000
0100011000000001110000111001101110010111
0011101000110001101110011101010100010011
1011011101011010010001000001010010000100
1100001101101100111011111001001100100010
1110001111110110000011000101001110001001
0011011000011100000101000101011000101110
0000000000111101010110000100010101100010
1111100000101101110100001111011111110000
1100010110100100100000101011001101011110
0110011101100111110100010110011011100110
0110100001011000100101101110101101100101
1001000011101010001011101011110111011011
1100101111001010101001101100011101001001
1100111000110000010000001010100100100011
0110111000111110011101001111000100100000
1100100000101011111111001000111011110011
1010000011001011010001000100111101010100
0101101101000111101100100110111001100101
1011010000001101000100101111001111010010
0000110111011110111000111110011111110110
0100111001010000000011001101011111000110
0101010000101001110100111001111110111000
0101100101101010001100110010001010101110
0110110101000000010110001011110000001010
0100111010011111111110111101010110010000
1100100100000111111010011011100001110101
1010100001001010011000110001000000100011
0100000001100011100010010111100111110010
1101110101011001010100110000010101001100
0000001010010011100111011001010110101011
0000001100100110001101010011110101000001
1110010010000110100100001010100101111111
1000010100110100001111101111101010111010
1101001010100010010100000010001111100111
1001001111111011101010001100100111100100
0001000011111101010010010101010100000011
1000101111011001110111000001010110101010
1001001100110010011011000000100101110101
1101011110100100111100100010110110111000
1101111101010011011011100000111111110101
0001010111110011010011010100000110110010
0000111101110010001111101110111101110000
1010111111111000010010101110000101011100
0001101000010011110010101001101110011001
1111110100011010100001001001111001110010
0110000111000001011101100011001110100011
0010100101001000000110100001100001010100
0110000111101010110010111010010101111100
1111111010011111001100110001000111111011
1011111110000101001000011011110000010001
1000101100001000100011100011000111000101
1111110111010101010110011010101101110010
1001110000100011101010111111110001010010
1111100110101111101000010110011101101110
1010110110011110000100010011111110011101
0010011110010110100111011011110101110011
0111011100101000110110010011001110110101
1111001111100010111011110000001011110101
1011010100111111001111100000010010011001
1100010111101011101110100011100001100110
0000101000000001100111010110100110101111
1111111000001010101000011100111110101110
0011101001000001010110111001111101010100
1001011111111111111001100110101000110110
1010010100111000011011111110100110101101
0000000101111011101011011011111110001110
0010110110100001110001101111100000011101
1110010011111110001111000110011100010111
0010000101110010101000001010011100111011
0011011010000100111010000110100100111111
1110011001101011100010110000110010111110
0001110100001111110000100000010101010110
0111111100111000010111111111001100100100
0111001101101111111010111101010101001111
1000001101110100011000011110111100011100
1010100001110100011011100001001001100101
1111110001000100111101010111001110100000
1011111111001101111111000001001001101011
0000010100001101001101011101110111101001
1010101001011000100000110110110101101100
0001000110000111101101111010001100001100
0000111011010110011111011111011100001000
1000110111000000110001111100001110001110
1110101010110001101110000110001100010111
0110100001100101001101011011101000011101
0101111000011011000000010110101111100110
0110000000100100010100100011001001000010
0011011011111101010111001010110111011011
1111110000001100001111110110111001011101
0000100010000000101111011010100001000000
0101101011010001001000001000100111111010
1010010010011000011110000010100111000010
0011010110010111001010001001010100110110
1111011001100110011000111110111000010001
1111011110101110010001111001001101111111
1011010111011101000010011011101110101110
1110011111101111111001110101100001101001
0111110001110000001111001101111100110110
1011010000100101101110110000011000000000
0100010101010111010001101001010000000110
1001011011100000001110001100100100101110
0101111001011101101011100101000101011101
1011111100000101010010001110101100101101
1010011010111011001011010000010100000100
0000000110000011011000110010011001111010
1001101111111100111010101010100100111000
1111011100001110010100111111000011001000
1111000101010100011110010011111111100010
0110101001001111010100111110100100110101
0101000001111010101110001001010001000011
1111101100010111100100001011111000100011
0011111111001111111000100111100110011011
1010011011110111000101011011100111011010
1110000110100111110110101011111001111111
0100100110011101000111101010011011111100
1000100000011110000011001101010100001001
0110010100111100000100100111000100011110
1100010101110000010101000100100001110001
0111110110000110111011000111100001110101
0111100011111000110111100100101101000011
1110011101001101111011101101000001011010
0000010101111101101101100010010011110010
0101010110000001000100001010111010111111
1001000111011101011100100001101111111000
0010100111011001011100101000011011101100
1000000000110101001110011100100011100010
0000100100000111000110110110001110011010
1010100000110110110001101111111111000011
1011101110011100101100100111011100000100
0101001110011001111001110100001000010111
1011100010100001110010000101001011011011
0011001010101000100010011110110101110111
1011101110000101000111110000001101010111
0001001001001101111000011101100110000101
0010110011001000001011110001101010010101
1011110110101111111110101001001111000010
1111011100100100111010011011111011011011
1001100101100111110000010011010101100000
1101111100011000011011101111010011011111
1110111110111000111111001011000101101100
1000000111001010010010101111101101011001
0101111101011101110001001010110000111101
0110110010010011011101010001010010011110
1111111000011001111001111010001000100011
1000101011110011110101000010001001000001
0101010001001011011100001111000101011101
1101011111000011110010011110001101010010
0001111011111111100011100000011100101111
1011011110101010000100100000001000101101
0111110010100011101000000001001011000110
1011111110110111001011111000011000111010
1001110111000101011111000000011000111101
1001110010001001010010101100001000000101
0100110110111000111000010110000000101011
0000111000000010100111111001111010000010
1010100101101110111110101011110000100001
0101010001000001010011011001011000110010
0101010100000010100001110111110010000110
1111000111010011110110000101100110111101
1011010100100011010010011110111100010101
0101100010000111011100100101101100100110
0001010110101000110010010101001000100011
0010110000001111100000000110111000000001
0100010000011101000110001001111101000010
0000101100011001000001011111110011000010
1001110111101100110011100111100111000100
0000110101111010001111100110101111010000
1010011001011000100100000100001010011010
0011111010001010110111000111111110011001
0111000010001001010110001010010111111101
1101110100111110100110100100101101110110
0010111110011100100000000000111110000011
0110011100111100101001010001011011011011
0011111101101001100110101011101000101111
0110110000111001011110100100001100010111
1011000011110010011111101100001111010111
0100101010000001110011010101011101110000
0011010011001010100111101011100100110000
1011101011111110001100010001001111011101
0000101000001010100100110110001010110101
1101001000011110101101011110111110000010
0101000111010110010111111000010101000000
1100001111000111010100010000001111010011
1010100011100001100111110100000100010011
1100111011010111011110110001000101001110
0111110100101111000001110011000010011101
1111010111010001000111000100110110110000
1011111010000111010101011010010000001000
0111101000101110011110110111101100101001
1110110110101010011000100110010110011010
0110010000010111011111000000111111010000
0001010000000001101100111111111110110110
1100111010000111010100110111101011100100
0000000000011101110011001001000101100011
0110101001010100101010101100100001010011
0001001000100010101110000000111110001010
1001111011111101111011011111111000000000
0010011110001101100010100011011000100011
1010110100101111110101110100101110000100
0110010111101110011010111110101001110100
0100011011010111101111000110110111100001
1011001100000101001011111010010001100001
1101101111110101111111110001010100000101
0100100000101100101101011011011010101100
1111001011101110000100001100111100110010
0000111001110011101110001011010111001101
0100100111110100010001100100000011111010
1010111000100110100010101100010111100110
1111111111010001101110000110011110011110
1011101000011110100010001100010001000101
1010111100101011101010110100010010111111
0001011011100000110001010110001111111101
0000001101011001101001000011110110110010
1111111101000100101111100101100111110011
0000010110011010100001100000110000111101
1111000110100000100101000111010010100011
1001110010101111001100110011110111001011
0110011101110100110011100110010101001111
0000110101010011111101000111100011001010
0101110110001101110100111100000000010011
1101101100010001100011111001000110100110
0010101001101100010010001110101001001111
0000010111000001101111101100000110010001
0110010011110010110111110110011011010111
0001101110011111000001101100100101011100
1001100100101110011110000101111010101111
0000111000110010011101010100011001111001
0111010101101101000111100110100111101011
0011110000100001010011111111100100100100
0001011010000000100110110001011000101010
0101100100010000100110110100111010001001
0001110000000000100100011000011011101000
0000110000100001100001101101010111100011
1101000100100101101101010010011101011100
1011010110011111011000010110001000101011
0100110011111001101010010110001000111100
0001100111110101100000100101011000001110
1000110010000010101110000110101001101011
0111100111010111100001011000101011111010
1110100011111011100110100111101001100110
0011010001010100110111100110110011101111
1001101111110010011111111100001111101111
1110101011010000011011101000011101011101
1010010010001111011101110101111000110110
0101101001011111010101111001100111101101
0000000100010100111001111011011010111101
0001001100001100010101001000111111001000
1011010111010011101010010101000011000110
0110011110000011111001111000100001100000
1101101110000010001110010000100101111101
1011000101011110010110101111011001000110
1110001011110010111110010010100111010001
1101111010001010001101001001010110010000
1111001010100101100010111011100011110001
1101010001111000111100011001000000010001
0101100101010100011010000110000000101001
1101001011110100110001011110011100100011
0111110001101101100001011111010101100110
1010001011000000101001100000000101110111
1010101001010001100101001010001000010010
0101010001010100100111001010100000110010
0100101110010000110010010101011000000100
0011110101000001000010000101110000111010
0011111111110011100101110011111000110000
0110101001000110101010101010000111110000
0100010101011000001011000111000101010010
0001111111110000011000100101111110011101
0010000010110110000110001011110100110011
0001101000001001001100101010100100111100
1110000110101000000010010000101001101101
1001011001101001111000100011100111101110
0001111111001000110101010111001100011100
1101110001111010000111010000001100111100
1111101010111001101001100010001000100000
1111001101101111011101010011000011001011
1011111110100100110101001101010101001000
0111101101101000010001110111001100011000
0100111100110111001001110001100110100010
1110001000010110010111100110001111011011
0111010010010000011110010000010011010001
0111111101000010101110110111110011010010
1111101010111101000001100111101010100001
1101000101010000010011100011101000100100
0001000101101101000101010111010110011000
0011001101111001000101110001110111111001
1111110001000110011001010100011101010000
1001011001010111100000000010001010110000
0111111111000001111011101000111111010100
0111110000110101101010101110011001000010
0011000111011100000001100111100110110111
1100101011111111000110111001010010001001
1110001111100011110010100001000101100000
0111001010100001110010110110101101000001
1101110100100111101011100011001110101111
0010101011111001010110011101100000011010
0101111100101111110001000100100001000001
1111110101110111000111011011101111011100
1110000110110111110010001001001011011001
1001000000101101010000001101100110110010
0000101000111000001001111001100001100010
1000001000010100001011000110000100011011
0011011110000000100110101100011110111001
0010011101000001111010001000010011110100
1010011010010111000101101011100001000110
1010010100011110101111111010101010001000
1100101100000011111100001010101100111011
0100111010100100011110010000111110101100
1110001111010101000101101101100110101011
0110111111010100001100110000010010011101
0110010011010111001001011111000001001001
0101010111000010011111001110110100010011
1001011000000110011011011111000110010011
1011100111100000101001110100001011111101
1001101110000111110110000100101010110011
1010001110000001011100111110100001010001
1001011001001010011011100111001001010011
0101010010101101110010111011001100010100
1101111110110000100010000001110001101101
1010111000011111011001001111111011100000
1000111001000100111010110110111011001101
1110001100101101000011001001001011111101
1000000110001110110000001011010010010111
0010010011000100010000010000001010010101
1110010010010001010010110011011100111001
1101111001000110110001011110101100110000
0101101000100100111001101110011110110111
1010101011010010010001011110000001100011
1001001100101110001100000101011100110111
1000000101000010101100000001101101110110
0110110000001010110101110100110001010101
1011011000011001010110001001110111000000
1110101101011111111010000000001000001101
1011011001110111010100001111110001000010
1100100000000001001111010010101011110010
1011010011100001110011110001101010001000
1011001000001100111100101101011111111111
1100000001100101110011100000111100111100
0111010011100001101100101000100110100011
1100110101111011000011011010010101010011
1011111101100010101010101000111010000000
0101100011100011111000010110000010110000
1000101100111001000001110011111001110001
1010101110000010001010000001011110001000
0000101010000000100110101111100001000100
1100111001100111000100101100110100011010
0100101110110011100001000111011001011110
0010001110000000110111000001100100110101
0100100101110110011101100011000011110110
0101100010001111101010001100101110001100
1100011010111011111000111110111101010110
0001101100101010011111010111111010010010
0011100101010000011000100001000101100100
0000000010101111011011000010111100100000
0010011100111101111111010001011100011111
1101011001110011011000110100110001010010
1100000001010001111111000000111010001000
0101010111011001110100110011111001000000
0000001000111010011000011001110011110101
1100110111001000010101101110010110111100
0101111110111111000010101100101011101000
1101101010010011110011001111000011000110
1010001101010000001001000101011101001110
0111001100001010101000001101010111100101
0100101100011110100011010100110010111010
0010011001111110111110101010011110001011
1011101111000100010100010110111011111101
0111000110101111111110101111101011001011
0001101111110001110101000011011010010100
0010110001001110110101101011111111101101
0011101000101000101000000110101011011111
0010000010001101001111111000010100000001
1100111100011010011001100001101000010010
0100111110001000111110111010010001010111
0101101010010101100101100010001010110000
0011010110110001110101010011001110100111
0011101111001101000011111100010001011000
1000100000011110111010000000101100111010
0101101101100111100110010010110100111101
1011001011100100000100101010001110101100
1010001001000111100011011011101001110001
0000111001010101011101100110100001101100
0110011000100101101010000101110111011101
0101100111110100001000100101101101101101
0010110001100001001000001110111101101101
1001000011100101110010010101001000011010
0001111100001000101111010110001001001011
1011110011000111010011010000111110001011
0001111000111111011001100010000100000011
1010101110111111001000100000110010101101
1111101110100000000011111110000111101011
0011010100111001111001011111110011111001
1011001011111111100001011101111000100111
0101000000110011110110100010101100010010
0000100011000111000111011101111000001101
1000100101011001000111000111001010110101
1011011111000011011000100110010000011101
1000110001001010100101110011111111000000
1011110010001101011001110011101100101111
0011001101000100001111101001110111001110
1001011111100001101100110101011111110110
1101100110100011011100101111101001011100
0001101000100110010101111001111001011010
1110101011010101110011111100100000110100
1011000101001111100001001011110101000111
0111111001111101110101001111110001000111
1011111010001001101100101101100001100100
0000101101010001101000010010011111000110
1100110101000000010111100001110011111001
1101111110101110101011100100010100000110
0000100110100011101010110110100010110000
0001001001010001001101001110101000010000
0101011101001101100111011011010101010100
1111100110101011100110111110010101100011
1110000011000111110100111100010011110111
0110110010110001111101001001011000100011
0110001111001100010000000000001000011100
1010000110110010101011001010011010001001
0001111111001111100100101110110111101001
0000000011011111111010011101101001101101
0111101100110011111010000000100000101000
1000110000010111111011110011110011111111
0000011110000110011011111110101111111110
0101000100101001101010011110001111000010
0001111101000010001110111010100010000101
0111101111110010000001011000111010100101
1000110000101011111000111100100100011101
1100010100100010000001011000100011001110
0000000101011101000101000010100000111101
1111010101011100001110010011000000101110
1001000101001011001010111001100111010011
0101001110101000011010001010000000111111
1101010100111011100101000101000000101011
0000000111101011001101110001101110110000
1100101111101110001010110101100101100010
0110100010000011110001101101100011011011
1010100010001001100001111110101110101100
0001110000111111001000011100111000010101
0010110010010011100010100010101111001100
0111000001011000000111010001011000000100
1001001011000010110110100011001101110110
1100101001001111111100111011111001100110
1100011111111101100011100101001111010110
0111001101010111110100101011001111101110
0101101000100000100000011110101111110010
1100011010100101110010100010111001110011
0011001100010101101110110111010100101011
1101110100110011110001101010011001001011
1101111101100000001100110001001010100000
1001101101001101011111100110110011000001
1001010100101001000110110010101011101111
1010001000110011100000110110100001000101
1101000100101101010111111011000010110101
1011011100111101011111001000110010000100
0101000001001010111111111111100000000101
0001011011111110110100100100001101011111
1010111010110011110001000011011100111001
1110101101111100111110100111101000010101
0011010000101001101000010010011001010111
0010000100001001011111111101111010010101
0110100100000011000100110111101101110110
0000001011001101001101001001000110100110
0011110011000001100111100010110010100001
0001100011001010011101111100011110110001
0100001011110010110111011001011100010001
0101010010101011110110110101110010001010
0011000011100001100001010001111010010100
0011110000101100111001101110010010101000
0010010111010111111011000001000110101010
0110110100010011111111000111010011001110
0100111010100010111111011111100111010011
0010101111110100001001011001001100001100
0111110110101101001011010000001011001000
0100110111101000110110100110010101111011
1111100111010110111110101001100010110110
0011100010011000100110011110100110001110
1111100101100011001110011000010010111011
0000101000010101011110100101011110010110
0001001110110001100101100100000011011111
0011110100011101110100101101010001001011
0100010101010000001101111100011101010110
1100111101000011100010001011111001011010
1110110000110000011010111000100011000100
1010010100101100011101010101101110010101
0000000011110110001101110010011110001100
1101111001100100001110111001110110110101
0000001100101111000111100001010001011001
0100101001000011111110010011010111101001
1000110111110100000010000100000001011100
1100110000010000011111110111010110100010
0001011111111000001100011100100001111101
0111011010010101100010000110110010001001
1001111110001011000011000010111011010100
1101100001000011100101101000000010101001
0101111011100010011111011101111000100010
0001001111010000011100100001010110100011
1110100100111001111111111100111111001101
1110010000110000001101100101001111000111
1111100000111100000111110110010000111010
1001010110100010011100101100001111101001
1101101101101001010011111001101111111001
0011111101111001111100100101101010110101
1011101000111001010100100111110001100101
0101111111111001001100000001001111010100
0011101000011111100100111011001001011110
1111001111101011001101101101111101011001
1000100000001000101100111001111001010000
0000100010101111000101101011100011101110
1000111000000001100000101001011110100100
1111010010101110101011001100010101110100
0101110010000001111110011111001111111000
0000011010110011100010101010111100011101
1100110001101001010011000001111100011011
0111101000110110101001000000011111001001
1011011101111000001111101110000110100110
0000110100010000000100100101101110101001
1110100000111100001110100101010001010000
1010001010101001000011000101100111100001
0111110010100101000111110000011001011101
1011101111110111011011011101011110101111
1001101100111101101011110101000010010101
1101110110110101000110100101100011110000
1000001001001011011000001011100101011110
0100000110010110011111101101110110111110
0111110110101011100001000110110101101101
1111101000111100101100000010011110011010
0011000110101101101000110000101010111110
0000010111110100110100111110101011101101
0110000011001101110111110100110001011001
0101010001001011010110110100110000001011
0001011000110110110110100101000111011001
1001111110100001000011010010010000100100
1001101111111111110110100110001001001001
1011010011010110111100101001000011010101
1100101101101100011000100111110001111101
0110011100010001111110110000111000110110
0001101100001000010100010010000001010010
0101111010101001111101100000110010010110
1000011100110111111111110001100110101011
0011011000010011011010101100000110000100
0010000001000111110101011100011000010001
1100001110110010101100010000001010111101
0011001011010111000010000010011001000000
0100110101111110100001111110011011110111
0010101011011110011010110010101011111000
1010001110100110010010101111101111010100
1010101110011011101101100111100110011001
0101001010101100000001001101001101111110
1100010000000110101001010111100001100000
1000011110101110011110000111110100101000
1110110110001100101100000101110011101111
0111011010110111111000001101110001010110
1011100101000010101011110111100011101000
1111111111001111111111010011110001000110
1100100001011011001001110000101011010111
0101101100111000111110010110001011010011
0100001110001011001111001010010001110001
1101110101010011001010100100101001001000
1000011010001001111110111011110110101010
1010000001111101101100111000010100011110
1111100101000010011101011110101100001111
1101100101100110101010011000101001000011
1101111011011011001001111101100111110010
0000110011110011111000000000110010001011
1111011001011100100101100001110010010101
1011100010110100111010111011000110111100
1111010001000000000011000001010010100110
0111110110111010011010011110000011000101
0001011111000000101000111010010010110100
1111010100111101011110010001000000100101
1110010001111010110101100010001100110010
1010100111000010000101001111010101001110
0011011001001101000111111001001101100001
1110001111001110011100000001001000001001
1000100000001110101010100101111100110010
1110001110010001001010101100110001111001
0110101111111011111000100000101100000011
0111110101000011000010100111100011011011
1010111000001111101111001010010100101011
0100111110111000001111011011110000110001
1100011001001000010011110010000110001110
1100110111010011001101100010101111110110
0000110011101100110000010100111010111001
0000100111100011010010011010110100011000
0111100111001010100110011110001110000011
1101000111110111111000101100010100110011
0100010111101011111000100111101101111011
0001010001000101101110010010111101010010
0110011110011010111111110111010001000110
1101100001110000100111010111001010001000
0101001001101111100101110101110100001110
0001000101111010010011101110110111111010
1111010111110010100001000010001111001111
1100101100100000100100110111101101010011
1010010000001010011110110101011100110001
1100110100010010011001101101011001011111
0001100110000011010101010010100100110111
1110111001000110100001101010001100111001
1000100011100010110011000101110010101011
1101000001001000111010101110011011001001
0100000100011110100001111001000000111111
1011110010001010010010101000110101111011
1110001010100101111111000000110000001010
1111110010100001010110111001110100101001
0100100010001111101110100010100010000011
1100011010000110101000110010001110011111
0100010100000011000010100101000111110110
1001101001011101011101000011010000001101
0101110101111111110111110100011110000100
1101001111101111110001111111111111101011
1000011110101111000111101000101000110001
1001011010101111001110010101011110110110
0011001001000111000100100000011010011001
1111011110000001011100000011101110111101
0100100011100011100110001111000100011010
1010111001111001111110001011010100101010
0110010010011111001111010001001010111010
1001011110011101011101001100100011100110
1110010111101100100100011001001110101001
1110100000000110001100000011000010010000
0010110100101001001010000110011000100010
0100111110010011100011011000000001101010
1110000111101110111000100000010010101010
1111110101000111000011101111100001110010
0010100100001010101111101011100100010111
1000101100110001000011101010100001011100
0111010001001100010011110110000011101101
1110001100111011011110110011110100001010
0101000001000011110001011000010110100110
0001000110110011111011101111001010000010
0100111110011100011111010110110000000010
1100110100011000110010111000101011101100
0011010010011100111010100001101100110011
1110101011011100101010101000010011011110
0100101111010100010001001001011110001101
0110000010010010000101000110001111000110
0101110001010010010111011001111001100010
0100010100100010110111101011111100011000
1010100110010101010001110101010010000110
1100111111100101100100011000110000011101
0011011101100000111101010010011110101000
1000011000000011110000001000001001011110
0110111110001111111110110010010101111001
1001000111100011001011011001011100001110
1000001000100001110001110110110110110101
0001011101110011000110100100001000000101
1010110101101010100000001101001011011111
0000101110111010001010101111100110010010
0010001001010111011101111011111100001000
0111111100001110110111000001010111110011
1100111000111010100111110100100000011110
0011111110010101110001010100110101011111
1111000111111100010110010011110110111111
0010100000111110110001111110010111100000
0010010001011011100100110101000010001101
1101001010001100111110101110110001100011
0111101100011001010011110110000001000000
1101011100011010110000000000101000000001
1010010001001011011101001100100110111010
1100010110111100001101100111110010110101
0101001000111000000110111100010110011010
0110110010111010110101010011001001010111
1110110001100000001100011011111101010010
0110010011010010110111110111110000011111
0111011101010111010101100000111011010001
0100111000100011101111011000010001000001
0011100110010000111100000110001100110110
1111110111110111010101100010011011110000
0010001110000100100001001011000011010001
1111111010100010010000000010101011111100
0000110011100011011001001001011010101010
1111100000111110001101111100011000100100
0001010111110001111111110100011000110011
0000101011100100011011000101001000111000
0101001101110100110011001111011001111001
0100011111011001110100000101111110000011
1011110010000110100100000100110000111010
0111111011010101001011010101010100010101
1100110000100110000110011010010101011110
1110011010101010000001101001010010101010
0011101010011011111010101110001110100000
1010101100010001111111101010000001001100
1000011000011101010101011010011110010010
0100001011000111010111010100011000010010
0000011011011011011100111000111111101111
0010100010011001000001011011100011011111
1010101010101101110001011001111011110000
0010011000100100111011001110000100001010
0010010011111101011011110101000011010011
1010001111000110101110011101011000111010
1001001000100011110010010010111101001010
0000000111001101111110001010000111000111
0101100101011111010001111000000000101100
0101111101000001001101001000011000010011
1011001000110010000000111111111101000100
1100101100011111011001000101101111100011
0100010011010011010111011001101010001111
0110110110101010101101111101100010001011
1000011100011010000101110000010001000011
0110001011010011010011101000111101010101
1111010010101100011001110010101100011010
1110100000101010011010111111010001111011
1010110110110100111001001111111111100110
1110100100101001010100010001101101011111
1110010100010010001000000001010111010011
0110001001001011011100001101010111110110
1101100010001000010000011110001100101001
1110111011001010111101011010111011111001
0110110001001000000101110000001101011100
1111010110100100111111000100010110010110
0001010110010101110010000100111101101010
1000111011011001010011101001101101101110
1110110100010101000101000111101010011010
0011010000100100010011010101100110111101
1010001101101110111110001100110101101001
0011000100111011110101111001110101000100
1001101001101010001001000000101000001010
0000101010110100001000100011010000001011
0000111101101010011001011001011110110111
1110011010100010011010001111100011111010
0010111001110110011111000000001011001110
0101011011101111001101010110001011000110
0100000111111111100111001110100000011110
1100111101000001101110010001011010010110
0101110010010100011001101101001110101111
0111010111110111100111000101000100110001
1101100110011001110111001011011101001000
1110101001010010100010000111011100001101
0110000001100100000110110110001001111101
0000011101100011010001110111111110110100
1101011101101111011001110001000010111110
1111010010000000011001100110010100110000
0000010110000100111000100101111011111001
1111010001001101101010111110110101111100
0000110010110101000011100001010101000110
0001101111111001000100010000011010100010
0010100001100000011011011010011100001110
1111110100010111101100001110001101011000
1000011000000011010011100111100011111000
0010111010001001110111001100110100001010
0101011000100011110110100011000001011110
1011110001111111100011011001001001011100
0110100011000100001000011001110011110001
0110011101110100100000000111100000101001
1101011111110001110111101101100100011001
0111010111100100000100110010000110111111
0010111010111011100110100010100011110100
0000011101111000111010100011101011001101
0010110001101110011100011001011101111000
1011010010111100011100000010010100011100
0111000010010111110101000011101110101001
0110000000101110000011111110110110010010
1001110100010101101000100100001110100101
1001111101001101111111000001001011001100
0111110101101001111001100001001110001011
0100001000001010101100111101110110000010
0100111101001111111110100010110110010011
0001111001100010011011111011011101011100
1010000110111010010001010100011110011000
0010100011101000000001100101001000001111
0011010111111101101010110000010111100100
1100000011011100110111111011110001110000
0100100111011111001111101001110100100110
1100001100011100011010110001111110101011
0010010111011001011001011110010011101111
0100100001100111010111110100110000001000
0101101101111100111100001000001000001011
0011001110111000001111001010010110000000
1000110110000111100010011000000100111100
1000011010100110011101000010001011110101
0101111101100110011011000110100011101111
1001011110101001111100000110001010100101
0000100110011000111001001010100101010000
1001010100001010111110110010110010100111
0101111110011011000101001010101110101100
0001011111101000100111101000000111101110
1010110000001011111111100001110000100111
0010000000101001110001101101101100001101
0011101110110111111111001111100001001011
0010011010010110101100011000110000101101
1011110111011011001101000010001011111000
1100111100111100001110110100001001001010
0110001110101010111101101001010101111011
1011100101001011111101000010000000110001
1110010111010001010111101111101100100001
0010000011110111110111000011000010010110
0010110100001110010010001011100000100110
1010011110010001010110110111001110111101
1011110110000011110100011011011111100010
1000111001001100011111100000111010111110
0001100101001101011111110010000001010000
1000110000111000101000001111100000010010
0000100010110101111010000001001010001111
1000110010100001110101111110001111000000
1000001101011011101001010110110001101011
1101000110101111100100010000101101001001
0110010100101011000010111101100100011110
1001001101010001111111011100001011011011
0100101111100011111111000101101001111011
1000111110000101100100001011001101101000
1110111100100101001010101000100100000000
0110010001011000101010000010001101001000
0101111010000111111100010000100110001110
0110011101100110110011001001100100001110
0100011001000000000101110000101111000001
0000101001100011000111111111000000010111
0010110000111111010100110010000010011101
1001100110010110101001011001110101000111
1101111101000110001101100000101010110101
1001110111010011001000001110110111101011
1010010101110110110001100001011000111011
1110101101101011100001000111011110101011
0000100111111000001110001111110100100010
0111001111111000000001000001110001001111
0001000001110101001100000011110010111011
1011101010100100110111101000101100001101
1000010010100110000100000100011101001101
0010100011010111101111110111011011100000
1101100100100101111011010010000011111010
1111100011001000110101110001111110001110
1101100010010101011001111101110000011010
1000110011111011001011010010010011110101
0100000110101101001000000010111111011111
1000110001101111010111011101110000101011
0010101001110101000111110101010010111001
0001101000011010001001010101001001000000
0110101001110100011010000111001101111010
1101111011111110011010110011111111110101
0101100010110000111011001001100101001001
1011010110110101010110111100011001001010
0000010001010101100001111000111000001111
0110111101010110101100101110011000010000
1111001010110001010001011000011000110001
0101111000010011001000011101111110101100
1001110100111011001000010110111011110111
0111111110010011101010001011110011010001
1101101010001100010111101111100001001101
0100101100101100101101010010101101011010
1001101001110101111100001000111000100110
0001111011110010010111110101111110110010
1011011111100100000110010000000001110001
0100110011101000010001111110000010101101
0010011101000000011010000100010101001010
0100101101000000111010111001011000001101
0000001010100100000001101010110001000101
1100110101111111010000111001101100001110
0010000000011100000110111001000100000001
0101000000111111010110101101100001101011
0011001100100001110101110001110010001001
1111100010111100100110101111100001011000
0000010010111001101100110100111011101000
0010011011000100111010011111011011111110
1011001011001000011111010010000000001110
1110011110011011111101110010010111000101
1111010010111011100101010010010101110001
0111011010011000011101010100010011101011
0001000010110001111100000110011011111010
0101101111110101000100001011110000011111
0110111000011101100001010000010001000010
1011100100100000001110110001100010111101
0100011100111100111011000000001101011000
0010100111011111100010000111101110111100
1110011111110000101110100000001011110111
1100001011000111110011000101110111011011
1101111100100110011101111010111101001010
0100001111000111101001011000010101010111
0101001110100011110000010111100100000011
1100010000110111111010101111100111011011
1010111011011100011001100001000100010011
1101011100011110000101001110110101100101
0000110001001110000101011100101111011101
1111111000001111111100111000001100000001
1010000110100111101001001100011111011100
1101010010011101011101101000100101001011
1010000101000101000110010010111011011001
0110001010110000110100011101010011110010
0000000111101010111111010011100001100001
0000011010000010000010000100001111010000
1110100110101110011111000001001001100101
0111111110100000110110101010001110100101
0110001001100001110000100110001010010001
0010001010010001010100111101111110001001
1110000000001101001000111011000001111010
0011011111001101000111100000010010110111
1111110000111001110010100100010011111111
1100001110011111100101111100010110110100
0000010000101000001010101010111001101111
1001111011000011111000100001010001011100
1001011000001101011000111110011100111100
0100000001110111111010100001001010110110
0100101010111101010100100000111101111011
0000000111111000100000110000100011001100
1110100010101100111000110111000100001011
0111101101001100110111101100011010010010
0011110011011010011001101010110101101000
1100001011000010110110000011001111111011
1010110000010100101001001011110100111100
1100111010000100000111011000111000110101
1110011001111011001101000001110100100110
0011100001001010111110111101011001111011
1101111000100000101000000100110110101010
0100000010111101101010101001110101101110
1110111110101110110010110010100010011000
1011011100011000101010010010111100010110
0000011000111100101011110000101010110111
0010011010010101111011110110001000110110
0001011001000010001110111110010110010001
0110000110110110101001111100001000001111
0110000101001010000000011001000111011011
0001110110010010000111000110100000010100
0000110110000100110001100101100001110101
1111100011111111011000111100101111110101
1001001000101110011000100010000110100111
1010011000100000110111111100000111000001
0001010100010111110010100111001100101010
0000110001000011000110010111111000000001
0110111000100000110010010100110110010111
0011001111111010010111010011001000101011
1101101011111111000111101101111001111100
0101010100110100010000111010100010111001
0111110011101000011010100001110110111101
1100100010011110101111001110101100010101
1110111101101101101111000101011110111011
1010001100111111010001000111100110010000
