40 2047
1011101001101111111011110001100001110110
0101010011001100011101101010111101000010
1000011101000011010001101010000110010101
1001011000010101110010101110110011111100
1100100000100001011110001110110100101100
1001100100111010110001000101001010100010
0010000001000010111110010111010110011011
0010101001000010110000100110111100110101
0001110110101110111111001010100001101000
0111011011010010010100000100010100001101
0110000000110101101000011111001101101000
0111100010000110011101110011111001110011
0101000010000000011010000100000001101010
1001111100101001110111110100110010001101
1000000011011111001101101001010101011101
0100010111100101001011000111011001011001
1111000011111101011000101110110011100111
0001000010011010100110110000101111110000
1011000100110001111001001111001010100010
1101000111100010100010111001010111010001
1001000011010000100000101011000011010011
0001011000110111110111001001001100001100
0101000111101101001000001100010010111000
1011100010101010110100101110011011000010
1010011011010101100101111111111011100111
1111101101001111000110010011101111001001
0000111101100100100010101101101011011111
1011101110001110101110000111101000010001
0100001100000100100111000001111010101100
0000011101001000110001101100010010101111
1110111001110100100111001001110001101100
0000110111101100001001100101011110100001
0001011011100100000111101111101000111101
0011110111000001001001011010011011010001
1110110001001111101000101000000101001100
1111000100000101101101110000000011100011
1000110011010001000011100011100100100011
0100010000010101110110010110110110111101
0101010000101101001110110001101111111110
1011100101111111100100011010110100100100
1000101110101011010110010010010100110000
1101101011011110100111111100101110101010
1101110100100010100011011000100011111000
1010101010110101110111000101000000000011
0010101100100010111001001001011110001000
1001110110110110100100101100101110111000
1000111000111001101000101101010110011001
1010110110011001100000110111011011100011
1100110110111011101010010000100011011011
1011000101010111011100111110110100001001
0101100100001101100100011100001011011001
1001110111010000111110110101101010110001
1011101101101010011111001010100000100110
0100100111100011101100011101111010111101
1011110100100111011111011001100001101101
0001101000111101111100100000010100000110
0110111100111010000011000011010000000001
1110001011010110110010101001011100011000
0011110101010001110001001111001000000011
1110101001001110001111010000001010110000
1111110100001110101010011010101000111110
0111110111101010110010111111100101101110
1110001000101100000001000011111000010000
0110110111111100011010001110001011001100
0101000011010001011100101101000011101011
0101000000100100111000100101011001100111
1110100111001000001101000110101011001111
1010011001011011101001111010010101000000
1010100011110101100011011001100011000011
0100001101010001011111111010101001011011
0100101101110100010111011110010010101110
1001100111010001110011101101000101110111
1001010100111010110000000111010000011010
0000010101001001101111010000110011100111
1110001010111010010111100101010010000001
0111110011100010111001100010010010111011
1011011111000010111110111011101110000011
1000111111000010110011100001011011010000
1100101111011010011111100000110111010101
0001111110010001101011100101110111111010
0010111010011001010111010100010011010110
0111011101111111010000000111111010001110
0110110011101101010110011111110001001010
0111000001000101110000101100001111010111
0110011001010010101001010011001101101111
0101000000101110111101111110110101011011
0101111010100101001011000011000110001101
1111011111101111001011000110011110100100
1000011011010111010111000011010100001110
0000110000100000110000111100001001001011
1000011000001111001011111011111001010010
1100010001010011100100111100110001100001
0110001101101001110011101110011100110010
1001000100110111010011101011100110100010
1001001001100010010110110111001110000000
0001000001100011000110000011100101111001
1100100110100010011101111101101110010000
0111101110000011101100111010100010101100
0101110101110100111010110010110001000010
1110000000101111001111100100111001011101
0011100001010110110100110101010010011001
0100111010100101111011110111010001100010
0101101000000001101000101010000000011111
1010011100100000010011111111000000001110
1001111101111010100110011010101110111110
0001011000111001100101101100111100100001
1101010011101001111111101111101010110101
0100101110000111111010010001000100111010
0010011100011100011110100011100000110100
0001101001001100010101001100000010010101
1100101111111001100100111110110110001101
0000111010110010001011000001001011001010
0110011010101001110110010100001110011000
1100100111010101101111010011010111011011
0001110010001110000101111001111000100001
0000000011110100110111111001011010000100
0010101010001111110011010011100010110101
1100101001011001011101001101011110100000
0010100010111111001100011011000000011010
1111111110010010010100000100111010101001
1100011001011110110010110010001011011111
0010001010000000000001101011100000101110
0010100100000111001110001000111110110010
1110001001010101100010101001111110010100
1001001011101110011001111111101111110010
1011100001110000110011110110010101011100
1101101001111101110011000001101010001110
0110011010000011110001100001111111101101
1000111101111111101010001110010100001010
0010101101001011101010100110000111001001
0100111110101101111001111011010111100010
1101010110011111110111100010010101100110
1100011011101100101011001010111101110110
1100111010110110100101111010011111000011
0110001111001101111111000000100110110011
1011000010100000000000001000101111001010
1101010011001101101000110111111011100100
0000110010010001100011011101111010001010
0001011111111100100010111110010000011000
1001010011000111010001101010110010011010
0110110100111100110000110000101010101010
1110110101010101101111011111111001010001
0100011001110101000111001001001100101110
0011101010110110110011010101101101101000
1101011000001010000111101000010111110110
1001010000010010111111010110111010001100
1110011010011111011011110110101100010000
1100101001011110110111001100100000110110
1011101111110010011101100010100101111010
0100111001001100000010001100100010001000
0100010101001100001000101110001001111000
0010100010100001110010111010100011011011
0110100001100101110011010010110010100111
0101101100001010000100111010110010000000
1101100110010010001011100001101110101001
0110011101001000011111111110010110000110
0110011101100111010000000110101001110110
0110101101110011101010111010101001011110
1110110100110111001101110101011101000000
1010100010111000001110110100100001101000
1001111111011100010001000100101101100100
1001110100111010101110011100000111001110
0000100010001011001010110000101100001000
0001100010010110010000111010001010101010
1100011101100001110000111011111100000000
0010110001101111001101011001011101010110
0001011110010100000110010100111001000011
1101111110011000101101100110111001010100
0111001110101000011100011010111110101011
0101010011001000111101010110000110001110
1000000111010101111010010101111111110001
0011101100010110010001001001100100100111
1100000000010000100100001000000110111000
1101000110011111000110100001110011000011
1101111100100101100110101010101100101101
1000010111011001110100010000111111000100
0010000011101000100000100000110000100101
0111111100001011011001101100101010110100
1001010010011010000110010101010001101101
0110000111001101100110100101100000111111
0101010101000001100010101111010010111101
1110011101010110000000111000101001110111
1100011000101100011000100011011011000010
1010101111100111000001100011000111110010
0100111010111000001110100010010010110110
1111011010010001111011101101110010110101
1010101111000000110000010000101111010101
0000011100001111011010100110111011011011
0010000000011110011110100100011110110110
0111000001000010011011010100000111101110
1010010011000011111011011110110001100010
1101101110111010001101000101100010001011
1111111110011000010010010011101101110000
0111010001110010010101011110100110001011
1001110111010011010111001110101011000111
1100100011111101011111101100010001011110
0101010001110110100000001110010100110011
1001010101011011111010000010001001001100
1100001010101011001011110001000001110010
0000101011100000111111010101001010100000
0100101000010100111001000010010111101100
0000110001010110011010000010000000011011
0000000110101001010011000100110010100001
0101010111011001111101100111101000100010
1001101100100000101111001101100010110110
0001001001011110011100000101110001110111
0010000011001010000100100001001001100000
1001011110110101011000111000100101101010
1100010000000110101001011011001001011011
0111010010100011000001101001011100110001
0001101100101010011110001011100000001110
1011011100101101101111110100000101110000
0101100100111011111100000000011111001110
0111011000100001111000001000010111100100
0010101101111001010110110011100001010010
0000010011000000000011111011001101111111
1101111110101110111111101001100001000001
1001000111111000011111001110001010110101
0010000110010100001101101001100000110000
0111100110010101100101000000010101100100
0001011111001001000011011000101100110100
1000101100011111111100101001110001001001
1100001100100111111010111110100011110010
1111000101110000010001001001001100100111
0011101111100110100110001001101011010011
1100110100100001101001111101101010010010
1100111010011010110001000110100010011111
0011001101000101011100111101100010111001
0111100100110001010000001111000000000111
1000100101011111100010000100010000010101
1011000010110000111001010100011001011111
0001100101001010110011110101000111011000
0000101111001001000110111111001011111000
0111100101011011011001010001111100000100
1011000100000010000111011110001101010101
1000100101011000111101110010000101100001
1001010011010100010110100000011010110011
1110000100101101011100011011010000111101
1110110000111011110100000010000100010010
0001100111010110101101111101000110111000
0010000011001110001000001101100111110110
1001110110101101010011001111010101000010
1101001011001000001011000100100001011110
0000111010101100101101011001001011110001
0101000110100110011001110101001001000011
1011011100111100110001101000010010100011
0011110111101000010001010000001101101000
1010110011000110010111000010011010110000
1111010100110001000000101000011010010110
1000100010110011000110100100110000111110
1000000011110100111111001001110100011010
1001111111110111011111000100000100111110
1011101001001000000000100101011101001010
1101010101111110111100001101000011010101
0010100001111010001001110101111111011011
0101000000110101110001000000101010111101
0001010111010010111000110101010111011011
0111111110110100101100101010101101101101
0000111110001000011011010011110111100110
0111010000000101110011011011111111101001
0100100001010110010101011011100011111100
0001100101010101011111010101001001110101
1100110000110100110000001111110100101011
0001101101110010001110100000111111100100
1001000001011100100110001100000110001010
0100000010101000001011101110101001010100
1001111111111000011100111011001001010010
0001000110111110011011100010101111011100
1011010101100000101110100110100100101101
1001010101001011101000100111011010100000
0000011001001000110100010110111011000010
1010101100011100001011011101101010100101
0000100010111110000001000100001100010101
1000001111111000101001111111010100110110
1110111001000010001000011111101000110100
0011111111101100110010010100100011111011
0001101000100001011001100011011101000101
0000010011000001011111000111000010110111
1010011100101000010011111000001001000111
0011000000111110011100001001010010101001
0000000101100101000010101010000101001100
1000000010101100101111100010101111100001
1010001001011110100011101100101010010000
1001011010111110110010010110111110100111
0110100001011101010011101101010101010100
1011111111011000000110101110000101001011
1010101010001111111101000111101000011011
0001101111100111101001001000100010000000
1001101110010000000000001010100000011100
0001100110110001011110101010100001010110
0001110011011000000101001011110100010110
0100001001000100110111010001001100010011
1010100100011101010110111101100111011110
0100111001010010101110110010100001101001
1111111101001100001011001100000100010110
1011101010000100011001101000010001011000
1111001100110001001101001001100010010000
0000010111011111111101010100110100001001
1111001111011011001101010101011010001001
0010000010000100000110111111010000111000
0011101110100000110010011000111110011000
1110000010011011101110000100010000101001
0000110110100010100110001011111100110011
0011011000101001000111010010011111001001
1111100100011110000100001110000000000100
0111000111111111101111011010100111110100
0010010111111000000010001010000000100100
1001101010111111000001001011111000100000
0110100000110101000100001100011111101110
0101110011111010100101100011101001001011
0110011110011100011001111111100011001111
0001111010110001110000100010011100000001
1000010010000101010101001010100001011100
1111000011111010100111001000011100110100
1111110011101100111101111111011101100000
0010110001101110111100110001111110000011
1110110011101010101000011111100000001110
1000000101100001010011001100100101000101
1111001111100011110011100101000101001011
1000111010100101001110000101110001001001
1011100001001011010110101010101001110000
0101111101101100100000111001000010110110
0110010110011100110000010000111000111010
1100101000110101111001010110110100001010
1010011010000101011100110101101100101011
0101110010100111101001000000000110011001
0010001010100101100010110001110111100010
0010010101100011010000101111011111011001
0111001101111001001000110110000111100101
1011010001010001100111100100001101010000
1111001010001100110101001010010000100000
0010010010000110001100110110111101011111
0001110010101101111100111010000111110000
1000010110110110111001000001100111011111
0110100001000100100100000001111010110010
0101101110111110010110100010100110001110
0101001110011110100000000101010101011010
1000001001101001001111000110111010110101
0011011011011100100111000000100111001011
1000100101100101000100011011000011111101
0111010000111000101111101010001101101100
1001111000000101011100000000111100110111
1001010000011010100000111101100110000001
1011111001101010100010011111010100000001
0101101000000011110011111101111010001101
1010000101010010010100101101010000000100
1011011000011001111101000100101010100111
1110011000000111011000011001010111101000
0010001000110100010010000110111010001111
0101101101110110000011110011011100111110
0011001110010011110101110011010010111000
0010111110010010111010101101110101010011
0000010100100010011010000110000101001111
0000110001111000101100011101010010101000
0111101100010101100011010101111010110001
0101101011111010011001010110110101011110
1111100101110100110011110011111000000000
0010001011010011111111101011011010101111
1111000001011001101111111110010100111111
1110101001001010111110000110010001110011
0100111011100001000111000001001110010101
1100000111101000010000001000111110101100
1101100111000100000100110001000001100010
0101101111000000110101101000010010101111
0101010100100001011001010010110110101100
0101101100001010111010110011001111100110
1010110100011010101101100010111100111010
1110100010111010101010111110111100011100
0100100100110011011000000111011000101000
0000000101000101111010001110111100100100
1101101001011000111111110001011001110010
0010001101111011000011111110010100011010
1100110100010110000001111000111100000011
0101010110010011100011010011110111110101
0000000011110101111100010001111110110011
0101011000110001111101000011111111010000
0000011111111110111110001110010010000000
1010010011100110000000110011010000001011
0001001001111101001001111100001011001001
1011110011101100001110001111010010101110
1110100001001101101010110001101011101011
1011100111011101000001000011010101100101
0110110101110111001111101111010011101111
1010011001000001111111001101010110100000
1101101000110101000011000010110000011011
1101100101010011101011011010100010110010
1110101100011001111101101111010011111100
0000100000110011110110100110101100001111
0111100011000110110100010101001100101011
0000010100110100001101101010110100101110
0010100011001100011011101000011110101111
1011001100010000100011011101011110011001
1000101001110101101101000011001110111111
1001010101001100100011011011000001110100
0101101010010010001110011101111000101111
1010011100001100010001110011000001011001
0011100000101000110011111101000111010101
1001010000000000111100010001001100110000
0011001110000000010001011101001101011011
1110101010000101101111100111010101100100
0010001101111110100100101000010111001000
1100001111011110010111010000000101011110
0110000110111010101100000011011011110101
1010111101010010101101001101100110100111
1101000100111111000000011001110010011100
1000100000111110110111010110111000101000
0110101010001010001010111100011011010110
1011100111010001111001010000000100001110
0100101100100010111111100110101100010000
0000111110000111011000100110111001110011
0011011110110101011110101111100101011000
1111100010001010001110110011101000011101
0100000100011101000110101110010010110111
0011001001100110011000111011001111110011
1110010110011111110010011100010101010110
1001110110110001001101111110011101011101
0001001010111110000000010001101010111000
1011111001111110111111100010001000000000
1111110011011100101011001100010101100011
0100101101001110101100100010111011001100
1100000101111110010011011010110001111101
0010001111101000110110111001101001001011
0001001011000010001001000000111011001010
1101110111001110000100111111110111100010
1001111011111001111011110101000101100011
1010011001110111101110001100011010101010
0000011111001100000010111001001100011011
0011101000011100011110100110001111100001
1100011010001111000000100110101101111110
0101111111110000011100101101010110100110
0000110010111000011110000111101101000101
0100101110001001010111101000000100101110
0000010001111010011110111010100110111111
1010010011010100111100010011010011100100
0000111110011101011111011010111000100101
1010001101100110001110110110100011110100
1100010011000010010110100101110000011010
1001000101110001100000001000101111100001
0001000000101011110111100110111101001111
0011110011001100111100111001101011000001
1001001010101000010100011101010000101010
0000101001010111000000101100010010111011
0000010100000011001111010000010011100111
1001000000101100110011101100100110011011
1110000101111000101110011101101101100000
0010100001100110110001101000110101010111
0011101100001010100001001101011010110001
0110101011100001010100100010010100100011
1001010011111111110000110100000001001001
1100100100101011011011100010000111100101
0100001110100010011000011110001001101111
1011101110101001001111100010101010001011
1001010111110100111100110011111110001100
1111110001011100111001000001101101110000
0010110111101101110011101001100100011110
1110110110011010101010101010010110100011
1001111110000001000100010111111101100010
1110011000010110101111100111100110111111
1000100010111000000011100001111110011111
0011111011100110011111101111001010000001
1010100000111101011110101101101110000011
1011001000111100010110010011010100100011
0000011101101010000000010010101100011101
1011101001010100000101110000110111010010
1010111011101010100000111011111111010100
1111101001111011100000001111111111001100
0111011101011000101111100001000110000000
1110110111111100001100001100000000001100
0111111110101011000100000010000000100111
1110011100110101011101101101111100111011
0011001110000101001000111011011110000101
0000001010101001000011011001001100100000
0100001010010110001100110101111011100001
1010100000101101111100000000100011101000
1000111101000111001011011011011111010000
1000000011110110001110110011111110101010
1000010000111100011100001101001101011100
1110101101000110001101110000100101001101
1101100000011010111110110100011001100100
0000110011101100110001101001100011110101
0100000000100101100110101101001100000111
1111110101110110011001110001111101110100
1001011101111000010000000011000011110100
1000110010011101100010111100111110100000
0100001101100000011001011011011010111101
0000011101100111100110000010111101111001
0100011001100101100000000100011010010111
1010101110001000011110111110110000011110
0101100010110010100010000011010100101001
1000011011000101101001111100011110101111
0100110000110101011010001101011001011001
1100100000100110110001100100000101111000
0101111100110010001110000011110000011011
0001100000010000001000111001001110010100
1101000000001011000111010111101000111100
0000111010111011010100110000000011010001
1101100100001101100100001001001010110111
0011111000011010000001111010000000110100
0110011111010011011110110001010101011011
1000001001101111000111011001110101011110
1101000101011000110101011100100001001111
1011001011001010001111011101010100100010
0101001001001010000001001000111101100100
0101011010110110100111011110101110111110
0001111010011000011001000011100010000100
1100010000001011001010001001100111100010
1010011111001100101011011011100111110001
0111010011110001010011111010101010000000
0011100111110110100010000001110100100011
1101101110000011010111001000001100001010
0100010001100101010110110000001000000110
0001001101111111010001001001101110110100
1010011011111001010110110000010011110000
0011100000110111111101000110010110111110
0101011101000111111111001101011111001000
0011110100000111000010100010100111000011
0110101000110100010011110010111110011001
1110001001110011011111101011011101001011
0010001100100011101011111011100011111101
0101101100011100001111101000100011101011
1101010000011011001100110001010000111011
0100011100100010000100110100000111110000
0100111110110111110111101000011001110001
0010001001101111010111110110000100000101
1010011000110111110010111110111100000111
0011001101110000001110110100101111011101
1111100010110001001110111000110010100110
0100010000011110011011011010011100101000
1000010000011110011000011000101111111001
1111011111111100001101011011111100100010
0111011011011001010110111110011111110101
1100101111011100100000001111000100101011
1100100101101010100100001110001110010011
1000000001010101001010110000101111101011
1100110001100010000100101000010101010001
1100011011011001101111001100001000100100
1100011101100111010110011101011111100011
0010100011001011001100101000111000011111
1011011110101110110011010001111101110011
0110101001001101111111111000111100111110
1101110101000100001110000111110110011000
0110011011000011100000010000110100100100
1001001001000100000000000011011100110101
1000000010000100001001011111001000001110
1001111001100101101110000100101010001001
1011101001010000101010110110111011110000
0110111000110110111111100001111010101010
1101111010000110111000111010011101001000
1101111010101010000000000111010110010001
1111011101111010010111000100100010111010
1101100100001010101101110011000001100010
0010001001010111011010011010000010100100
1101000010001101101011001111111101101001
1111001010100001001111110001000100010011
0100000011111000001100000001110001010100
0100111111100111100111010111111111101010
1110000101111000111000101010100101000001
1101010001000110101111111100000001100010
1010101100111001100101011101110001101010
0110111100001101111000001001011000101011
1111110000111110001000110110011110001011
0001100100101011010011000001100010010011
0100100001001100100011101110100101001001
0001001000011111101000000011111101101000
1111110111111111101001110010011111001110
1101001100110011000110001100001100101011
1000100101011101111110000001110000100100
1001100101111011100101100001110000001000
1111001101111111100110101000001111100111
1000001001001001100101011001110101101111
0010001010110101001100101000010101011100
0000110000111010010101011011011111101100
0010001111010000011111110110011001100001
0110110100000010110100100110011100011101
0111011100001100010011001101110010011100
1000000100010101110001100101001110000110
1101011100011110101011000100100000010001
0110011110000110101010010010001110010011
0001111001010001010100010010111101101000
1111101001001100000011011101010101110101
0011000100101100000001000010111000111010
0010111000100010111111100100011111000001
0110111010101111000011000101110001010110
1101011011110100100111000011011001001001
0011100001110001101110000111010111011111
1001111000010011101110100000011001100010
1110100001011110101110110000110111101000
0111000010100010001001000001111110000101
0000001010101110010101011011100111010101
1000010011010110100011111110010001110110
0100000001111101010010100000101001111101
1101000110110101011000000001001011100001
0100000010111100111011101001110111110100
0011110001001000010011101010010000100011
0010000001010010011101101010001101111001
1100110000110110011110010110111110000011
0011000010010110011000100001000101001001
0001100111101001111000010101110101001101
0111110101101111100101110110001101001111
1110111111000111100010000010011001100011
1101010000101110000101111110010010010111
1111010110010010111001001101111100001001
0111101011101011110011111111011111011100
1100011101001110101011110100101110010100
0111100011111100101101111000010011100011
0101100001100011011100001001101101000011
1100111101111101111100100011010011110100
1110110010001101010111010111001100111011
0000011111000000011011110111100000001101
0101000001010000010011010000110011101000
0110100000110010101000011110000110100010
1110011001011001000000011100100001000000
0010110101010000100101110001110111100000
0010111101110110100101010011111111100111
1110001010000110010111011010101101100011
0100101101010000010111001111111001111111
1110100100011110101110100100010010111000
1000100010010110100111100011001011100111
1101011110101100001011010100010111101101
0101111111111000100001111000011100001011
0011101111110000100111001110010011100000
0001001110001100001100101101110110110000
0111001101111110110110011100101010101101
0111111000100011111011101000000010011111
0000010011101100100010110001100011111011
0000111010100010111001000101101110011011
1000110100011101100011010101000110001011
1100000110011011010111001100100001000111
1101110000101111101011000000111110000110
0110110010101110010110100000100011001111
1010000101100101111110010101101101011001
1010110000111000100001010011011110110100
1001101100011110010001010101011100110110
0000010000110000101010010111000101010010
0010100110100110101110001101110010011001
1001010110110011001011011101011001000101
0100001110101101011111011001110101100011
1110011110001011011010000011111110000111
0010011100100110111100000000110010100110
0100010111010011110100011101110011000010
1100101101101100011110011110110010111010
1001001110010011100010000011111011011100
0001011010110101100110000000100100001000
1011111100111110111010000111111100101110
1100011101000111111100100001011001111011
0101000110010000000011101101110001101011
1010000001110011100010000110010110111001
1100010111100110010110001101010001000000
1100011001010000100101000100011111000010
0100001111001010110110000000111010000110
0100110100111010000111011001110100110001
0110010001110001000101010101111100001011
1010001100011011111001000010110000010100
0000010011111001001010110011101010101010
0010011000000111000100101100100000100010
0010100100110010110010001101110100000101
1101110111001100001000111101000110011101
0101111101111111101011010010010110101111
0111000001011000110001111011100110100111
0001010001000101111110000010100000101110
0000001110000000111010110010111001001101
0110111101010001100010111110101001010011
0001101010011101000001001100000010010010
1010111010001101011100010100100110000010
1110001000001011000111001110001110001010
1100101100000001011011110010010011110010
0010110010000000011110011111000010101000
0010000111101001101100010001011110110100
0001111111100110101001111110001010011111
0110111011111111001011110100101010110010
1001000100010001100010000010101110101100
0100010110111001111110011101010110010011
0010111110011001001110000101000011010101
1000010100001111011100011101011011110110
1010100111001010110110000101111111110100
1011011000011111010001110001001111101110
0110101101100101011011010110111001101111
0101100100100011000101101011010101000101
1001110110011111110001000111111111111001
1111000110000010000010111011100111100111
0111101101101000110100100111110100000100
1100101011110011100011100111110110101110
0010111010110010111100111011011000110110
1000111110000001100011111111111100100110
1010000110100001000100000000111001100101
0000000111110001111111000000011110011100
0011100011011111010011101010011100111001
0101001100010110011100110111111111001110
0001001001001101010100111001000100010011
1010011000000101101101101010001100110110
0100001001101000001101011011010010001111
0001110111000010000101011110110010110000
0010111001000000111100000000010111011010
1110011100010011011110101110010010001011
1001100111011100001101011100010011001001
1001011111011110010000001001011111101110
0000101010001111000001010101100101000111
0111011000001010101001100110100100010001
1111111011011001110101000110011001101001
0011111001001101110011101110001101011010
1110101001111011110110111111100001101000
0111110001010101000101010100011011000000
1110101110010110110001100010011011101001
0000001110010001000111101001110010101011
1011100110000011101000110010100000111011
0100010001011000000011111110101010011101
0011010010001011101001111000110000110001
0011000111010001011111110101000111000011
1101111110010000011000100110010110010001
0110011001000001001100000001111011111111
1111011110001110101011011110100000100101
0010100110111011001100000101001101101111
1110010011110000111010101000110000011100
0011110001001000100100111111111110101100
0111111100001100011110111011101100111101
1110011111001010100110110100100000000101
1100110100101101100101000011101011011011
1110011110011101010000001111100111010000
1011001001010011100110110001001110100001
0100010101101110010000011010101001010011
1011010010101001010000010100011010101011
0001100100000010000110111111110101000011
1110111000111100000000101000001000101101
0001110011000000100000101000101111000000
1000111011010111100000100000111011101100
0010101001110100111101100101001010000100
1101100010011110100100001111110111001111
0100001010001111110100000110101011000011
0000010010111011100101111001101010001111
1011100011001101101011011011100010000001
0111101110001111101010000000001000100010
1110111110001010010100011000011101101000
0101001100110001001101100110111011010110
0100001011000001111011001111111110001100
0110110111100000111011011001110010111110
1010111100100101010010010000111011111010
0011101000111110001100000000000110110111
1001001101100111010000100001101101111111
0001010010000010011100010001111010011011
1111101001110000001100000000001000010010
1111101000100101011011100000111100011000
0100100001111001001111011110110010001001
1101010000010100101001000011111111000110
0011111111111010010110000100110010100010
1011100000110100010110011110110111001100
0011111111011100000110101011101110001101
1001100010111001110110110001011001101101
1011100101010000001110110010010000001001
1100111100010000111010100100100010110010
0100011000100101100010110000000010110101
1001111101010001110000011001001010011001
0011100100001101100000010001111010100100
1111100111000111110101100010001111001010
0100001001101110101011001100111111111111
1110111101010000110011010011111011100101
0000110001010001000100000111111001011101
0110110110000001011110100101111010110000
1101001100000000010100000010011011001101
0110110111100011000100111001111010101101
1110100000011100011110110000010111110101
1110100011010010011101111011010100010100
0111000101110101010011100000110101011110
0010110110101010001101100010000000111100
0001100111100100111011010011011110011000
1100101010110111001011010011001011110000
0011110110001110000110110110000000011010
0100001001001011010010101100011010111100
0110100001001101100111111101111110000110
1010111110100011010110101111010010001011
1111100001011100011100110010011010010011
0010011110001100010101011100111010111010
0100110110010100001101101000001110101110
0000110000010011110010100000010010001100
0101100011100100110011000001011000111010
0101110001100000100000000001011100110000
0001001101010110001010110001100001000000
0011101101101011001110001111001010110110
0001010111100110011110101111000111000110
0100000011101001101010101010110101000100
1101011101101100001110001100111011100001
1100010000000001001011100111001001010010
1001001101100101101000011111110111010000
1001110110110001001010011000101100010100
1011110001110101110000111110111010111100
1111001000111111000100101110111100010011
1110000011110100111011111010110111010011
1010000011011001001100001010101111111111
0011011001011101101101010011011001011010
0010111001100111010010100000001100111001
0001111011011100000101100101110011100000
0011110111110000000101000100010101010001
0101100111110100011110101101110011000010
1111110110100010000111111001111001101101
0010010010011010100100010001010011000001
1001001101111110001001111110010111010111
1110111011010011000010101010111010111011
1111001000010000100010010001010000101010
0010011110101000000010111010100001010100
1110010010000101011110101000001101101000
1101111101101010110101100111101001000111
1111111001000101011000001010110111000111
1111101000000110000010010110111011100101
1111011010110000100100010011100101001101
1001110001101010010011010010001100101000
0011111111000101111011110111001110100111
1000011100001000110000000100000111100011
1111100111011110101111011111101111000010
0100110011110110100000011000000011110111
1101100010001000011010001010010110101010
0101011101101001100011100010110101100001
0100011010010010100001010010010111100001
1111011110010111010010001101110101100011
1011101001111100001100110100001111101100
1010000010011101110100110011011010101110
0010011001000100010000110110101000111100
1011011011011100010100010110001100011110
0000101011100010100100101101001001010001
1010011111011110001100100110011100000001
1001111001111101010011111010111100101001
1100100010000000110100011010100100011001
1111011001001110011001001011000011000100
1011111011101000100010101110010111010000
1011001000100101010110010110111111011110
1110100000001101011111000010010010110101
0110110001001100100101000000100001001111
0000100110100010100100011100011010111110
1010110011010110010100101111111011000001
0101111000000001001100011000011001100001
1010110110111011100100000010000000110010
1001001100101111100001100000111010110110
1111101111110010110001000111010000100010
1000001001111000111111100010000110101111
1100111110101110101111011000110011111101
0111001110110100010010000011111000100011
1000111101011011110110011100011111100011
0111110000000010111111100001011111000100
1011101010111111001101101101100001111111
0111101111010111110111000101000010111010
0011011111110011101000011111101110010011
1111101101100101111111111001110010001010
0001000001100010111111010000001001000001
1111011100101011001110010001011111101010
0101010101110111100000011000001111110100
1100001010001111001110111010000101110110
0101100010001010001001110010101010001010
1110110100011001010011011011011001010110
0010000111010100100011001100001001100101
1000001001110111111110001101001110110110
1110111010001100001100011010111100000001
0110010100010010110010000000010110110001
1001001001000010101001111001001101000111
0100110001000000101010001100010111011111
1010011000101101101110111001001000111101
1101101100110100011000100011011111000111
1001100110000110000011110111110101111111
0110011101111110001000101000000011110111
1100111010011101011011100010111001001100
0011011010000011111111100001010111000110
0011101100111100001000001011100110101111
1001011010001011110010001100100001111000
0011011111011000101100011010111100110111
1111110011111101100001011000010101110010
0010000010100111110101101010000110000011
1011010000000100001110100111001110101010
1110010011110001011100000001111100100100
0001101110111000110010011110000000111000
1000001100000011000111011010101011101111
1100000010000110000001111110001111101100
1111011001010010100101001100101111001000
0110011010110111000010110100100111101110
0011001000100100100001101011100111101101
0000110000001101001011010100111100010011
1001110010101010001110100110010011100110
0000110111011111000100111001000001111001
0001110010110100101011100011100110011000
0011010101010110100011111001110110101011
1010001111000111111101100010111110000111
1100000101000001000101100001011100010100
0101110101010001101110101100011010110011
0011011001111010001010000111010101001101
1000100110110110111111101001011101010101
0100101100100101110011000001110000110110
0010110111010010010100010111101100001010
0101011101011111001001100100011100011100
1111001010000101011001100100010001001111
1010011011001100110000110001111111101010
1010000101100101001010110011010010100110
0101000101000011010111100100011101010101
0110101110011011111000011001111101010110
1111110000011000110001110001010010010110
0001001100110100011010000010110010110110
1101111010100111110111110101111110011010
0101010011010011000100100001100010001110
1010101111111001100001000101010011001110
1010000011011110000110001111110111001010
0001001001111110010111000011010010011111
1100010101100111001111000000010010110110
0101110100000010001000111110101110110101
0111010111001011000001011001011000011110
0000000001001111001011011100011110010111
1101100101110010110101100010101001100000
1100011011011010110100010001011011011100
0111001111101011001000000111011100001011
1010000110001011000001101010010010011110
1111001001100010111100111110000111001001
0010111110110001010110110101000110100000
0011101101010011011111000111110100001001
0000011111110010110100011111011001000101
0001111111001101001101000111110010011111
1010111010100010010110010001110010011110
1000010001111100101010111100011110110101
0111010001110011010001110101111000001111
1011111011111100100100010001100000011110
1000000101101011000001101011000000110101
1011110000001000101001011100101101110010
1100100111010000110101001000011111010110
1100001001101110111110011000000101011011
0101110101000001101010101010101000101111
0000101010001010010010000110010101100011
1011111001001000011100110000101100000011
0001101001110011010011011110101011011000
0010001000001011000011101010000100110000
0110010000101110011101110111001010010111
1010010011101011110000100110111101100011
1101001011111101101101111000101010010000
1101110101000001011100111111010111110110
1100001111100000100111010010011000001011
1010100110010101010010110110100011000111
0000101001001110111010101010101000101111
0011110101001101000011100010111101000011
1101010000100011000000111101001111011000
1100000010100110000101110110010010001110
0010101100001000111001101101110100001110
1011110111101011000100000001100000111111
0000110001101100101101100100110000100111
1101101001000110011111110110001110110101
0001000011111100111101110001000010000110
0000011111011110100111101101010011001000
1000011101010001101111000111101000001101
1110100000101010010111101011000100001010
1000000100010010111000011101000100000101
1010110110110110001010100101010010011101
1101110111111101111000011100101110101111
1000011001010001111011100000011111110100
0001001010110101011000010100100010110100
0000110000000011010111100001001111011001
1010000111100011001111111001010001110001
1000011010111110011001110010001110100011
1110110000110100100000100100110100000111
0001100011000110110001001001101001100100
1011001010100101010111001011000110000101
0110110010100010111110110011100111001110
1011010000010111101100000101111000111111
1000111111010111110110001101101110011010
1011100111111001000010011111011010101000
0101001000110010000100101000100101001101
1111101011001100010000110100000100000111
1101100101010001100001110001001100101010
0010010011110011111111010111110010110001
1110000111101011110001110001101111001010
0100011100000110000011110111101001010010
0111101110011110010111010010011010101011
1110011100010100001110000101100101001011
0001001111110011110110101000001101100100
1010011111111110100000101111111111001001
1010011001011111110110111101000010110101
1100000000001010010110011001010110011101
0110001010111011101111010001110010111110
1000111000111101100110000000010101011010
1101110011101100011110000000000101100101
0001011101001011001110110110111101111111
0101100111010110111000000111010000000010
0100001110000001011110101101110101100001
0011011110001110001001011110000101100110
0001110011101110000110000010010000100100
0010111011010011110011110100000011100010
1010111101100001001001011001111011111001
0010011010010001111000001010110100111110
0011110101110010000010111000110000110101
1111111000011001011101100010011100110010
0000111001010100000101001110001011111010
1010100001110011011100011001010101101101
1000111111101010011010111100111101100011
1011011001010010010000111010100000001001
1010111010111110101111011000011111100011
0010101000101110110010111101101000111010
1000101000100101101111001010101010110010
0101000011000111000100101000011111000000
0110101000101110011010000100100010110000
0000011101010110101000101011011001010111
1000011000001000101001110101110110110101
1000001110100010110001110000100011111010
1000101000101001111011111000000001010101
0000000000011011101111000101111110010110
1101011010011011100111101011001110001100
0111111111010111010110011101010111001100
1000001100101001111101111001111100111000
0111010001110100001101100000011011111001
1001110011101100110101101100011000111100
0101000111100100110110001000110101001111
0110000101010111101011001111111010011011
1101001011000001000111000111100101101010
0110111111101001010111100111001001001001
1000101000001111100111000001110000101101
0000101111101100110010010010011110001000
0010111101110001101111010000011101010111
1110001100100010110110000000110101101111
0011001000000111001110001110111101100110
0001001111011100000110001101101011101111
0001000110011100000011010001010100111011
0001001001100001110000010011111110110110
1101001000011100001011000010100010001111
1001111011101101110011001111011100101011
1001101001111111000000001011011000001001
1001011111101101010100010010001011010000
1111010001100011111101110011001001100111
0111011011001011000101010111011111100101
0110101001100111101010110001001010101100
1100001100111010000100011011101001100100
1110101101110010000011110000001011010011
1101110000101011101100110111011001111101
0111111101010111101001110010001110110100
1000010010111000100111001101110101111100
1001010000000000110111010001011100111001
1010011011100111000011011001010111101100
0100101111001100111011010001010101100111
0111010110110100110100010110011001101010
0001111011110100110000100001000101000011
1010101010000101111110101111111001100011
1110111011110100111100011001001011100101
1110001010101011001001100111000111111010
0101111101111100000000010010111101111110
0000011110000100011100100101001000001001
0100010000111101001011110111111001001011
1100000101110111101001111011100101000010
0100011000011001101000111101000110001011
0001110011000011111101110011000111010001
1100101000101011010101100101111000000010
1111001011101011010000101100011111111010
1001110001100000010101111010110111101110
0111000100000000110110011010011011010010
0001011011110101110100111010001011000111
0011001010101010100101011111010011001110
0110010001011100011111010001011100001111
0010010010110101010101001110001010100000
1111001100110000011011100010100011101100
0000111011110010010101001010100000101111
0011111000001001011101110010000111010001
0101110000000010010011010110010100101000
1101001000110011000000000010011011111000
0110111001110011010000001001110100100100
1110111001100010011101111100111010101001
1010011110111110110010001001110001100110
1110011010000001101110101100010101011100
1010000000001011111011100001010100001100
0011101011101100001101011010111001111000
1111001011000101100111011000111110001110
1111000000010001000000101000001001010010
1101010010101001001001101000111110010001
1111010101100100100011010111011000101111
0111101110001001011110110011011111100111
0101011110100011010000111101111010011010
0001101010111111111001011001100011111001
0010100010110000110011100000011110110111
1000111000010000110011100100010100010001
1010100100000101010000111101011110010011
0010101011010001000010110101110110010001
1100110010011010111001111000010010100111
0010010001011111010010101111101100001111
1001100101010001110101100010000110100001
1110010110101101101111101000000011001101
0011001100111001100101110100100110100110
0101011011101101000000001111100011001001
1101111101111111111100101001010000011010
0010101100100100001111100111110110000010
0110001011110111010111111000110111010000
1010011011101101100010001011011110110100
1110111110011011000110011111100001101010
1111111110100010111001100111011111000110
1100001011101111000100111110110010101001
0100011001100000001100001010111101101000
1000000101100101101110011011011100110111
1011111111100000110110110111011110011000
0010011111011010100001000000100011000110
0110110100110001111011110111000100101001
0010011101000001011110100110101101101101
0101111111011101111000101100111100010001
1100001001101110010000111111001111111001
1100101000011111000101101011101010010000
1011000110110000110101101101110110000111
1011101101110011101100010000100111010100
0111111111101000100101100001001100111000
1001011001001110100011000010110010001100
0100010000001101001011000001001000010101
1101101000111011110011010100010010100111
1001110110011100101011001000000010001111
1110100101100111011101010011001101011101
0011111100010100110000001011001110110101
0110111000010001000000100001001100010010
1010110001111101000100000001000110111010
1101010111000010111110100000101101110100
1100110111111110010111101111100111111011
0000010100010111010010001111110111111100
1110100011101011110011100100000110110011
0010001110101100001101011100010101001111
0000011011110010000110111101001100001110
1111001111000101001110001001000100110110
1101101101100011001010100100000000101001
0101011100011001100010110011000101000110
0100110011001001000100000110011001100001
1100110111001001000011110101000011111101
1110011001011000111100011101010011011000
0001100001111010110001000111000100000010
1001011110100101001011000010100001010100
0101011011011000110010010001101101111110
0101010000110110000001110001001011010011
0110110101111011011001110101000010101000
1101110011010100100010001111101011111101
0111111100100000011110001100011011000101
0101011001001110010110011100100101011001
0011010001101101000000110110001100000111
1000000011101000101000101101010001011101
0010010001101010111110111111110111111001
0111101010001000110110100101001011000011
1110100100001101111111101000010101001100
0011011000110101101000011011011010111011
1011000101101010100000100001100001011100
0001010010101111101111000101000101010111
1111101001101000101000100111001011101000
0011001110111001010011011101000101011001
1101101001110001100000001010111110000100
0010110111101010001111011011000010101100
1100010101010111110010000011011000001101
0111101111011001000011110001100101011111
0000101001010001110010100010100000010100
0101001110010010001111100110100001010111
0101010111010100001011100111011101011100
1111000011000010101110100110100111111101
0011011101000000001000101011100010101010
0011011100001010110101000011110010011010
1011111110100111111101111001110101101000
1110101111100110110100000010001111101001
0101001100000000001011110011001111100010
0010010100000100000110111001011010001101
0011111010110111110000001001110000001011
1100100100001010101101110000101111100100
0001011001011001010101000011101101110011
1001110010001101011001010000011110101101
1110001010010101101011101011111100001101
0011100010111001011110101111110111111100
1010011011001110011011101110111001011100
0010100001110001001000011001011101000101
0011101111111010000010100010111000010001
0111000000001000010110110101111111001001
0111101001001101111001011000111000100010
1010011110010100101010100111000000001011
0011100001000111101110100001111010110101
0100011000110100111111110011110010100101
1111001100101011001010011101001110110010
1110111111000100010111110100011000101010
1000110001100010000101001001011111011011
1010001101110000111101011110011110100101
1001111100100010010111111110000001010010
0110000001010111000111000001110011101001
0010001111000001011110100100101100001110
0011000101110111110011010100101011011011
1111101100100010100111011010001101110001
1101111111001111010001100101101001011010
1111110100011110000000011110001000010101
1010110100101111110110011110001010001100
1101100111111110010101001101011101001000
0011010110100111110110010011011010100010
0001000011100110001000001110001110100100
1110111011001100001110011000110101111101
1000011001101010011111110110010010111110
1000010011111111001111111110101101111001
1100101000001011000111001010010101011011
0111000011100111001110001000111011110000
0100011001000111100010100001101100000001
1100000110110111010011011111000110011001
0110001001110001100101101010001111010000
1010111001010100101111101001101101001011
0100100000110101111001100111100111001010
1111000010000100101101110100000101000101
0000111110011111010010111100111001110011
1010010011010110011111001111110001010001
0110010000101111010001001111111000001000
0110101100110010010000111010110011011101
0110110010001100111100110101100010011101
1110011111001101001110001111111101110010
1111111101010001010111011010010010000111
0110010110110110100101101101010100100001
0101111110101101001101001010001100000010
0101011111100110110111100111001011110110
1011011110001101110010101011110110101100
0001100110100000001000110010010011111101
1100000101110110100110011111001011010010
0001011011000010100110101010000000001100
1100000001010100010101001011011110001001
1001010101000100011000001100100010110001
0100010001111010101000011001010011010000
1010111001011011000011001111000110011011
1010110110001011000011110100010010010001
1001110110101001111110000100101111011100
1110110000000010000110000111100101000011
0111101000010010101111010101001001100001
1111101100001010001010001000110011110010
0011001000000010111010011111101000000000
1111000001001011100000101111011100101000
0000110100011110010101011011000011001111
1100011111001101010100100001011011111011
0000101101011001001111100110101111100001
1001101001101100101100000011111100101101
0111010010011001000101110011101011110011
1010110000001001000100100101110100110101
1000011101101101010100011011011011000111
0001011011100010111101100111111010011111
1001000010111111000010101011111010001011
0101100001001001100010010111110110000001
1010100100001000001100000011011001111111
1100001100110001100111001101011101100100
0011110100110111001010100011110010010000
1001100101000111110111011011001111110101
1100101011101101111111010011111010110010
0000001111110100010101110001000011111001
0110010001101000000111110011111111111011
0100000001111011000100001111111001110001
0100111011100011010101010010000000110010
0111101100000000100011111100110000111111
1001111001011001001111010000101111101011
0001001111100001001111111110101001110011
0000000110000010001101000100101111010011
0111000011100101110011001011111011001001
0001011010101111111001100100100010111001
0001100010101001110110101101011000010011
0100000000011110100001001000001110011010
0001001110001011010101111010111110101111
0010101011110001110010101101101110101101
0110101110000001011001101101111010001010
0100011100011111001010001100110101000100
0000100100111010110001001101100111111000
0101010001001111110101010010001100000011
1000100110110100000010111111010100110111
0110010111010001001100010100011111010011
0001101010000111111010101001001111011011
0100100000101011110000100111010000000010
1101000000001111100000111111000000010010
1010101111010001101011111111100101001111
1001010101000011101011000111010001011110
1100010110000011000110100010000101010010
0101010011111101101011010110000110001101
1100011111011010001110111110001101010010
0001111101101101110111000111010100001001
0101110101001101111100000001000000000001
0100010111011000000100100010100000101111
0101110010100000111110010001101011011111
0011010101000111010010001000110011010010
1001101000010110000110110010100111110010
0100101000000110001101100000110000000100
0010111011011101101010000001011010110110
0111101010100110100110000000110110011101
0001100001110111011001000110100101110011
0000001010101101001100001010000000101000
0100101010011000100111110011010001000001
1111001011010000000000100001011010111101
1010010111001100000101111111000100110000
1101000110010001000111000010011001001010
0110110010010011001100010001110000111011
0111110011010111111010101011110001110010
1010101110001110101110010010001001000100
0010000101100000110010100101100101010000
1110001100000111001110011010011011001101
1000001100110011101010110100101111100110
1100011111010100011010110100111010010111
1100010100000010010101101101101110110011
1011100111101100110001110001011011110100
0101010011111011010111001000101001111001
0011001100000001000100100011101101000011
0100111010001001011111010001101111100010
0100000000001000111010111110001000001000
0001111011100101101101000011101110100110
1110001011011010100100001001000110011101
0100110001001011000001110111011010011010
0111001110110001011101101011011111011011
1001010010001011101110000010101001100011
1111001000100001111000101101110001111011
1110110001110001000100000100011110000010
0101001001001011000001001001010110000111
0101000100010101111110011000000001010010
1101111100000000001011111011110001101111
1001011001111001100011010111001010111010
1011000010001100111100001111010011011010
1111100100101000010010000000011111001011
1111111010001100010111010110010010110001
0010111111011001101110011011110101000100
1010101111011011000000001100101100101001
0001110001011010000101100000111000011001
0010100001010001100001011111101101110010
0110011100011111111111000010011100011011
0000100011001111000000110001110101111110
1101001101110101101101010000110101101010
0101001111010011010110011001100111011001
1101101110011111000011011110011100101011
1011110011111111111011101100100011101010
0010111111010000110111111001101111100111
0010011101010011111111000011100010101001
1101010000001100010001010101100111101110
0011010001010101010001010100111110101110
1111111010001010010110001000001110000111
1111011000111110100100011000110100111100
0110101010001100100100001100010011111000
0000010110011001100010101100010100111001
0101111001111101001001001110100000101010
1010010011111100010110010001011000000010
1111000000011101010000010000100011101010
1000011101111111110110000000011101101110
1001010100100001010011001110010110100011
0110100101110100000001100111001011100010
0101000101101110110111110000011010010000
0110010011111011011111011100010001100111
0001101001101001011100101000110010111011
0100101011100101000100100111011000010001
1000101010101010001100101000101001101110
0101001010000011111101011111110111001111
1100110101010011110001001000000111001000
0011011111101010101010001110110110000110
1011100000000010110011101101000100101001
0010101010111111111001000111110110010001
0011011010110110010110110110000010001101
1001100100100000111000101010111101101110
1010011010100101000000010001111100100110
1001010110000001010111001100101101001001
0101001110001001010100101101010111111100
1111101000011110011011001110010111000000
0001001100011010010110100010111101001110
1010100011100010011011011010000110101011
1111011111101010001000010000101101111000
1011111001011000010000001111001110111110
1100001100001100111011100110010010110100
0100110100010100010101110100111101110010
0101111101110100101010101011010110111010
1010101010110000100100000110000111001111
0110101010000111011000100010011100111100
0100000000001100111010101011011001011001
0001010001010111011111001000010110101010
0100011011101110110100000011101000010000
0110000010000110001001000101011000001101
1100111011100110110000100001000111100110
0100110111001010001000111101010101010101
0001011001100001001101000100000001100001
1100010100010000101101011110010110000111
0001101101000011101001100100011101110000
0011001010000110001110010000111111000111
0101110101010111000100000111010001000001
1100011101011000000100100011011101111110
0101000100001101101000101000011111111001
1010110100100000001101100110011000001100
1000011010011000011010000100110000100001
1100110000111010011011100010100100010010
0011110011111100001100111011101011000011
1110010100100010101111010101010110010111
0101100101110001110001111001001010100000
1110101110111111000011101000011000110001
0101011010001110101110111000101010111010
1111100000000011110111110011001111111010
1011110000001111001100011011000100011101
0000010000010110110110010000101011001010
0110011001111010010100111110101100100100
1010010101001110001100000011100000101010
1110101011110011100100010001000011010110
1111010011011111110010010101010010000110
0100011011000111101010010111110011001100
0111000111011111110110010110011001100110
1001100000100010001100011000001110011010
1001001110011111101111001100011100010000
0000011001001111010101011001110100000001
1001110110001110001011000011010110111111
1011101010011000011100101001010011100101
0111111100011100100111000000100110101000
1000101100010000111101101100110110010100
1110100110100000110101110110111101101011
1010010110011011100100011001001001001001
1001000101011010111011100100100110000101
1011111010000000010101001000111111000001
1111000010010101101000111101110110101000
1010011000110110101110101111001100011001
0101010001011110011110010010101101101010
0011011011111010111001001010111101010100
1001110100010111000101111001010111000011
1011100001010011010111000101000010100111
0100011011011111001100000000110101010110
0000000000100110010100010011001011110101
1011010001011110000011010010111001111100
1011101100111010111110101111000010110111
1001100010011110101001010110011000100001
1000110110010011110111001011110100101111
0010010011000110110000101110101111001001
1110100010000101111001011001001011100010
1101101100101101000110010100001101011110
1101001110101011110100001101100011010101
0011100111101001000000011111110010111010
1011100001011101101010100000011101011100
1010000101111010000101010011011001110101
1011011001011101110110111100011100111000
1001110010110001001110110101000111001111
1010001100011010010111010100000001101101
0001001000111111011111011100101001101110
1110010101010111101111111111010110100011
1000111111100000101101001001100101111001
1001110101011101010011110110110100011101
1010101101010111111010000101110110010001
0110100000110100010000001110000101001110
0111000000011110101001000001110000000001
1101111111111000100110100111110000110101
0000110000101000011010101111111111010101
0000110101010011010001011111000011100001
1101110011000100000100100100011010000110
0011101111100010100101101011100010110101
1000111100111011010111000110011010011011
1101100100010111001011100100011011100011
0110011011010111001101100000101001100001
0101001101000110000000101100010011111001
1111100001100010100011000110110101010100
1011110101110010110111101011001101100101
0101100101101011101110101011100011101100
1101010000110101011000110111000001111010
0000111110001011100010110000011101101111
0000001111111010001011111001101010100111
0010010100000110111000000011010011011111
1110100101101110011111011010110100010001
1111100001010011000110101110111101101110
0010010101111100110011001011011011101101
0010101000111110110111000101010000000101
1100101100000000000101010100111000101101
0010110010111001101100001011010100100001
1011001110110100101000011111011010001000
0001011100010000111011101011011001011111
0010010010000100111001011110101101101110
1100100011010010100000100101100001100101
1010110011011111000011101111110101011101
1100110000000100110011111001000111100010
0010111011010010010110110011001111001010
1110110100000111110010101000011100001101
0110010110010010000001111110000001100010
0110011011000011001101110111110101111001
1110010101110000001100011100100001011011
0011000001001011000010000000101110110111
1011001001001111110001101001010010001110
0110001001010001011111011100100111110101
1000110111000101111101110100010101111100
0110001011011000001001010000101110000101
0010100100010111110111101111100010111011
1010100001100111001100101101010110010110
1000011000010110010101001000001111011101
0100010001001110001110010100111000111100
0010000100011010000010001001010000101100
0100011100100110000100111001111010100010
1001111101111100100111101001000000111011
0110111101001000001010111101011001001100
0001110000011110101110001101001001011011
1101001101100001001100001010001000101101
1010010100100001010101010011000110100100
0000000000100001001010111010001101101111
0110110001000111000100110110001000101010
1001100011001111010101010001001011100111
0111001010010000110100100010100010110001
1011001101001110101100110010001001000110
1000011110000001000111010010101011110110
1111111011001110011100110011001000100001
0000111001101100110001111111101100011111
0001000001110000010101001101010011110001
1101010010110100100110101011100011011100
0000110110000100110100110110000101011110
1100111011000100100100100111010000000101
0010011100000100011101110011010000111111
1100101000100000001010010100010110101001
0011111111001100101011011010111001100100
0110010011001010000001110101110001010000
0000010001010111111111000100001000000110
0111110001111011001101100001110010011111
0010010101101010101110001001001000110110
0110110100010001010010100101101110000001
1000101001001010110111101011100010010010
0111101011000000001111100100010100000111
1011000110001100101111010001001010011110
1001100100101010001001110101110000000010
0100101100000101100011101101001110101100
1100110010000110000100011100111000001110
1100111010011101111111111111101100110001
0101011011101110011000111101100001001100
0101000100100101111100000100011010011101
1110011111100000000101010100100010111111
0000111100010000111110011010001000000111
0101110101110101100001011111000110010001
0110101100001100101101011101000010010001
1100100111111101110001110101101011111001
0101000110010000101100001100101011110111
0100010100010010000001010100010101100010
0101000011000111010011000010111111000010
1110100111110001101001011111111011100000
0110000001010100010111000001000011011101
0100111001010101000001001000100101010010
0000110100010011010110100100101110001010
1100010110101100010101101111111110110010
1001101010110011110000010011100101011010
1101001001011101001010100110010011111100
1011001100010001110100001000011011110000
0001010011110010001110011011000011110001
0101110111001101011000111111111011001111
1011001101101100101101011010111010010110
1110001011001111000000110000110110110001
1101100111000100101111000001011101011010
1110010101110010111010111011100000110001
0011100011001010100000010100010100000111
1000001011101000000100100110000011110100
0110001010110011000000100111101100100010
1000111010111101000100000000101010000111
0011010100111001011101011101100111110000
1001011001000101111101001000000010010111
0001110101001100001100101111110100111101
1001100101101101011100010000010010110010
0100011100010001110111101100011101011010
1110001011101110101001011101011011111111
1001011100100000001000010111000101100111
0101000100101100011101010011000101000110
1011010101111100100000101100110110001001
1101001010110101111001011101101010111001
0110001010001100101111101111000100110011
1010001011000110000001001110110001010000
1100011000111111100001011011111111010010
0011111101101111111101110001100010101110
0001111010111100001101001010000010111111
1100010101000000111001101001001010111010
1001101001101110110000001111100100111100
0100000011000011111000100001101010111110
1000001101111100111111110111101101010010
1010111000001011011111111010011101101001
1000000001101110101010010100011010001101
0110011110111100110110110110110101100110
0101100111111101100100000110001011111110
1110011000011000001000001100010101110001
0000111010001111000100110111101110100111
0111111001111110111100101000111100010011
0100101110101111000111011111000010111110
0110110111010010001000000001001011111010
1011010011000111110100100111100000111001
1111100010101011110111001100001001110010
0000110010011100011001000101100101101110
0100000001001110011000110010001111110000
1100000110100000110100001101110110011111
1100001000101101010100111101000101101111
1011110011110101011101110111110111010000
0111101101010101100010000011101111100001
0010000100011010110111111011010010100001
0010011000111100101100101001000101010101
1100101001110110100000001100101101101110
1111011000011100111010100000101000001001
1100011001111100011010011101011011010011
1100010011111101000011000011010000111111
1011110110100011001010101100011110101000
0110000101100001000011010100011111101111
1110101101110010110011100111111110011011
1100000111101101010101010100011101101011
1010011110100000010100011001111110001010
1111101010001101001111101000100000001111
1001011110001010010010110001010111010010
1101111000111000000100010000110100111011
1010110001110001000100011101000011110100
0100100000001111100110011111100100010110
0001001011110101011011100001111011010110
0101110001000111011100100100010110110001
0100101010110101000011010110010010011000
1000111111010000010000010011000000001100
1111011100000111001010110100001000000001
0101000001110111010000000111000001110111
0101010101000001110101101001100001001010
0100010000100110001111100000000011110001
1110101111011011111100010111010110001111
0111100000101111011001100110011010101100
1110110110001011100011110100011000000001
1100111011011110010011110010011110111100
1100010101000000010011110110000001100100
0000111100010011001010101111111000110101
1010101011100000110101001000111011010011
1101011001011100100011110110010011111010
0000111101111100100010100001001010011011
1010110000000010011111110001000010011010
0010000100111111101011111000000011010010
1000000110011010011011010101111000001001
1111101010010010101010010110100101000111
1011101100000100010101011010011010000101
1001100111010110111010110101100101111001
0001000000101000110100100110001110100010
1101111000001001100110001110101110100001
1100110100110100011000000110010001011010
1010011000000011100011001011000001111101
1001111110111100100010010000010011011001
0000101000010010110000011001011100110010
1101110101101100111110011111010010100011
1011111111010110010010000001001011010010
0100010011111010001010111100000100110100
1000011010110111101001110100111011111011
0000101001101100010011101000000111110111
0100111100011000110100111110100011110001
1000110011000000110110101001011101001000
0110101000001100110101001011010001111110
0101010011110011110111001000001000100000
0101100111110000111000110001111011001001
0001111111111111000001100111010001111101
0110101100100011010100010011001010111011
0010000000011000001110010110011010010011
0000100011001100110100010100111100011101
0000000110010100111101011010100011101101
0010000100101110001110011000110110100100
0100101101111010111101001110111011100000
0000101010110001101001100110111011001110
0101000001111111100110101011100111011011
1100011010011011111100110010010010100111
1001011110101110110101001100010000111010
1100010010110000110111111000110000011110
0000001010000100011001110010010010001000
1001101010000011000101101010000110000010
0011010111011001001000010010101010001111
1011111100101011111101001110011011011010
1010110100110100101011010110001111001100
0010110000101010100001011110000110010010
1100011110011000101101001110011010111010
1100001011101100100110111001101101011111
0110101000111101000101110111001001011101
1011110111011000100111000010010101010100
1011100001100110000100000110000011001110
1010111110100101001100001000101010101011
0110011010110101010011011110101101010011
1000111011100100100101111010111110001000
1000111000010110100101010011001011100000
0101000001110111010010001001001000100001
1110110000001001011101110000000111111110
1111000111101000101010111111101011110000
1000000001011100111001100011000110111001
1001011101011000010010011100000011001001
1000000111101110010100010000100101010010
0010111001110110101000010101011100111101
1101101001000110101001101000100000011101
1101000101110011101000010010010010100001
0000000101000010101010000111110001111000
0000010110100000010000011000000001011111
0001101001011100110011001000001000010010
1111100011011001111111100011101110011100
0111010100100110011000001010100010111010
0101110110101011000011111000111101011001
1011100101100001010001001001111001111100
0000000111101111111010000010100111001001
1010100100110111001100011101111110010001
0000000111100010111101100000100110110110
0011100001101010000000001101111000011111
0110001000000001101100000110110111111000
0111000101010011010001101011011001101010
1000011010100110110101100001111101001011
1010111110010011101101110011000010010001
0000001000101010000011010111000101011001
1000010111111010111100011010010010110101
1101010101000000101110111111111110001011
1011100011111000100011011111010111011010
0001000100111110111101001001111111111111
0010101010000100010110000101000100110010
0011110100110000000010000110100000011100
1001100011000110101011100011101111011011
1010111111000111100011101011100000101001
0010100001100001101000111111010001010001
0000011111000001101011100001110001000000
1001000100100011001000111101001010100011
1111010110100010011111100010000110000011
1110111010001000001101000001000100001100
1000000001110001101001001000111110111101
0111000010100110000000000001000110101000
1011000000011001001111101111001000101001
1000101101100001111100011011111101111111
1101001011011000110101010110010101111100
0010000110101110111000100111110011001011
0001110110100001000111101010100001110000
1010101101010100010000101111100010110001
1111000000001000111001010000111110101100
1100011110111111110000010111010110100110
1101001111101000000101110100000001000010
0111110010000111111101010110110001111111
0011011000111001101001101010101100101011
0010100111101110101000001100111011010111
0101000111111000010110111000000000010011
0100101101100111010101111111010100000010
1101100011101100100100010011110000001100
0000101001100100111100010111010100100101
0001100000111011101000101110111100110111
0110011111001010011111100010010010111101
1110011001010000101000001110011110100010
0111001011000100101100100111011100111001
1010101001011001100110011000110110010011
0011000011000010010010000110111001100001
0001011111110110101101000100101001111010
0001001000001111011100000111111110000001
1101101110001001100111010011100000010110
0001111110111101100011100100111011101001
1011001110110000100011001010110011111011
1111111110100010100110011010100100011101
0101101010010000111100001111001111001010
1011011101000001101001001011100100011101
1101010000001110110110011110100000101101
0010111011101110010011001011100010000011
0010000010000011110011000100110101100011
0010000100001111110111110000010010011011
1011110000001111111010110010101010101011
1111100111100111110110000011001011010100
0001000001101010011011001100101001110111
0001000101100001100100100110000010010110
0100110100101100011011100110110011010111
0001011101110110011010000000011111111101
0010010011001000100111000001100110111110
0111001010101010001101011011011011011000
1001100111110001100000111101001001100010
1110110000110001111010001111010000110010
1100100101001001011110100001110000001000
0010111111000001100100110101011110000100
0111001000011101011010110110100000100101
1110110001111101101111010001011110110111
0010101001110110111011111101000111101001
0000111010111010100101111100100110110001
1010101100011101001101001000001101000010
1010101000011011010001101000010110001010
1000001011101110101101101001010001011100
1000010010010011101000101100000111101011
1101100111011001001111101001000110011110
0000000101000111011110000101000110000111
0001001000010001111011111110111010111010
0010011001011000010000110101000000110010
0111110100000111011111110011001001111101
0111011010101101001111111011010000101111
0000011000000101111100000111111000000001
0010100011000001000010011110111101100010
0111011111101001111111010111100111110010
0111100001101101110010001110010001100101
1010111000001111111101001011010101011000
0100100110110101011011000011000111001111
1011110010110111011110100000100011000100
0001010001110101110011010111001000100010
1010110010110110111011001110110101011110
1010111111101001111010111001110100111111
0101100111011100001011100001100000101011
1111100011100110001000110110110111110111
1011001010000101101110000011011110011100
0111110110010011000110011011101011011001
1111111010110111011110101000010101011111
1110010111111001110000000111110001010011
0110110110101110100101011100101110011101
0100000011100000110110101111111001000010
1010110111001110011100100011001001000011
1010111111110110011000110110010111010111
0111001101010000110110001111010110011011
0000011010100010111001100001010100011001
0001001110111001101011011010111100100010
0100011111111111100100111010101101101010
1000100000110111010110100110110000110100
1011110110111010001010111001101011111001
1111100100010010110110000011011101011010
0101010111000010111100001011011111101110
1111110011101001011100100000111110001100
1010100111110100101010101101111010111010
1010110100100110000010011100111001011111
1001110011000010010111010011110010111110
1001001001111001011100110111011000111101
0110101010110010010011000000110101011000
0001000010111001111101010011110010111001
0000110010011101111111101010110100111000
0101110110000001100110001001101000100000
0100001001000000100010011100111111011101
1110101110110011100001011110101100010110
0011011110000001000010100001010110010100
0100111110010001111100110010110101110000
0101001010001110110101101010111010010011
0111010001001010000000011001101101111001
0100100011010001001010101110001010101101
0101101000010100110110010101101100001010
1110111001011000111101101010110101110011
1100001111001100100000111100111111100111
1011111001100101001001001010100101001001
1101100111000010101011111001101110100001
0111101010011000110011001111101110111010
1001010011001100111011101010101001010101
1001110110110011110110011010111011010111
0010001100101010101001000101101000110110
1111100110101000011111111001100011000100
0011111101000100111010101011100111010000
1000000001111100001001101010110000111101
0101100001011011010011110110001101100001
0011100000111010101111100111111101001101
1011010011011110110011001101110011001100
0001110101100000100010111101011011110001
0101101101000010011010001001011101011000
0101110100110110101110011001110001011000
0010010001011100001011000101110110100011
0100010000011000001010000000011000000000
0000111011000001111000110001100111101001
1101110110101110111001110000000010001001
0011010100010011010011010000011111010010
0010110000110101100111010011101010001010
0100101110001100011010011000111011001011
1011100100010100001110010011111000011000
0011001001110000101010011001111111011011
0011000011100111100000110010010101010011
0010001101000011001011111011010100101001
1101100010001010111100100111100011110100
1101111101000001111011001110111001010000
1011000001010010000111001101011000001010
0100111011101111010001110110011111001000
0111000111011001011111010011110110111001
0000100110111000110001011110011100110110
0011100001110011000011001100101010100000
1011101110000111001100101011110111100011
0110010110100110100001111111111100001010
1100111111000010100001001001001101010011
1011100111100110110000000101110010101011
0100011100101101010011100000011010110111
1101001000010100110110101000111010111111
0101000011011000110011101001101000000011
0010110111110010010100001110001001111101
1101110111111010010010001100000000110010
1101100010111100101000000011110000000000
0011010001101001101110001011011001000011
1000010110001111111111110011111010001000
1111010100111100110011101101011011010100
1011011100100110011100100110001101001110
1101111110110111110100011110010111010100
1111011010101111100010001001110101101011
1101100100110010110011100111000010001111
0010101111110011000101110000110000010000
0011101111000010101100000111011111100010
1111010001101110000100000001100011011111
1001101000101101101100001111110110111101
0010110011111110110011111110100100101110
1010110111111001101110001010100001111000
1100000010110000111110010011101010011100
1010011111000010100001000110010011111101
1101101011111000001011110101001110001101
0100101100010001100110011101000110011110
0110101000010100111101111101100011000111
0101010011111111011000100111000001000000
0110100000101110010110110110000001010010
1000101101101001111111101010000001010111
0100111001000010100101000110010011011100
1011100010111101011001100100010110111011
0011000001100000010101100110110101011001
0010010011101111010001010011011101001110
1110111111101000011111000110100111100001
0110111101010101110111100100111001000000
0110011111110101100001100000010101101001
0101100000100110000110011010000010010110
1100101000011101000111000110011011001111
1010010100111001000101110000111101011000
0000011001111000100101110010001011010110
0000001000010010101011000100011101101101
0010110110001110111000011010100000010011
1101101001010111000011101100010101010000
0000000001101101111011011001101100110001
1111101101001101110001101101000011100100
0110101000110010000101100011010110100011
1111011011100100011100110111101000011001
1110000110101011001111101110011000100010
0100111111101110110101101001011011101010
0010010001010001010110001011001100100110
0101111110110010101101000101110100111011
1111110010110101001000010101100000000010
1001101010010110010001001010010011100100
1001001011010111100101111001011101000011
1110010100101100011100110101110100010000
0111101101011001110001010000011010011001
0110111000111001000001100101100110101001
1010110000111111010101110100001011111100
1000100101010010100010110011000001111000
0100011001101111001100001000111010110001
1011001001101000101001010111010000001001
0100101000101001111000100111000101101000
0110110010111101101100110010110100001000
0001110110011100101100011111010111101111
1011100011011101001011101000110101100100
0111010111111110101000011111101001011101
0000000110100011011001001110000110101010
0111111100001000110100011100101100001111
0001110001111100000010000100110111011001
0101110100101000001110101100010111000010
1101010010001001000110111011000101001000
0101010111110111100001000111111100001000
0100000110111111010001001101001000010000
1111000101000111100001100010110111101100
1101011110110011101010011101010010001000
0001111010111100000010001111110101110000
1110100001011101010111000011101011110011
1000111111111001010010101001110000001100
1100000000010101101110100110011011011100
1111010000101001010000010100000111110000
0100000111000010010001101111110100101010
0101011001110111000011010110010011111111
0111010000001011101000100011110010000100
1100010011011011001110000001101100011110
0000010011101000111000101110110110000101
1010011110110000101000000001110101001000
0100000110010000001110101110010100011100
1010111111011111111101111101100010110101
0011000010100110010111001011000110010010
1101110010110000001000010111101110110011
0010010110100101010111100010010111000000
1110010100011110110000101000010111001001
0001110010101111010011101000111001100101
0101110011001010001101001101111111111010
1000001110001011011010001101001001101001
0110110010001110000000001000100100110010
1101101011111001001111001000000010011010
0100011010101011110110000011101101110111
1000010011111111011011010110011101111110
0000100110111100100001001000011111101110
0101100111011101010010011101010111100100
0101010001010001000010000010100010001000
0001000001000001000001111110111000111110
0010010110100011010011000110001011101000
0100110001100011001101010110100110001111
0101111110011110001010000100101010110011
0100101001100010111010001001001001111011
1100011000111110010001110001101010100100
1001111010110010011000000111111111111011
0111001111101011011101011100000100111000
0110110110111010010011011110001100010111
1101001101100001100010010111100110010000
1111000111000111111110101101011111010110
1010000000110001011001001111110011010001
0110110011001100000011111011010101100111
1001000111010011010111010010010111101010
1111100010100101001101101000000010110110
0111100101101111100011100111000101001111
1010011100110000111101110010110111100101
0100110010101111100111001111000101010000
1110001000111111111001010010101000101000
0001110010001010111011000111111010111101
0011010110101010011001001011011100001111
1111010001101111000101001011111000111110
0111001101110101101100111110101111110100
0001001101100111110101001111101110000100
1010100100000010100111000000010010001011
1110000011100101111011100101101010100010
0010001101110110111111101110011010011011
1111011111110111010011010010110001110101
0111110100011000100011001101100010111101
0000111000001111111010010011010100000111
0110010100010101111001000100111101000100
1001101110100111001101110110000111110111
0111100111101001001100110101111011011010
1111101011010010010101000001100101001011
0011111011001100101001001000101111110000
0011101000011111111101110011110000011001
0011110010010010110110101100000111000001
1101100010101100010100101110101101100110
1011011001111001110100110110010110101110
1101010001100001001000101101001111001010
0011011100110011000010011111011000011100
0000110011011001110110001100111100100001
1001010000111001011111011100111010111100
0101100110000111101010111100000010111000
1010011100000000001100100101111100101000
0000101000011111010101001111111001010000
0010011111101011001101001101110011101111
1101010010000100010101010101111101001010
1001011110101100101011010001010110000111
1011110010000110000100111010110110010100
1011111110111100111100001011111100000100
1110000100101011111001000100100100001000
0001110111101001100010110011001001100101
0000001100111001011001000111010001100001
0011100010001101110100010110111011100010
1011000010101001100101101011011000001000
1001010011011010000111011111101010100100
1011110001111001001111101101000110000010
1100001001010101010011110000110100101001
0100110110011101011010111010110100110011
1001100101101100100000100001010100111011
1011001010100100011110110011101001101110
0100011001111001001011100110011000111001
1000011110011011101001101001010110011110
1010100001011100100000110000010101101111
0000100001110110110101110111001101100110
0011101110001110001010010100000011100111
0001100011111001110101010101001010111111
1100001001001100000101110110010001011010
1101010110010111100010000110111011100101
1011001100111011010011110001000110100001
1000010100101111010000110011001110111100
1001100111101111110001100101100001010011
0001001011010010111001110101001011101110
0111010010011110000111011001111010001111
1100110101111110011110101111011010000001
1110010111001010010010001110110000101010
1001011001100101101000011000001100010010
1000001100111011000011010010011100111110
1011011011101011101110000111110011000010
1000100010101011011101001001011101100010
0001011011010011101001000110110110100110
1110101000111000001110101110010110100111
0111111001101111000111000010011100111111
1011011111111110001011001000011101000000
0000110111010010000110101100111000001011
0110010010010000101110000101111000110101
0001100101000001101100010101100100001000
1001000010010011100010100001011010001001
1011010000111101110010001100010101110101
1001111001000010110110111010110010101000
0011100011100010001011110011011111101110
1000001100000100010101101110011111110000
1100110001100111101110010101000001001011
1111100110001111111101001101000000110101
1100011001110111101101010110011110001100
0110001000100011110111100001000001110011
1100000010000111111010110100111001010011
1011100011010010010001100000010110011010
0111110111010000101100110010101101110000
0010101010010001111101011101000000000010
1110111101110110100110111010001100010101
0111001110111100100011101010001100000111
1110011110111100001110101011000111111110
0001011100101001101111100100111011100111
0010100101011111001100111101110101100010
0010010010110011100100101110101100000100
0011101101110001000100100001010001000101
0110100011110101011001100010100001100010
1011011110010111010100011001101111101000
1010011100110111001101001000100111100111
1010011101000110011011110101110100001101
0001000000100000100100111000111001111001
0010000011110101100010111011101100110011
0000101101011011111101101111101101110101
0010100101111110010010110001100010000110
1000001000011011110010011110100100110000
0101101101100111100101100011100011100110
0111001000111101011011011100011101110111
0011100010011001000101101001100100110100
1100001100111100111011000001010110000010
0011011100110101010000110111101100100100
0000000110100010010001101100011111001011
0100111001000111011001110010011000001010
1111101001111000110011110011001000100010
0101001011110100001111110000011101111011
0111010111010111101001010111000001100010
1000001000111000001011110111000100001011
