80 1023
11000011100010001001100111111011001010101010011000011011010000001000111111100010
01001111111011111001011010010111110100101011110010100001000100011100000101111011
01011011110011110010010100000110000100010001010001100111111000011100101011011001
11000000100010110001011010101000001010011101110011111101011101001111100000110110
00001100000100001101011101000000101101101110110001110101001110011010101000101100
11001100011101100011110011001101001110000010001110001101111111100000000011100110
11001110000010010010011101100110010100111000000001110011101000011101100101001100
10000010111110110011011001000111111011100101111010110000100010001101010010110111
10010001111010111101010001110001101111000010010101000001101001001111000100011010
11011000110100011011101010101010111010011100110101000110101100000101001101000011
11011100101110111010100011100110010010000111010001111010011011010111000010000111
10011110100010110110011000111110110001010111100110111010100011010100111010100000
00011101100110100010100010110110100100001100011110001010010110101100110001001011
00000000010100100010001111011110001101101101111010101101110010010111001010011111
10101100111101111100111111111011111000101110110001001110101010101101110011010001
01100011101100000101010100011010110000000001110010010110111111110001011000100010
01011001100010110001101100001000010000101001101110010011010100100110011011100110
10111001110111111001000000110110000011001011010110100111011001001101110100000100
10111110101100101010111100110010011101111001010011101110010010101000101000111001
10100011011101001101011011110010100101000100100011110000111100110100110100001110
00111011101000010101000110011100110110101000111101110111111000011101011110000010
10100011001001101111110001000111000111111000111101101010010000111001011010100111
11111000001110001011111011000001001010000011010000001110000110101011010101010100
11110110001101011010100001010001000110000011111100010011010111000001010011111000
00111011110111110101101011100000001110000001001111100100101010101111101101000000
00010000010110101111010001010101010000100110001001010001101000010110000110000110
00000010111110000100000001001001111000011111111111111001110000111011010111010101
10111111000101010100000000101110101010100000111101100101100011100110110000010010
11100011000011001110101110001010111110111110110101100001101001000010010001111101
01101101011101101101111000110101010001001011100000011110101000100001010010100010
10011011001001111111001001010101001111011111111110001000101100110110011001111100
01001010000010001101101001111001110001101100010100100011110011111000110101011110
10100100101101011010100110001000110101101010101110101000011001010100001110001110
00010001010110010100101110111101001010101100010001100100011000110101010111010011
01101100101010101101101111110101011010111111010110001100000100001110010110001101
01110110000100000101111001011100000110010010111001110100001010111010101111100111
10010110111111010001001001010011011000010111000001101111100111001111101010010101
00101000101111110000010100110010111001111000100110010010110011010111111010101001
01000111110111011000011101000010111000000001010001101111100100000111111010101101
10010010011101001001000110100011000100100100111001000111111000000011001111111010
01100111010010000011010000001100010101011001101101100001100111101100100000011101
01100001000001011101110011001001111110000000001000001100100010001111100011101100
10010001111001101101101111101011000010000101111110100101011001000000111000011000
00000001000110110111001100000011000000101001000101101110000000110000000010011101
10011111010011110100110110011000111011011100011000010100100011100010111101001100
10110100110111011110110101100101100101100011000110010110000111110011000100001111
00101000110000001101011000000101000111110011001010111110100011110100011000001101
01110111111111101110101100111011011101111111101001000111001000011100101100111101
00011001011010001100000100011001011000000001110011100111001011101111111101001101
11101110100101010011100110100011110001111011100110100001011001101010110101000001
01000010110010001000101001010101110010010101011000110001000111101100011110011111
01101101000011101101001000101110101000100100000011010000101010010111011011000000
01110101000101011000011010001000001110110011101001000101011000000001001110111000
00001010111101101110110111110101110101101010001010011011101110100110111001110110
01110001111101111000000100010011111001010100100001101001111101001111000111000011
01101010100011111100100100100011010110011110000101011100010110000010000001111000
00010110111011011011101010011001000011101111111011000111011111011011111010000001
01110001000111011110111010110101100111100101111100111110101011111111011001110010
11010100011100111001010011111101111100000110111001100001111001100011100000000111
10111011011111101100011001111011100001010100101100000101110011011010100001111000
10010101001101000111001001101001000010010010101011011010000100111101111111001100
01111011001011010101001001011100011010100001000010000101001000011010110101000001
10110111101101100001101011011000010000111101011101111110001010110110001110001111
11100000101111000111110101011010011111100001110111100000011001100010000001001010
11001010110010101100001110111011000100001101011010010000011101110100010110010101
01001000001011001001010011010000110001010001111010110101111000110011011000110010
01101001001100111010101111101110001100110101001001110011100111100011101110010101
10110001000010111010101010111011001110100111111010001100010000011001101110111100
11000101100101010000100111011001101110010110100010001111111110011011100011000011
10100101100010110011011101101100011010001110000100000011000101110001100011100001
00001100011011000101010101011001001111010111010111110110000011110001110100011110
00110111110000100110001111100101111101001001110111100101101100010110110101110110
00011000101000001100001110110100100001101101101101010011100000010000010011001010
01100101011110010001100100011100001111000110011011110011101100111000111111110001
10010100101101100001100110010010011100000011111001110110110000111011001100001100
11011011110101111010101111111010000000010111001100111100011011010111011010010110
01010001110011010100111000110010010000010100010001110011101011001011100001110100
10110110110001000111101111001101101001110011011101000000000011101001010101000101
00110001000111000100001101010110111111101111111000000100010000000100011010011100
00100011110001001110001111101001000001111001001111100000001001111110000110011000
11100011001001000001000100000001011011000001011010001110110101111011110011010100
11000010111111110101000000010011011111000011001000001110011010000101011111011111
00111110010101110101110011001111110001001100101110000100010111000100110110011101
10111010011010101111000010110011011010011001101100101101111110010010011101000110
10001010111100110010100000001011101001101001110011001110100101110110001010110010
11001110001111001100110011010010111100011011010111001001100100011110010000010101
00001101101111111111000011100011001111110000011111100100010111110010001010100101
01111111100011010110111101001000000100101101110100010100110100010000011101110111
11111101100110001101111000011000001000111001011111011011010001100110101100011101
11100100000000011001111000100001110101011001010000010111010111001011101001101110
10101110001010111111101001000010110111100000001100001100000000000011010100001110
01100101011001000000110001011000110101001011111101000110100011011010010000011101
11000010110011011101010100000111010101101001101100001010101100011010011001100100
11011001111011000101111010001000000010110000111010111000101000000101111101011001
01010011111110011001111101110011110001101101011110001011000111100111010100000110
11001001111100011001101111110001011101111101101001100000001110111001011110100101
01011011101011011111111011100001001100111001010100011110101001100101001011111100
00011001000010011001111111010000110100101100010101011101111011101100011010101011
00111001110011100010101111111000010011010001000100101000000010000011000110010111
11011001011101100110101111101011010111001101100111011000110010110110001101111110
10001011110000110011011100000001100010101111001111001111010101101001001110101010
10010000100101001100100010110111111011000101101011110100010101111101110010100100
00111011000100010000000001110101000001111001000110010010110001010100011101100100
11011110110010100001100011000100011000000100011100000011101110010000101001001100
10001011001001111001011000010000101011101101011111001000011011100101111111101011
01001001101101100011010101110111111011000110010011001101100110011011110100000111
01000111101101000001101000011101111001000111101000111111100111100011001001100101
10111001101010011010101001011000100110000111101010000101100010110001111110110110
10000010100000101101100110111100011000110011110001001000001100000001011101010111
00011010001100001001110001001101101110100011000100110111010111011110101100110100
00011011000000100010011000000100000001011010101100010001011100011010100010001010
10100100001010010010010101110101110011011110000100010011111101011111100111010100
10001001010110000100101011010001011010100001011010110110101100000000000100011101
01110001001100100110000111111001110011010001111010001111101101100011000110111011
00101001011001010001011110011100101000001011111010001011000110111110011010101110
10001111111100111011010111000100000111001110111010000000111010100111001011000100
10001011010000001001101000000011011100001000011001101100011010000010111001101000
00011001000100111000010101110011100110001011011001001010000110011101110001111010
11001010100000001111000110001101011001000010011000100110101101001111000110100111
00000000110000011100100011111000001111010000001001110001000010001111011001011110
00110111111111111000110100111100110101001011011100100110111010101101111000100010
11001010001001101100110001100100110111010011011111101110111000100001101110000000
00101011000101110001011010010111010101100110111000010111111000100101010000011000
10011100101011010000101010110110101111101001000100101011111110010001000111111011
11101010101110011011001000110110000011100011000001100001001100010110000010100011
10100100000100011101010100001101100101010001111110010101101011011010111010111101
11101000000111101000100110100011000100010100010000100110011101111000110011001100
01000111011100010011011101010001001011101100101001100011101010111101111011101101
01101110011100100010001010100010010110111111110011000101100001100011111011110011
10010111100111100100101110110101110101111101111010110011011100111111000000111001
10000001101000110001011000001101101001110010010111110111111101001101000100100011
11111111000110111011001000101101010101001110000000100001101001110011110110011010
00101011110101110001110000101100010110000011000111010000111100110111110000110100
11111101011111001011011100100101100100100111001010101000001110101100110111110110
10010111101101100010101010111101010101000010100100100001100001011010100110110110
01101001000101100011000010011000010101001011001001011011010011111110011000011111
11010011011100110101110110011111100011110000011110011010110011010110011111001001
11000000111110110010101100101100111010001000010011100010110100100001011101111001
01001111000101011000011011001111100011100010001111111110011010100011100111100000
01100000101101101111101111100001110011101101010001001101010100000100101011000110
00001100110010000010011100010101101110100111010001101110011111111100100111010101
11100100111011011111100111001110011111001010010110000000010111111101011100001000
00100001001011101101011101100000101110000010000001110110011000111101110101110011
00100011000011010100000110110100101111101100011101111010001111001000110000001000
10010011010101101001101110000101101110110111101100011111010001101100010010010111
01110000001011011011010010110110010111101010110000111100011101010101000010111011
01000100001110110111010111111011001001111000100111111011010011111011110101001100
01010100111101010000010101001001001010000101101000011010001110011100111001000111
01010110100110111110010011110000001011000110001001011111110111011101110100000011
01011001111100100010011010111001100001011000011111000101110001110011110111010100
10001011010000010000011001111101100100010001010110000011111110100001101000100001
00100101010100001000001101111100001000001000000110011100011110100100001001000111
10100110101101011011101001010011011000001111000000111011000111000101000101011011
10101011110011111101001000101110001100111110100111010101010011011000110001010010
01110110001111110010001010000111010000000100110011101101110011110101101001001101
01111110011000110011111001100001101110001111010010000101110100010110000101011000
01100110001110111110010100001110010001100000111110001101000100000011110010010010
00011101011101001000101010100011111000101011111000110001101000000101110101000010
11001110001011010001101011000101000000111101010111100110001000000110100110111111
00110100010111010100101001110100001100001111110001100010010110000001011111001001
00100110100011100100111101000110100111110100011011110000000011111010101111100110
01100010111111100010001110010100111111000000101010110000101001110010110110110010
11101111011000001011110001001000000101010001010101101010110000001100000011110000
11101100111110000101111111111100100111100000011100000100111110011010011100111111
10000111100111010000111000111100100101101100001100011011011101101100101010110111
10010000000111001010001001011101100101010010110111000110000111110000100010000000
01000000011000000011111000100001101111001100011010001001010000101010101001010110
10111011100001101101100100010111101001100110001010010101111000011000100101110110
00010101111111011101001101001001110000001001111001010010101010101010001110111010
10011100101000010110110110110101110101111101000100010100010010100101100100110011
10010010111010110101001110011111001001111010100110000010111000111111111101000010
00001100011010110111001111000101100110000111011111100000011100100011001000111101
10000000101101110010100101100001101111011101010111110111010011001000111111011010
10011010111101110011100100011011100101111100010010110010110100101011111100001011
10011111011011010101000011110010001110110111100000110110000011000101001100011101
10001111011010011110000101010000111100010100110111111101011000010010110001001110
10110100001010011101110001010111110011010011010011011100000110011100100010000110
01110100111001110001011000001101010011101100111011001110000011100001100100111011
00010100111101010011011110110100011101011111111011010011101001010100011010000110
01010100100001010110011001011010101000111010111100111110101111110101100000111111
10100010100110001000000000000010010100010101011011110001001001010110110001011000
11100001010011011110011100100111001010011101011010011110101010100110010111111000
01101011001000010110110011011101011010111000010011010101100101011001001100001110
01101001111010101101101010100000110101011010110111001101111110111011000001011101
00010100110101001110000000110101101111011000111111011111101000101000110100010011
01100001111111100100000011001001101011001000000001011000001010011000101010010110
01111011011010111010000011000011010000000000110101111011101110111101111111101011
00101011011001101101001011001110100000100001111011100011111110100001001100011001
01001110001000110011101010001010100000100110100100001000100100100001100001110100
10001000001100001111001001000110110011110011101111101011110100100011110100010101
00100100001010100100101100000100111010110010011100110110100000111001000110101011
10110101001000001110011101001011101111110000000101110100000100110111010000110111
01000100000110100111110101011101100001110111101101110010000101100110000111000101
01000011110001010100010111010101011111101000101111001111001110001111000100000001
10111010010111111001001000011111101100010111011111001100000011000110001101010000
01110111100001111110111100011100010011101101101011100101100110100101110001010001
10100001101010001111001101011101001110110011000000111011110001110010010101011111
00100100000000110010101011010001001001100110110110001000000000111001100110110000
10110010110110100110001110100010101010011111001001011001101101101100001010100100
11011010100101011100101110010000001101111101100110100011010000001111001000010001
11111111100000110110111011011101110001111011010101010111010111110000110010011011
11110100011001101111111100001001110000001101010110110000011110101111101011010001
01101001000111100110010000110101001010000101001000010111000001101000010110001110
00100101111100011010100111101001111100001110101010000111001000101001110001001100
01110000010001101100000111001010010001101110011101110010110101000111010000001001
00101000010010110001100000000101000100011001111111001011011111000111001111001000
10000010100101011000011010101100101010011110001011110010100100001110100001111111
00100001111000010001010110000101000001101111010101001101001001110000000101010000
10001100010101001011011100111010011110011111011000100010011101111110101000111000
00111101000011111001011001101110011110010001111011100100100010001110010111010100
11000100110010101011101001111000001111111000111101000110100101100011011010000110
10010010101010010111101101101001000100000110011001100101001010000111110110111011
01000100100011110010110101000001101111011111100111010100011010101111011100101100
11010100000101000010110000000101101111001001100011010010110000000000100111011111
11010000000110000010101111001010100110010100100000111111100001011010011001000100
00011011011101110001101011100011011111111011011110100010000111100001111101111010
10101100101111011100001111000101011010001000011100001111101010101100001000011100
01010011010001011101111000111101000000100000101001000110010010001101101110011001
10111110111001100111001101111111111110100111111111100000111111000000101110010111
00111101001001001110001101111011110001101001001011000011110111111010000000110110
01010000101100011010110101010100011111001111101000011101111111100101010100100000
00000100101011011101001111000100111100111001110001010011111110111101010011011011
01111111011001010000011111011110100011111101100110110100000111000111011101001000
01011011111001011101111100001101001001111111000011100111101011011111100101001000
01010001101100001001001011100110101010000110100111111001101101011010000100110011
00011100111011110011010101111001101011111100000100101000110010100110000010100100
00111011110001000000010010000101100000111001000111001100011100010101100100010101
00100101111011010000100110000111011100110110001110000001011110011001001110011110
10001110101010011010011110001100110101000101100000110001010101011000101101110000
11100010100110100101000101110001001111110100011000010010000001001000000010011100
10100100001111011111101011011001110001110111100100010001111011100010011001011001
11011001010011000100111001001100101001101111011100100000011011100100110110001011
00100001001010011110100110000101000001010101000011111111111101100001111010111111
11010010001110000110011101010000000000100011110001000110001011111111110111101010
10111101000000000000001100011111011100110010010010010100001011011100111011100010
10011111010001111101110001010110100110010111111111101101110010000011011100011111
11111110100001000011010100111010010110000010111010110000100001100010111111111100
01011011001000010110001001110011010100111110101111110001000011110011001010011100
11101100000101011000011101101111001101011101001111001111000110101001111101011100
00000100101011001111100000111111011000000100010011011111100100111110011110100100
10000110010011110110110011110100100001100000101101111101010111110010110111001110
10100001001100101011000011111101011110001001011010000100111010111111011000110000
00110100000010011001101010001011100100100100101110111000111000100010001000000000
10001000100000011101111111010101011000101010100011110000010010011011101110111011
01100001010101000110111011100000000101101010111011011111011000111100111010000001
10001111011011110110011111000110101110001100101010000101001000110111000111001010
11000000000011010101010110010000110100111001011110000010000011011000001110110011
00010101111011011110100010110110110110011110001010101100111000111111100000101010
10000010101001000110110100001110100001010001101000001101011110001101111011000001
00111101100010111001000101000011101101001011100000100101110101010000010011010011
01100101101011111000011100101110110100110000001110010101011000010101000001101011
00000000001001001111010000101101001010010101101000011000010101110010110101111111
01001010010110010000001011001010101110110001101001010011101110111001011010011000
10001000010001110000011001101111011000100111110111100010011010001001010100111000
11101011111011001001101011011001101100000000000000000000010001100110100110101010
11010110101001110001011011011100111101100101000011001101100111001011101101110010
00111001101100101001101001000101000011011000110010111101011101010100110111111101
01001100100011111011011110100110110011111110011000100101101011101100010110001001
01111101000001100100011011001010011101111101101000111111001110100101100011111000
11100001011101111000011101001110010110000000101001010001000100110001010011100001
01001010000100110011111111001101110001001110010100010100100101101101000000011001
11000011101001001110111001100001011011111001111001001001110011000101100100011101
01000000111001111011001011110010011011000011110011101101100101001000000101110000
11111110000001111100001101010010001000011110001011100110110000100010110001011010
11011111010111010000011100011111011100001010110011000001110011100101110101110100
11100011001010101000101101000000100000001111001000100010001101110011000001101111
01101001010111000011011110101001101010000010010001001100011001111101001100010111
11001000010010101101000110011101110110100000110011111110011110100011101001100011
00100000101110000000000010010000011001000111101010010100011000111101110111100110
01000011111110101010111010111010100110111111000110110100101001001010101010001101
01100101010001000110101000000100111000010010111011001010110011110000011011000001
01110001010110111110011001110100001110011101101001111101010110001010110100100011
01110011001000000111101001111010010000111010010110010010100011100011000110010100
11111110110001000110000101110010001111110100011100110101011100110101010110000011
11111010000111111010010010010111111010110011111111000111111011101100110110100011
10011001110110001000111111001001000100101101111001001101010111010011011000111000
11000000110111001110100000001100001001010000001111000101100101101000111000111001
01110111101100000011100101101000100000110011110110000110111010010000001111110101
10011100110000100101100111001111101000100111101011100101110111101101101011111011
00111001111001011100101011100010101100111100101110100011111100111110100101000111
10110000101010100011100011100000011001101011001001011010100100010010010101001000
11100100101010111000010110000001110010001100100000110111011001000010011101101011
00000001001111011000010111101111100110111001101110111111011000101111110100001111
10101110000001100111111111010001011010010010101001011110001101000010000110101000
01101010101000010010101110011101111100011011001001100011111110111111101010010010
10101111001111010001011001100111100010101101111001001001100100110111011011010011
11000011100110100010100110000111010110100111101111111110101010000110110101101001
01010000100110110010110000010101010100110010111001101010011010111001100010101010
10000001110001010011001110011011010001101010100000100010001101001101110010011010
00111100101111110000000111000101000011000000101100000110010010000000001010011101
10000101100111101100001000010010100011111111100110100111011100110100111010010101
10010001010000000110100100000000010000110011100011111111110010101000011011011001
00010111010010100101101101011111100111001011010001001101001010000111100100010111
01110010110010101011000010101000001001010000011110011011011101110001100110110100
00011110110010000110001111010011001010100011110011001001110101010110010000010100
10101101100011010101101110011100000011011000000001000101110001110011001011110001
00010000111010011001111111010110011010111000010001000001101110111001010110111111
00010010010011010101101110111100101001000010011011000111000001000101010010000000
10110001010100010110100110100011011110110101110000011111010010101010111110101001
11110101111100000011000010000110001000010010010011011101101110111001001011011111
01100011100111011101100101111000110110010101000110000111011111101000001001101010
01101110000011110100100101000111010010000111101110010000011001110000100011001000
10101000010010100101110000011100111110011101111100000001100111100110001001101100
10010001010000000101011100011000000101000110101001000110001110011011110111110101
00110111110000101111001101110111101000001101011111100110000011001100011101111101
11100100101010010000111110010001111001001001101011101100010101011000000001110101
11001111100010001001001101010111000010010110110011011010011011101100101100001101
01001101110101101110001001101110001011100101010100111100010001100101011101001111
11000110110110000010111000001000110101100110010001110010010100011011001011111010
01000110011000010101111010011101011001111100000000000101101000100000111001111011
00011101111111000000010000000110101111011011110001100110111000010100101010110110
01110011111001111010111010101011101000110110011001110111010010100001000100100000
00001101110000000001000011101000101010110110100011001100010001101101001000111010
00111000111001010101010010011000001000000001101001111010101100101001010011110101
00001111000000001100010110101110110111100100010110010011010011011111000111100010
01001100000010100010001101000100101110001111110000001111010101001010110110100101
11111100010001111100011000010110011101111101110000010110100000110010110011101110
00010100010111100111000111100001000000010111011000001001111011100011001000010010
10001011000000101000010010011011101111101111010010110010001001101100010111101010
10100001110111110000010101010011010011010111000010001010010111000111010000111011
00010110000110101110101111111110111001110010001001000001000101110011001111010011
00110111010101101111001111001000110101111111110011000000110000101110000011100110
00110000100101000111000101010110100011000111011101110110100011000110100001100101
01111001100010100010011100000010000011101111111000001000100010111100001010000110
11011000000010100010011110100101100100010100001100011111100001011100110100110101
11001000010001010111110011010010101000110011101111011011010000000001110101011011
10010110101101110111101000010110010100001000111110101011001000000010111110000001
01001011111100111000101110010101011111101100110001011101111100010101010000011001
01000001111010101101101110101001110010001110100001100110011100010101001001100010
11011011101101111010000101100011011110010000000001011100100010010001111110111011
11100010000110011001100101010101011010010000101111011010110011101101000110001100
01110101011001010000000011000010000111101011111111111000000001000001101011110011
00101110011000010010100100100100001011010111110010010011110101100101110101001001
01011000000010100000000011101100111011011010010011001011101100110011110000000000
10000011100010110011110001111110110011110110100001110001011110100010100101110010
01110100111010001001001100001001010110011101110001100111010100101011001010001001
10101001010110011100000101000010000110001100011110000100100010010000100111001111
01100011011011110011110100100100011110111101100101001110111000010110010100011010
10000100000100100001101100000111001011011000110000111100100000000000011010011111
10110011100111011001011000110101111010100110010110001110010010000111101011101101
11111100001001011011111100001111111100111100111010011110010010011001000111111110
10010001100000010010000011011010011000100111100000000101001000011110101100110101
11010011110010010010010000100011111011000011110111101001010111110101001110001100
01000010001100111100111111111101100110011011011010000000000010010011100001011111
10000011100110001110101000100011100010011010000000101101110000101110111011100110
11100000010010000111001101111111011000000010110011100110111011001101000110111001
10000101001111011110110101001000100111111101001100000101010001101001111010011111
00010000011010000011110010000100111110101010011101101011100100000001011111001010
10101010011110010110001011110010000001010010101001000001111001111111010101111111
00101010101000100110100101110010010100110011010000011110101010100000111100111010
10101100010110101101111001011000010011110000111000101111111000001100001101001001
01111010110101010010000111110101101100001001101000110000101000110011100100101110
10010001101010111000101011001100110110110000000100010101011000001110000000010000
11101011000010110110010110001000001000100010001001111011111010110100011110011000
11110000001011000101000111001101111011101001100000001000000100001001001111100011
00101100011100010100111010101110010110011000000100000010101101110101110101111011
10100011110100100000010011011001100110000000001110011111010110101100100110001110
11100010110111101010000000010001001111001011011000101011110110010001011111000100
01000000111011101110010101011110111010011001100000100001000100011111111111101010
00011110101000100110000000010110100101000111001110101111110110000111111100000010
01011111111011110111101110011011110111010100111010011101001001110100101000111110
11111111110001111010000101101001011011111101100110100100011000010010010110010011
10011100111111110110000111111100101001110101011011010101100011111011010011100000
01101111011011100000111110101000100111101100101010000111100110000111000100001001
01100011111100001111011100110100001101100110011100110110101111110001000001000110
11011111000111011101000111101101100111001011010000010001011010110100111010111001
00011010001101010001001011111001011011011111000010001101001000001011000010110001
10101001110001000100001010110111101111101000011111111000100011000011000100100011
11110100100010111110110101011101111000111110010001100000010010001110111100001000
10110101000001101111101101010110000101101011101110001100010100101110111100100101
01001110101110100000110111001101110111000000000010101010010011100110111001111100
00001111101001010011101100110100111101010011010001011001110000101111111101110011
01101100101110100110000111110110010111010100100001100001110100101011101111101000
10111001100101100110101001010111101101101010100100000110010100010001010100100000
10010010101111110100111001001001100000101101110010110010000000001101011111011101
01110111111010111010100001001001000100100000001101001101010111110110001010100001
01101101001010001111100010100011101000111111001010101110010100001111000110101101
11101001000011011111101001001110100000001001011101010000100000010001110111110100
00011111101110110000101101001010110111010011010111011011101101011010100110111100
00000000001011011110111000110100011001000001000001001101000000110010010011001011
01100101110111100100001110000111001011011110100000111000010000111110110011010010
10110011011000000110010010101000010101001111010100011011111001000100100111101001
01000101001110111000110001011100011010001000101100011100100100001011001101010001
11111101001001100010001111000000101111000111100110101001010001010110111100000011
00000011011101010010101110100000110000111101100010011010011111111100011110111111
11110100110101011010101100001010111110111011101101010100010111001011011111001001
10001000110111110000101100100110111100101000100101111111100111100110011011010001
01011101011011011001100111001000101100111101001010000101100100100110110111100100
10001011111011110110100110101110001110101010001001101111110110100101000101010010
10000110010010110111010001100101111100001110000110101100100111110011010011111010
01111111110000011101111110001111111110111100111100011110111001001100101100001001
11111001000001010100001100111001011110110111010110001101111111000001110101011101
11111010010001010000110001011001101100001101010011011101000110111110000011000100
11001111110100010101000000111001011100010000000000001111010011101010100111111110
10101000000001101110100110111000111000011110110100110011110011001110010100011101
01011100010010000111101011100100101111010100001100000000101000111001010001100101
10011000111000111011011011100101101000000000000010100101011111111101111111111111
10000110111110111011110010010100101100011101001110111000001110100101110001111001
10111010011011011100000100110001001000111110011111001000110101010000100110111011
01100000000100111100010100000111110110111111101001010100000010001101010010000110
11101010000011110000110111011010001100100111101000000011001100000110011110101011
01110100000011100110111001100110100100010000111001101010010110000011110100010001
10010111101001000101001011111001000000110001010001000010111111111110101001010000
01111111010000011001110010101010001111110100101000111001000001001101110111011110
11010010100000111011010001110100101110011010110001101110100011000110011101100011
10111011010001000011101010001001001101110011011000000111010100011100100011100011
11110100000111110100110101101000011011111001011100110101101110001101001100000001
01101111110101111110101010010010111000111110100011101110011010011010100111011111
00000110010111100010010011111111010011010101100001100111011101011100100000010101
10101110011001110101000100100001101000001011100100100100000100110011011001010011
01110111110110110100000111111101111001111001100000100010111111000000010111101000
10101100001100111011100000010111000110011111010010011010001101101110011000100000
00001101010000011101000110110101010011110111010101010000110111001100101000100011
00000011011100000111010100100010001100110110101110101111101010111011010100011110
00010111101001001110001110010101010000110010100110001111010101110000110101000100
11100000000111001011001111011101110010111111100100000100010011101111011001110100
00110101011100000011011110011010000100010011100100001111110010101100111001110100
10110100100110111110011101100110011010101111111001011101110001100111011001011000
11000000011100111110000011000000110100111110100000101110110001010100011100000100
11100010001100010000010010001011010111110100010110111010101110101001001100010101
10100010001101101011101011000111100111000001100110000010001110111111011101010100
10101100110001110110100101111101010010000110111111000011100010101110010101011100
01010100001000111011100101100001110001011011010001000010010101101010001001100010
00101101000101011001100010011011111101001001101000000101001000100101101111111100
01111100000110010000010110101011010011110100101001001111001010001101011010100010
11101011111111101001110100010000011000110011000001010011110111001101000011101101
10010101011010011101010111000010100110100110001100111111110110001000000011001100
10111010010101111100100000101101110101010110101000110101011100100111000111011110
11100011010100010110001010100011010010101010101010010000100100100100011110110000
10000100100000000000100011100111111001000011000110010010101101000101110011110010
11010011110001001000111101000111010011111011100110001110010001000010000010000010
10101000001000001001100101101000001010000000001111110011111100011101011111000111
00100011001001000011100011110000000101010001100000101001101111001011101011111000
01111000001001001001010111010011110110010000101101110001111010000000111101000001
01100011100011010111011111010101010011001001011100010110010101010010101000101011
00111001000101011101001001100000001000110100001011011011101101101011101011000011
10110111111011011110100001010011111111101001010001011110100111011111001001000111
00100111111101110001001010000101111101001011001110011111100111100110010000110011
11111010110000001111001111101110010000010111001110111010111010001001101100100100
11000101110000111110101101010110101111100110110100100011100101011100011110101100
01110111111000101101001011101010000100010011100101000001011100100110011011001101
01011010100101011011000111110010010010000100100000000011111000111010110100100001
01111101001100011101000010101101001111110110011100100101100011011111101011011110
00010101100001001011011101111010101101111000110011100100101110110110101000000010
01000010000011111001000101100011111111000111110001101000001010000111110011111110
10111000000100110110000010000111000111011001010111001111111101110101000110100111
01010010110110110010000000111011001000101100111001101000110111110101111001001000
01101000100110110101101110000111101100011011111000100101100100100111111010000010
10110110100111011000100101101110101111101001001100111000111010001011100101001011
10101110110111100110101001010000101000111101110010000101010101101000110111100010
10010111000100010100011111111111101011111011101100000001110110011101011001000101
00010000100011111011000011001000111110100100101100000111110110011011001001010101
11001011100100010011110001000000011010000101111001100011110101101101100101000110
10001011011111000110111100011000001110001110011010011110011000001110001110011001
11101101110000101100110000000110000110010011100111011101011110011011000011110000
01000001110111101000001010001100000101110001111001011101011100011011110111100010
10001001011100010011110100000001111010000011010100110111110010000111100000110011
00101110000000110011111000101111101100011100100100001001010111010111111101001011
00010111111101111110010011011011110011010010011111100001100010100100001111101000
11111001000010101011100011100001101000000011000111100000001001110000000010101001
00001011001111000111000001110110110111010010100111000010100000111101001111011100
11100011111101000111111110000100011110101000101010101001101101110100100010010010
10110111000011100110000110001000100011001010111001000001011111111010010100001011
01001101000010100011000111011111001000011010101011000110001111111111000110000000
11111110001010011111011010110000000110100001000011000100011000000110110010001001
00011110111100011110101100100010010111011010001101001010000100001001111101100011
11001101010111100110100011100110101111001100111011010001101000100101001110101010
00000111100101111111011010000001011001100100100010111111011101110110001010111111
01000111110111000101000010011110011110000111001001101011101110011010010011010111
10100000111110110111010001110000000000111111000011110111011111111111011010111101
01111110010110100010001110000110011010101011001101000111010110101100001010000100
01001110101100001000100111000010111000010010011100101101011101000000100000111000
00001111111010101000001001000011110010001101111111111001101010111101110001110010
01101011010010100111111111111101111100001111100100001001011111111001000000010111
00001111110000110111101001010111000001101110110110100101111101101101010000101101
00001011111100000000011111001010011111111011101011110110100101001010000100010110
11010111000110010110011110001010010110111100111001010110111011010011011110001011
11100111000101111111110011100000011101000100100011001001110111101101101010000011
10001101011111101101001011011000110101111110100010101111111000111001100001111101
11000001110110101110100001111010000110000010010110011011011011010101000010001111
01100010011000011011000000111101001010001000100000111111111100110101100001100001
01011101010000001100100001110011011101011011100101101111011110101010110110110110
01000010010100101001000001000110111110100011101010110111000100110101000101001100
01111110111110001101100110011100000111110101011100110101011111110010101101010100
11111111110010101000001110100001010001101101010100100111111001010111011110010111
10100010000011011101111101001101111010010111100010010101010000000100110111001111
01101101100011111011110111001100001101010101000000101011011100011000111000101110
11001010011010000100011111100010110000000001100101000101100110011000000000011100
01010001111010101000110011110110101100101111011111000110100111100100101011100010
00011101110100100110100100110011110000001000101000001011101000010101100101001101
01101111011101100010010101001101011010011110100000110010111011100110100100110111
00100111111001111111011100100010111110011001000000111100011111010111111011010001
00101010101001111000000000111100100011000111100101001010110011001001000111100110
11111000100111110001101011111101000011011000111000011010010010010111011010111101
00001011101001011110001111110101100000000011100001010101110010011010011100100101
01001000010110100011101111111001001000010001001000011111110011010110110011011110
01010011010000001110001100101000010101010101111111111111110110110001001001001100
10010010100101010101101100001010110001110101110111011010100001111011010101101010
10000100111010100010110000101000111100011110101100101011000001110010101001100001
00010000001100000011100100010000011000100010111100001011111011110111100111110111
10111110000101100001011111100011100100100111011010010111100000111010011011010011
10100011110001100110111101111001100001001001011101001100001100101100010001011010
11000100000001001001110110010100011100011010001001011011100001101101111110000101
10011010010011011111101000011110011111010100001110001110110111000010111011001001
11000100100000001010001000010001000111010011100000111110101110101000110111110101
01010101000010110010110111000001010110000101010010111110111110010111000000110110
11110000101101100000000000000110100110000011010011110001010101100101111010101100
11010000001000011011000101110010111100000000001111010011000001001011011011010100
11001001110000111000111100001001001011000100111001011001011011110110011010111100
01101100100100000101001001100101001100000011101110111101010011001001011101111010
00011000011100101111011111110000001110001101010000011011110000101100011100100100
11110101011100101000101100001001001001100100100011110111010111101010010110010010
11010111111111000001101100010000000110110101011100010101111010001011011100111110
00001110100111100000011110011101101101110010010001111111100100010110000111000100
00111110101011000111010100111001110001100100011010001011010000100001000110100101
11101111111000111000110010110000111001001000110000100111101000111111111101000000
00100101000110110011010011001110000000100100011000111100010111110100110011100100
00001100111101111010111100011110000001110111001101011000111100110101011010000110
00111111111011010100000101011110000100010110011100011000101001000100100001010010
01000111001001010001111101011110001000111000100100111110110101101001101110110001
01001000010100110001010100001000011011101011110001100011011111111100010001111000
01001010001000000100111000101111010000111100111001110011111000000001110010010101
01010111110101111111111000100101101100110110000110001001010110010100011011000010
01010000010101010101101110101011110011100101100101110000010001010111000000101101
10101011000101011010011111011010001000000000101110011101000011101111100001111001
01011011011100101000001111110000010101011001101000100101011010000110001101001011
11010001001010001000101110101100111011100111101010001001111100010011101011011111
10001111000010010100111001110101111010110001101011010100011101011001000001110101
01010000010111001101111000110101010110011011100100010111010110001100101110001001
00111100110011010100111010111100001101000110011111110001001000100001100100110101
11110110111010011110001001010110001010001000011100110010001101011111100101111100
00100100100000100000000010000100010011100101101100101000001000101111101001000001
01110100110001101011111101100001000001101101011011100101101100000110100110101111
11111001000010011010011110010100110001011011010011110111100001100010100110010011
00011111100111000001101001101010001111100111011101100110101110011111001011100000
11010000000111100101011011010101010101001000111011101001110010000110100100111000
00101000100111101111110010010100111111010111110010001001100110010111011010010110
00101101010000011100101000101110001101010111110000001110000101111011111111010101
01000001001010110110000000001000011100100111000100010111000001010011100101011001
11101100100011010000000111100000110100010101001110110100000110001010010010010010
01010101111010011110100111110011011010110101110010000100111101010110001101001110
11001000010110100010110000001111010111000100010101001010010000010110001100101101
01100001101111010011001100000000010100000001110011010001011100000001010100011101
10110101110111000111010001000011010010000011100100001111111100001101110011000010
10111011001001101000000010010000100100111001001000010110010001101111011110111100
10001101000101111110010101011111111100010111110111101100101111111000010010111110
00110000010100000001010100100001001100100000010011000011011001110001001100000101
10010001100110101110110000110101101111010010000110001100101100110101000000011111
11111101110111001111110101101001001010010010100111101101111110001011110010000010
11000101111000100010101001011111111111111100011011001010111011011111100111011010
00011011000111011001010111001111100011111011001100101111011100010100101101110010
11111001011001000000001110110001000110011111000110001001110000000100101001001110
10111101101110100011110100111110011100101001001011011001101011110011100100001011
10011010010111110101100001011100101011010000110100100110000011011101010100111010
11010000000001101011001101110101001010110100100110100000000001111110110100000000
01000100010101101101001101100100010100110111111001110000001001100110100111010000
10000010010010000011100100111110011000100101111101011100000011001101110110100001
11111000101011111011101100110100011011110100111001001010100100101100111001000110
01100111111101010001011100000000010011000001111111111110011010111101100000110111
00001101110001011000010000010111101101101111010110011011010101111011110000100001
10100011011101110001000010001010110111010001011110001001001101111011010101000011
01101100001011001111100111001011010001001111101001110011101101011010111101001111
01001010001100111110110110000111101011001100111000000010111010110001110100110000
11110110110001010110001011001000000111111111101101100011101110010000110110000010
11100010101001110111011110001010001001011010100010111011101110011100001001111100
10010101011100001001010001100001000101110001010111111111011000000011001101001100
11000110111100001011000101010010001110110001110110001100101001101100101101101100
11100100001011101011110110101111011000110100101001110101100001011110100001101110
00101001010101001000010010000110100000000001000101110100001100110010000111100011
10110000010001110011101110010000001011000000111001011101011000100110010101101010
01010110001100101100000000011101101011110011111111101111100000001111111110100000
00110110101000110101011101000110010110100000001000001010010011000100011000000100
11011011010111100101001001110001110000000101010011001000000011000010010110010011
01001000111111010110001100100100101100100101110110011011110111101011101100011001
11001011100101001100100110000010111100111100100101000110101011011101110010100101
11111000011010011110000101000010100101011011001101001100011110000101001000011100
11100010011100001000001010111011101010010100111111011110010101000111000100101111
01111100001000110110001010011001001010010000101101100011101101100001100111011001
01000111110000011001111001100010011111110001010010001000111000011000111000001111
11001110101101010111010111111000111101000111110110101111101110011110010110011111
10111000011011001001001001111111101000100000010110001110010100011011100001110111
11111101010000011000011001011000000011001111000101001100001101010111101101111101
11011101111111110000100100010000010110011011110001111100001110000011111100110111
00011000101010101100011001011100000001011011010011001001110011000010101111011111
10000101010010110001011111100001000000100100111100001010011001010111011011010000
01101010101111110010011000111011001010101100110000100111111101000110110100010101
01001000001010000101101111110000000010110110100110000000000101000000011000101111
11111111010101101101011100011011011010111010010011010010010111101100110110011001
10001110100011111001011010000000010100101000001011001000100101001001001111100011
11111111110110110101100100001000000000010011001100001110000000100001110011010110
01010111111111001111011000000101111111001101101101010000000011110011001100100011
00100000111111000010100100011111001111000001001011100111111110111011001111001111
00110110100000010011111100000010000100010000100101000111001011101010110011110110
00110111011100111111010011100000100010111101110101001101101010110110000110111100
11001111101001101110001100001011010001100011100001100101111101010001100010000010
01100001000111100111011111010000110110001000010000010111010101101001001011100111
10001100100110001111101111111001110111000101111100100111111111100010011010110000
11101111111111111001111110000111000001001110100100000101100100011110001100011101
11100111110110010010111010110111000101011100001010010101100100011110001100001100
11110000000100110100101001000111101010101011010010110010011101101010000100000100
00000001001110110011000011001010110000101100011011011101000111100010000100001000
11010011011001101111111010100010000100110001001110110101000100110000101010011010
11000111011110001001001100000110100100100010010110101110000010100010110100000100
00010111000011101001101110100100100010100101010010000010011000000110010001101010
00010010011101110110001101101111010001110101001101111011100010010011011110010010
00001100101111001000001110011000010000101100111100111100110000011011001001000001
00110010001100110110101000010101011111101101101110000000001110000001111101011100
01100100111101011000100010001110010100000100100000100111000111101010000010001010
00010101101000011100111101000011100010000100100010111010011001000110100101010000
00011001111100001011111001010100100011111010001101110101001011100111100010010001
11001010110001001010100001110000100111101100101110011000000101000101000100011001
11001010011011101110010010110001011010001101101010110111010100010110111010111111
10100100100111000001100101101101000100000100110001011010111100000110010101011001
01010011000110111001010000100011001110110001110110000110011110010011001001110001
10010101100110101000101110100000111001001110100101100000100100000000110111011101
10011011100001000100101110101100000010111110010011011011000110000011111101011011
11110100001000101110011100010011001100111011000110111010000000011010000100001100
01001001100010010100101100111111000000000001111011110010000010011100110000111100
01100010001011000111110110101111010100101110001101100001101011010001101101110100
01110000000101100010100001101100010100110010100100111111010011110101111110101111
11101111101011011101000010111101000110111100010101010100100100000000000000111100
10001101010000010100110100011011010111100000100111011010110101110010010100001001
11001101110111110101001110011000100110101100110010101010100010000101011101100001
00111010000010001000011101110110100100001011111111100100100011001111111101100101
10011100001000100100111101101001100111010111110010000011111011101110101001001100
10000100001101010011000110101100101000100001001101010110111101111111010001001000
10011010001001001100110100111011110101110101110110011010011111011110101101100000
00011111111001001111001011011000010100110001101110111110111111001110001010100011
00001011110110101001000100101101011010101001010001111101000010110111011001100110
11100110101010010110010110011011001001110111010111111101101110000101111110100000
10111110001111101000101010000110000010000111010011010000000100001110010000010101
11011011100000001101101000011011000100101110010101000001100010101100110110000100
00010011100110010101010010101001000100000001001111111000110000100101011100101111
11110100000001011001010010011100011101100000011001110000001011000011100100101001
11001110100100101010110011111100000001100000101100111100000010101100000001111111
10011011011100001101000101111100100101000111101111000111101011000000011101100111
01111000100000101011101100010001101000010001011100011000011110000101111100011000
01010111110100001010000100100110111100010010100100100101001101001011101011011101
10100101111110001100101100100101001000101001101000100000110000110010111001011010
01110110010111001000011110100011111000100000111101101100100000110101010111100110
01011000010100001111010011100100101110001001100110110010100111101001111100001100
11101100110011001011000111111001000001011011100100000110010101010000100010110100
00101000000011010101100010111010010111001010011011110101100011100110000011110101
10011110100111111000010010010101001000110101001101101010010110110001100111001011
11100101101111100100100011101110010000110000011010001011000000101101100110001101
11011001110011010110010111110101011101101111101011011111011000111101001000010101
00000011110111001110000100110110101100111101100111100100101010000011100100011001
00010111011001111101010000110001100010101100011010011011000011111100110111110111
00111000111011110010111101100001000101110010001111001100111101101111111001101111
00010110110000100011000101111001110011110100110101011101001010011111001111110001
00011000110101000110111000000000110100111100100110011111101010011001011101111011
00010010000010000001111001001011000101110000110100000000001000100010000110100010
00101100001010000001111010000101010100000101111101010111000101011000000001010001
11011100110001010000100010001001001010100101000000101100001001011001111111100111
00001001001111001110010000011110000110101000010001000100101010001000110100010101
11011010100001101101011000010111100000111110001111001010111011011110111111101101
11101110001101110011111111000010010000011010011011001010101010111011001011100011
10001000100101010100010010100011110110010001110000111111101000100011000110011010
01000101100100101010010111100000110111000111010010101011001100101100100010101010
00000010101110100101000111000111011110000011000100010011000100001010111000001001
01100011001110011110000000010010100001010110101001111100010001010000011001001101
01010101010110110101101010100110001101110110011110110100101110101010001001101011
10011110001111011010111111000001011000110111111010000000101001100100111101111011
11001010111110100111101000100111011010101110000000111010010101001011000001011000
10011000001000101110111000100000011111001010001010101000111111010011111011000011
01011010110101000000001111000101110011111100100001101100100011110000001101000101
10001000110011000110010101111010001011101101111011101100101101100101110110111110
01101111100111100110010001100000010011001110010100011111001000011101001110110110
01000110001010010010001110100011110100011010110110101101010100110011101000110010
00111010100011101110000111111101110010111000011111110010100000010111111111000011
11010000010011011011111101110000101000011111100101000010001001110010011111000000
11111010000001010110100110011100011001001100010010011101010101010101001010110010
11010110111111111111011101101111101101111000111100000100000010100111100001000101
01010101011111010000110011101011011110001111011110111111010100010000000100100101
11000011110011101101110010111110101100100010000101011001011001110110010001110110
10100111100110100110000100000011010101111110111101001001001000101001011110100111
11101001110000110100100100111001001100101110110111100110000111010101101011110011
11000010000010100001011101101010010101110011100100110011011011001111011001111111
00100000010110000011110011101001001000110100001011011001111011001000000111011000
00000001101000010110101000010010110101011001100100100000101000011000110010010011
01101111111101101010100010100110111110100100000100011001111101110000011011010001
11110100100101011110010110010010110100100100010001001010011010011110011111111000
10010000000011111111111100101000110101000101110100100011100100110110101001000100
11101010101000110001010111001110101111000111010001110111111110100000101101010100
01111011001001101000111111011100000100010001011100011001011010000001101011010101
01001110001010100111110010101101101000000000011010000011100011001100010100101000
01101100100001111000110001011011001110000000001010011101011111010010011101011100
01010110101011100010100110011101111001001011110101000001011111101000011101100100
00111001001010010100111101110001100001011011000101101110110011000000011000000010
00001000011111100010101111101100011000001011100110100011001001111100111011001111
01010001110100110110101000010001100101110010110001100000101110100110010111100100
11110010111010001010100001111100001111001111011110001011101101011000100101100010
10111110100010110111000101111001000000011110011011010011011010111111001100101100
00111000000001100110000100101111011101011010010000101100010011010101110111010100
11100011110110111001101010011111000001000101101111101010001000010110101000111001
11111001010000011111101101000101011111010101010001110011010011110111100101111000
10100111101011111101000110010111000111001110010101010000110100011000010001010001
11101000100011100001001101000000100100100100111011101000110001100111011111000111
10001010110100010101000111000100100111000111010010011000100011100001110000110010
00010100111010110101000000110000000010001000010111100110111110001110111011011100
01100001110001101111001011111110101010010100010110100011001100000011110011111101
11110010011101111110110011000100111111010101111111001010110001100111101101010110
01101011101010010101010100001000101111110001010011001110110010011010101111100110
00110110000110110000001010110000010101001100010010111111000100111111011100100001
11100001101001010011110100011110010111101011010010001111010111011101110000000011
00001100000100010101110011010111111100000100100011001000011101001101010111101001
10010110010101011111100011101110010011010110111111100110101010111110110011110011
00111111010100000000101011111000001101101001101110000011101101000100000001000001
10011000000001000110011110010110000100101010101000101000001011101000111011001111
00010011100111111101111001111110010000111001100111011010111010000000111110001111
00110100110110100101111011100100111000000101101001000110100100100010111100101110
11000001010000100001011101000110111010111010110010011011000101111000101100000000
00100011000001011100110110011111111011110010111001010111110000000000001010010111
00000100111111110100011011101110001010110111101010010100100111101100111100110100
01111101011101001010010110011110110001100010101001111001100101110100111001010010
01000100101101101010100001000110111110011010110100101001100000100110110110100100
01111010011011010011001011111111010101000001001110000011010011101110000011100100
10001001011010110001101101010100110011110000001000100000110100010110001000101110
11111011101001111100001011111110110110011011000111100010011010010010001110100011
11001101110110111001110110101000101110000000010010011001001101010100001001011101
01001100110111110001000111101111001110111100110111101000100111110001011000010000
11100110010010100000000111111100001101011010110110110111001010010011110011110010
00001011100010001111101011100111000010100100100111000001110101011111111110011001
10101111110110110010011001000000001000100101010001101101010000110001011000101110
10000010101011110010101000111100111101110110001110000000001010010110101100100101
01111100100101010111001111000010011000010000001101010001111011110111111100101001
00011001011100011011001100111001101111100011000110101011011001111001111001001101
11010011111010011000000010101001000101110111010100001101010100100101001110110010
01100000000100101110101011001010010000010100010101000011100101010010101101111001
11100000010011111101010101000011100011001101110000010011100000011111011011100100
10100101001010100001100010011010001111001011110000101010000001100111110000010011
10010001111011010001101100101011011111110111111000001011011000010101101011001010
10110110011111110101000110100101100101110100101110111110001101101101000000011111
00101010001000001010110000000000100101010100101001010000001011000001101001101011
11110111101011110010010000001000000010010111101001111100001111111010101010110010
00001010101100000000100110000111100101000111011000100101101000000000111010101111
00111000110100011001011001111000001110110111001110101100001111111101011010011010
00010010011111000100110000111111110011101000000011001010100000000011111101101111
11100100100000001111110010111000110001101000110010101111011100011000011001011100
10010011010000110111010001010100110011010100101100111001000011000101001000111011
11111000010111010000011010110110110100011011111111111100110011100010111001111010
11000000111100010100001001011101100010100110011111111110000010101111111111111100
01100010110110000011000110000111111001011011011010001110100010010101000010011011
01000101100111000100011111111011001101001110101111101001110011101100100101000000
01000111100000000101111010011001101011000100101011000100001000001100000011001000
11000000100101000001010010111000010011001011001110000110000110010010100101011101
01111010100001101100010010000011010100111110110000101010110101001110111001011011
10011100111010110010100011001110000010101111000010101101101010000100010101011011
11001001000110110100111101001000001011010000001110001001111011101000110011011000
10100001010001101101100101100010010110100101101000010010001010001011011001000000
10011110111111101001111100110011000100011110000011110100111000000010011101100000
00011111111001000010111001101011100011110000110001000110100100000110111000010100
10100000000100000011011010011111100101011111101000101101101111011000011011011000
11010111100010110101011001101010000011110110011101101110010011010111000110111001
11011000100011000100101011000100110010000010101110001110011010010011100100100100
10111001000111111010001011101111110000110111001011000100001011010110111000111110
00111000011011000100111000111000010100011010001000110100110100001110111010000001
01111000110010111010001011100100100100010000010111011010100110001010101011100111
11000100110101101100111001110011101111101110001001010110101010110001011011000010
10000111001010101001111000101110000111011010110001000100110011111010101000110010
01101011001000100010000001000100100000100010010011001110010101100010011110111000
00110010011001111101110110110011100000000100000110011100011100110101011001110100
11000010011001111010110010111111001011111001100111110111111001111010000000110000
01110010110111110001000111101100101111001111011101111000100111110000010010101100
10011010111101000000101011001011001000101101111011101001000010000101001101110011
00010101000010111101010000111000010111111011110101101110011010011111100011001000
00000000000110111011000001011010001000101001011110110000001010100101101100100000
00000000010111001110111101010110011010001011100101110000001000110011000100100110
11011110010111110010101111111001001111001111010011111101101001000111010111111101
01000001110010010011010100101111011101101110100000110110101110111011100110010001
00111001001101110101001101101011100001000100010010100001110010101111101101001100
11001101010100111000011101100001101101010001101001100110010101010000001110011011
00111110100100000010011101001000111101100111011100011101010100000000010110010111
11000010100101111101000000001010101110001001110001100100001110000110011111001011
11100011101100100100101110110111000110010110001100011110010100001101010000111110
11110000100100010110100110100000111110000110011100001000000011011100101000100001
00111011110101001111001010100011010101101001110000100101001010111000010001000110
10111100001111110010101001111110011010010010010011000111000010000010110011010011
01011010001011101000000010001101010011111101111011001011110100101101111001111100
11011000011100011011000011010011101110001000100101111010110110110100001100101010
00100001100100001101011111110111010101000001100111101111110111010000101000100101
01111000000101011111100111111010110110111000110000101100001010010110100000010001
11011111100011011110011101000010100100000111110010010111100100100111111011000110
11001101011001000111011111101010001101011001010011101111000100111100100101001111
11100010101110000000110010101110110101000010110111100001101111101011100110000000
10001110011110101110110010101011110110010001101101111100010111110111010100110100
00011010011000001000000010111100001101011011000101100111001001111010011001111111
11001101000010001011001010111111100110110000001010000110111111001001101110010011
10100101111100110111101011011110101001111100100111000110000101101001010001101011
00100001110011100011111111111100001011010011011100000001101100011010111110100111
11111011100010011000001100111010001100110101101000110101011101001111110000110101
10010010100101011010100001010101001101010000011011101001001000100000110111101011
10001000101001000110000100011000000111000010001011100100111110001000111010110101
11110110111101010111100000111001011000110001100100000110101110000011100011000010
10110110001101110101100011010111000000111001011010001000011101011101011010011101
01101011101101100000001010001101100011101111011101111010101111111001111011110111
01100111111100110011000011011000111101011111011000110010011100110010011100101110
10010110101100000100010000101101100001000110010100111110000100010010000010101001
11000101000110010001000001001100100011111010010001001101100010001101110111000010
11000100101000101111110010100001001101011111000011100011001001011001000111111100
10111010000000101110100111110010101100011000000100000011101000010111010100111011
11111010111010110011011101010101111100110001001111101101011100110111101111000110
01011101100100011001000101100010111101000100010110000010101001110011000110001000
11110000001011001010101101110110101011001001100011100000010101110100110111100101
01110010010111100101100010010111111000111000011111111001100110011110001110101100
01101001010111011111110010101111001000001010001010111100010011001111000100000100
10110101100110011110000101111011001011100000110101001011111011011111000110110010
00101001101011100000110010011000101011000001011101011100111110011011110000010001
01000000110011100110111010011011111000001011110000111101100110110100010011110010
01011000101010011000000101001100111000001011001101110000101100100110010100010010
11110010101010000010000100111000100000111011100010010101101011100101001111110110
01110001101011100000011000101101011111011011011100001011001001111001011010111010
01010110001001011100001110001110100000010100010100111111111101101010010011011000
10111011101011100000110000111010011110101000100000011011001111110001011100110100
10000110110011001010010110000101100010111001011010101111111000100011111100001111
10011100010111100000101001110100101111101011001110001011100111111010010011011010
01011011100010011100011010110000001010011011100011011101111101011000111110100010
00111100010101100010100101001111111101111001111110110110111001101001010101000111
11011000000101001011000111000100111010100010110000101111001100110110000010010111
11101010111011011000001110011100110110000100011001000101101111011001011111001010
01011001010101110111110101101010011010110001100111110111010010101011010000010110
11010101111110011011101100000001001001101000110110100100001001010111001110011001
00100101101110011111001111101111010110001011001100111111000101111110110001111011
00011000001101001010101111110111001000111001000110111010111000010100010011001001
11000111100001000011010110101100111000111010011110101101111010000001110100111100
01111000000001100101001110010110011110101000100110010000001101100000100001110101
11001110110000110110010111110110110110101001000000010010111111101110101001001100
00000100000110000001000111111111110111010011110010010110010010101000100011100110
00110001111110010110111110010011011100110111011010100111000110110110100101110010
01100111101001011110110001000111010111011110101101110100011001000100011001001101
11001000100000110100010010001010000100000000000101100110101110000001001001110110
10001000110101101111011001100100111011011010010101111101100111010010010010100100
11110101110111011100100100000101001011011011101100000111001111011111100100101110
10100100010001000011011100011010100101111000111011100001100011000101100010110101
01000100100011111101101011101101001100110111001101011101010011000101111010010010
10010001100011110000100101010100111111101011010000110100110110111011100000000111
10110101111011110101100110110111111001010011100101001101001110011101001100000011
10011100000110100101011010110101000000010000000000010001001100110011111110010010
11000111001100001010001110001110100100111010100110000000110111100000110010101011
10000000111001000110000111001111101110010000110110010111011100110101110111011000
11101111000100101100111100001110100111100010100101011101100010011001010010100100
10101101010001001000010000110100101101000001101011010100000000110000000101000011
00011011111100001101111000111100001101011110111100011111110010111010001101110101
01110111100010110001010011000101111011000111010000010100010111100001101100011100
11100010111010001010110010110111100000000001000100100100011000010110101011010000
10101100110100001001101111000001010011111110010010001010001001001111010001001111
00001110101100011100000011100001000111100110000010111010100110111100000101101010
01010000101010010111011111101100010100111000110011101010110011011011110011110010
01100100010011100001010110000110001000101001001011000000111001011100000100000011
00010100000100111010011011110100011100010110010011010100011001011110110001111011
01010010001110010101100010001101111110010001010100011100100100001110001001010000
01001101001010111010100111100110001001010011011011100110001000000011001110000111
10001001101010001000100100010010111111101101011101110011101011101000010000000110
10010000011010101101101101100010111000010001100011001000010100100111110011010100
00011000100001110101100010110011110110000111010110101000010011011101111111101010
00000101001000001101000100011100000110000100000001100001010010110000001001011100
00111000111110010100011011101110100000010000101101100111000011110000101000100001
11000100010000011010101011011001011000101110110100000101111110000100001111001101
10001001010001111101001011010001010110100110001110011111111100010000001111010011
11010111101010010110010010101110111110101111000111010011001010001001011111011110
01111110010100011011110010100101110100100011111100100011000110111011000001110011
10110111111000011101011001011100100101010001100000100101011001101100011101110100
10011100011001000000001111000010101101011111011110001011001100001110110010011011
11010000111100010110111110001110111001100000100111010011000000111000010000000000
11100010101010110000010110110001101110000001010010100010101110100101010100110110
11110101000010100010100110011101100000101001101000111010111010111110011000110100
01111101110010000111111001101111011000010000000000010001001000001110001110011001
00100101000011111011011001000110100101111101000000111101111100000011100010111100
10000010000111101010111001100000111011000010010111110000101100100001110111011001
10010101011000100010001111000010011000100111111100110011111100111010001100110011
11000000000110100111111000000010100100101100101011000111001111100101101000100111
00001010100001111010101110011101000100010110000101001001000100010101010000100100
11100011000100111110011010010010010110001100011001010111001010111001011011101111
10011101001101011110100110011001011111010010001000100100000001011101001000110101
00001000100000011101011111101001011010000010011111010000011100000101111000000010
01000100010001110111000001010101001110111100000110100111011110010001011000111111
01101111000100100101011110100010000010010011101011010011001100100010000000100101
10010100001100011000110001101011100010100000001110010111001110010100111010001010
11010011010101001111010111110100110101101010011001110011010010110000101001000011
10010000001011001001101001101100110000111110100101111100101111010001101100000011
01110100000000000001111011100011101000100010011001101011101011110110010111011010
11011111000001000011101110000100110101111001110010000110000010010101000111011111
01010110000001010110110100100011001110011000001100111011011001110111110000101101
11110010010100010110111111100000111000100111111011101110000010001111000110000110
01011000000000001011110101100100100001010101001101011000111100011110010011111100
11000101000111001011000001011101111011100110000111001100110011010000110110011000
10111010100101010110000011011101010100000010101100000010010111001000010101000010
01101111100110110101111100110000011110000101011001100111000101111111001001111111
01010001001111100001111011111000100000110000101101101100100001011001100111111111
01011010110100111110101111011111100100011111110010000011010101001100111010111111
00110000100101111111010001100101101101110011010010110011011110101010011101100110
01111100110011010111110000100001100101011111000100001011011011000110000010111010
01010010101110110000001110001100001100111011110010101100001110100000101001011011
11000010001001100000011001011010111110010100111001101111100101010101000001000011
11101110100000111110001000010110111010001111101010110100110001011010101000101001
10100101100101111111000100000010001111100011110011100001001101110111100101100110
10100000001010000110000100001111111010111000110010111111001001000101011100001100
10001111000110100100100000111100111101001111101010011110000010001000010010110011
10100101011011011111000011010111100111000000010111101110101011101100110000100111
10000100010101001000000010111101110100011111101000010110010011100011111010110110
00000100011010101010111010011001011101111010100000000101101010011000010111010001
10011011100111101101001111010100111010101110110101110000101000110001101111011000
01001010001000100101011111110100001011001111000010101011101000010101000011100111
01001111000010110100010001111000110000101001001100010100001110000001001110001100
01101111010101101011010110011001010111001000011001101010110111110100101111011000
01001000101000110110001001001011011110011010000100100001100001101010111000010010
00111101110010011111101110000110010000101011110100100010011100011101111011111011
00011011111000011110101101110101110001001000110001111101101100011011100011101100
10110011010101111111000011111011011100100110000011111100010001110010110110010101
00011001100101000101010001100100110101010101000100110011011011000010000011100010
10010110001100011001000001010100100000111000000110100101010111101101010100101001
00100100011110010000000100111101100110011101010000011100011000101010101111011100
00011011111110000111110010011110000010000100101001010100001110111011111111000011
10001100101010110011100110111111100100111000111110011011010111011100111000110010
11101100100000000011110001101010000111001111011110010111101110000110001111111011
00001000101101010111000100111000101000110111101010110001000001100111100100101100
11100010100011111100001101100100001001000101010011001110110100001110101011001001
01100000111000111010111010011000011010110110011101010011000100011101100001011011
00101110000111111011101000000000111011010000010011010101101000010011001000011101
10101001101000010111000100001011011100010110111111011010001110111011101111000111
01111101011010001101111010000100001111110011000111001101100111111111110000101111
10100010101010010011101110110010101010011111111001011110111000100000100010000110
10100001111010001010111010110011111111011010010011010111011101010000101001101001
01101011101000001010101000110101100110100100111111100100100111011010110010011010
01000001100000001101001101100110100101110010000000011010011011111111000010110111
01011000100100010100111110000101111001000010111010111010110000000101100111010110
11000000011001010010010111010111100001101001010100110001000110000100101110111011
10110111001010111000101101101100100110110011101011001101111101111001110100110000
01110010011000101010111110110111010101111001110110010100100001001101010101101101
10101110011011011111010000111000111111110100000101001101001110000011101001101000
00100100111110011010011001101101100110111111110001001000000101110100001100010100
11101010101001010111011000000111111101010001001111100110110101101001110010011010
00111100000011110111101010110001111101010110101010111011111100110110100000101001
00001011011111111110100111111110010010101010000011001111011000100111001000011011
01110110110010111010010111101011010101001110001110110101100001001011000101000001
00110011010011011010010001101111111001110110110011000000001110111110000011011100
01101011100100110100110101101111010111111101001110011100001011000101000111110001
00011101101000000100111100001011110010000001100101101001000110011100000101110001
00101001001010101001011111100111001010011001110111011000000010101000001101110010
00000100011001110010110101101110111111110011100110101101111001100010000101100111
10001000001001010010110101011101010010100001010001000010110101101011010001100010
10110110101010100111111111110000101001000101111101111011011110100010100110100010
00111100100101100000100111110011001101101010011111111000011101010111110110110110
01011001110100001010110011100001100001111101001001101100100010000101100000100001
11111110110100101000101111001110110111000011111100011010011000011001111011101100
01010110010100111100110001100011001110011111101100111111001101010111011000100010
11001111111000110100110011101101100011110000001001010100101110001000100111000000
10010101110000000001101000100011111001111110100110101100001001111011011010100011
01001001000111110011110110011100101011101001100011010000011001011111100000010000
00100000000011010010100110010101011100100001001000110010000100100000100100111110
00100101000100100111010001000000111111010011001100010000100011011100100100101000
01100110001110011001010001110100110010011100100011011100101111011000101011100101
10011000011000100111111100110001001010010110001110001000010011101001100110101010
11010111101100110101010111011011101110011101000000101000101001000101000001111101
01111011000001111011000101001111101110000001110111110100000110101101001011010111
00100010011000101100111110001110001000010110010111010110010110001101101001011100
10000100100100100100010110101011011100000011001000111000101000110101111011110010
10110111011110100101010100110100100111110000010111000110001011011011010111001000
11000100000111010000111101110100111110001101001100000101100100100010100001111011
10010010110111000101100011001101011110100110001001100100110111100001001001101011
10011000000101110101100110110011111010001010100010001001101101101101010110001001
10100000010010111011000011110101000001010000100011000000101101110011010010010101
10011010111000001111000100100000000010110001101001010101011001010100110001001010
11011001110010100011101100101011101110101011110001001000000010000101111000111101
10011011001100111100111110000001101011111001010110110011010011001001100010100110
10011000010011011101110111100111011001010110100001111101001000010110000001010011
10101010001000000010111100111100100100000001101110101100110001001101101010110000
00101110010101111001011111100010011010001110000011001100001011100000011101111001
10111101110001100000110000001011010101111110111011000000000011101001010110010010
01101100111001001111100000100011100110011111101010001111000101011101100110000011
00100001101110010110101000001110001001010011010101100110000000110100000101011000
01110001100000011010110000000000101111000110011111010110000101010011010101110100
10011101110001011101111000110110000110000111000111100001011001111111101001111010
01111000010011101100110001110001100100110001111011111010111001000110100011100110
00001010111101011001001110100001011101101000111010101100101001100110100010010001
00000011111000111111111001110010011011000011011111111001100000011000101110010110
11110110000001111011001101101001010001101110111101000001011000101000100000011100
01101001010110110110111111001010101010001111001110011111011001110110101001111111
11001011001101001110110001110100110101011110100000101101001111101111111001101110
01110101010001111011001000001111010000111010001110000011011001010001011010100010
11100110000101011110101111011100110111011001111100001110001010010100110000101110
00111111101001011011000110100111011011101110000001110110011011000001101110000011
01100111011010010010111100000100100010110110100111111100110001110100000001011101
10011011110111001110000000111111100011111101000011100111010111011000010101001100
00100100111000010101010111110010101100111000000111101111100010110110001100100000
01101010010101011000010010000110101110111000100100111100111101001100010101101101
10011011001110011100111100100011010001001101010000101011011001110111000101101111
00101010010011010010011001011101010001110110011001100011111110010111111111101000
10011101011010011010010011001101000010000000100101000001110011101110100111101111
11011011011001100001011100000101011111011100111100011000111011101110000000000111
01001011101011101011010111001100011110101000001110010000000011101101101100010010
11111101000100011110010100000101000101110110111110110101111101101111100010010000
01001111000000000110111011101011101011111010010100100110101101110110000000101110
00011111011101110101010010010010101010110110011011111010101000111001111111111000
10101001001110110001100001001100010011010000001110110010011101000011011110011011
10010110100101010000010000010001010010001101011101110010000011010001111011001011
01101010010010011101000101111100011000011011001010111111100110111111010010111100
00110001101110101111100011001000100100101011111000000001111110011000110111011100
01110110100010010100001110110000110010111111010110001101110110010111100010110001
01000011111101100111000000001110111010011000110001010101110010110000001011011010
10010011101101101000100010010101010111101111101101110010101010001111010011011111
11110111011000000111110011111110100000110111011111011010100010100001001010011111
11010100100001011010010010100011010111010111101110101010101000000000010100000111
11001011011101101010011101001100000001101101011001110000001110011110001111011000
11100101001110010110111001100100000011111100110100011000100000011011101110010000
00010111101010000001111000000110111100111110100010110110000111101001100010010100
00111101001001111001001000001100100111010000100110000001101100000010111001111010
00001000101110100001001111101101101111010101111110011001110100010100111011100111
01010100101001101011010001111101101001111001111100010001110111100111111011111000
01011000110101111111000100001000011001110101000010100000011111001101000000101101
11010110011010111010111101001010101110101001101011001101011110010001110111111111
10000000000111101111011010010111101000110111000110011101011111001100001000011110
10000101011110101111001110000001000101110111101110101011000110111010100101011110
00011001111000111101101111010110000001101010010101001001111100101111100010111110
00001111110011111111000010011001111010111111101110111010100011100101100101000011
00010011011111101000101001001000110110011110011011101110001111001110111011001111
00000110011111100111111110011000111110011100101011101111100000000011000100001101
10000011011101010000011111001110010011010101100010101000101010011000111010111100
00001011100101110010011010100000011110101000101111000111010001110000011011101111
10011010001010100101100101111101111011010001010110011001100111110001100001001110
10011010000000101010011110101010010111011100000010110011001110110111001111010011
01000111110100111111010000001010110000101001000010111001001011010111000110011000
10111000011000100100000101100000000100111111110011011100011001010010100011011011
