80 1023
10010000101000101010111010100011101111100011100111011110001100100010011111111111
11110010101000001111000001001110101110010111111000000010101000110110110001000101
10001110101101101001011010001110110111100011100110001101111111010011100100100100
00011111001010111001101111100100011110011111111010111011010010010010101010101001
00001111101000100011000110011100101110011110010110001110011000001000111011111100
00101101010011000101111111100101011100011010110100010000001001000100110101000011
10010010001001000011111111000010000000001001101101010010110101000101011110011110
11011110110000100001010000001110101110010110100001101111100101001111111001100100
00100101101111011100111011110101110011101001110101110000111101010000100001101001
10001000001011110010011010001011001100001000101111110111000000110100000010000000
11010001100100110001000001101010011011000001000011111000110000010001101010110001
00110000001001111101011010110111111000000000101101011110001110000001110101001100
01111100010000010111001100111001100001000111111001101011111000000001001100101111
00100011000111010010011011111010110101010000011101110011110001100001110101010010
10001101011011001001110001011101110011010111110011001111010101110110110000110100
11101110010100011011001000001110011101110110110110100011101111001110010110000100
10110000000011000010011101010001110011110101100001100111100101101001100110000010
10100110001001000111111010100011010110101110001110110001010000101100100111111010
00111010111100010101111010101001011010101010000000101001001101010111100011110111
00000011011101000111100101011111110110001000111010011010000001000101111011001011
00110001010100011101100011110110100000101011100111011111010110001111100001011111
10100100011110011001110011011110000110010001001000100100111000001011101011000001
11011000100000110001001100001000010010000111011000000001011001011011101000000100
11001110011100001011001000001101101110111001100101101001100101110010111111000011
11101001110110001100010001110011011110100101000100100000110000000001111101010101
01010001101000011101000110001010000101010011100100111001011011001011100100010111
01010010001111000110111100101010000110110010111010011101100010101001000110111000
10100010111100011111000000011010000101001110100001001000011100101100011110101010
00001011101101010101111100110010011011100100001011000010100101101110001000101000
01110100101110000001101010110011001101011100100011010001101011100010010000101011
10001001011000001000011001011011011101011010011010000000001100001110000100100000
11000101000011101101001101011010001010100000010100111000110001100001110011111000
10000100110110010111010000110001001010111010111101001010110111010101111101010011
00111101100010110000011011111100111000011100010000011011100111000111011101001100
00110100000000100100101000100011101000010101000101011010110110110010000000010010
10111111001010111110001000010111101000000101101000011010101110011011001011110010
00011010111010010000110010000011010011001110010011011111000110010011011010100100
00100011110100100110110100111000101010101111101101000100100101011001001001000111
00010110100000101110010111011111111100001101110100101010110010101011001110111101
11100101111011100001101011011110011111000101010011110001010100110000110000000111
10111111110100110011111000100110011000010001010011010011110100100110111100100000
10110111111010001010101001010010001110011000010001010111010111111100110001001011
01101001010101110100001111101011110100000110011110001101011001000000111001011001
01101101000101010011000011001010101010100100011000111011010111010111011000011001
00000111100010001101110110001111011111000000011100101101111101100110111110100000
10101011001111111001110100011100110011001101101010001111111110100000101100101110
11110010011011000111001001101001001101101001001100111110110010110001011100000011
11000010011001000101010001110000010110100000001010110111010100100110101111010100
10011100100110101011011100011001110101110100100100110101101001101000011011011111
11111000111001110100110011010011000010101100010110110100010100110001101100010001
00010101111011101011101011111010100110111111011011101000111010011001001101011101
10111001000000001010010101111010011100000101000000000001010111001111111000110001
01001001110000100000111011011010111010000101110010000001000001001100000001100001
10000110001010001011100011010010101101100010100000001000111110010100110001110010
00101010101111101101010000111100010010101010000001010101001010100000111001101110
11001111000101010111000001111101100110000110001111001100001101001110000011101100
11110010001000110101110001010000110011110011101101011111110011001000100011001100
11001111101101100100110101001110110000000100011010101100001100001111100100001010
10011001110000101000100110011100011101101010100010001111010001010000110111111001
10011010101110000101011100101100010101010001101010001000110110010000001010101001
00000101101101100001000011010000100010101011101001110001110111001001011101111000
01000010100001110000101110011111111011100111000110010100001111011100011011000011
01011010000111100001100001100001001100001000111101010011000001110100111110100110
00011011100110100111100010000111100001110101011010001011001110010000100100101101
10001001100001001110000011011001001111111100010110011000010010110000100100110001
01001110110000010000000100011101010011100100010011111001010010111101000010011001
10100110101010101111001101011001100100110000100100000100110000100000001111100110
00111110000100100010111101100111101000001011001000111110100011111100010110000001
01100101100110010000000101100000011111110101000100011011100100000110100001000001
10101001101100100000011001110000110110001010101001000010111101010001111110111100
11000010001110111000100000000000011111011000111010111101011100011111101000111011
01100100010101011100011010001000101000110000100111011001110011111111100100000110
01001010001000100100010110011110011111000001000110000110111111010110111101110011
00101111010100101011001001100011001111111100010001011111100000110100111000001000
11010110101011001110101011000110000011000010011111001001010111111010111010100110
01001011101110111011101111101000111011110110101010110111011010100010111100101111
11010011100000011101110101111110100011111110001101110001001111101100111001101111
10000100010111110110101110110110011110001101100010100101101100010110101100001110
11010000111101010011000011101010101010011100101001011110100010101000010111101111
11100111101010111111101001010110100010001010000111010101011101001110010011101110
00011011111111010000000000101001000001110101011010100011111010001010011101100110
11011001010110111001001000111100101100110101101100010101010010110111011010001000
10100110101100010110101001101010110101011011111011010111011011101101011101110110
00110100110110010101101010001011101101000001001111100010011010011110101100111000
00010001010110100110111111101101101010110111101001111100110100010001001010010001
10100000011010010011100110000010011000010001110111111111001000001111111010010000
10110110110010000110010110111011011110000111100100100011100110101101111000101100
01110001101001001001101111000010101101000000100110011001011101001110111001011000
01110011000110001101110100110010100010111011111100101001101111101010101100101010
00010100110000010111110111110010000111101110000010110000001010100001011000110101
10010101011100110001001000011001100001011101011100000011000101000010000001010010
01001101001011001110101101011000001101110011000001111010101001110101011111001100
00111000010110001101111001101010111001000100010100011000000110111101101010001000
01010101110110001110011000001011010000111111000010010000110010010011001110110100
11100000101010011011001111111110011010010000100110100011010001110000010000010001
11011001111111001100000011110001000100011011101010010000011011011111110111001010
00101101001000101000000000011100001100111101100011111101000000000010001101101001
11000101000000110111100100011000010001011101001001100011101011100011101011011000
01110111110000110010010100111111000111101000101001111001011111010010111011111010
11000000101111000101001010011011110000100001111001111000111110111111110111011101
10010001000100101110010010011001010000001001000101001010011011111000001111110110
01010011101001000101111110101101100000110000101110001111111001110011100011110100
01100111110110110001110110001101110011100100111011000100101001010101011110110100
00001111101011001011000101000111010011100011000011010011101101101000100100100001
00101101100010001010010111111100101000010100100110111000110011111011101100010010
11011011010100011111011111101010110101000100110100101010100010111011000001011100
00001101110110000001100111100111011111011111010000100101100001100101010011100010
00111011101001010100010101001110111010000011011100010101000111011010011000011010
01110100000011000010011100110111000001011110111000100011000010001110111110100001
01101000100010010111101010001000110111100001110001101010001100011000100100010001
01011101001001110101010011000100101000111011101110110011110000000001111010110100
01010001011111011011010011011001111010100101111101001000000111010000001100011010
01001101101000000100110101001001000011111011001110000111110010010011010001101001
00001101010100111000000110110100100110001101010011111100100111000100001111110001
11010110110000010001110110010000101100110101000010011001000001110100100001111110
01001100100010111101100111011011101100011010100111001010010011011011111111110011
10100101011101001110111010101101111000111000101010111100000011000001101110010010
01100000011001001110011000100000100000011111101011110001010011110111010110110110
11101100000001101100000101111101011000011110001101000101100011010011010011110111
10110101111101001001000000111010000100110101100001001100111001010111011110010110
00000000000111111001000100001110001101000101010011000100110111000010001010011100
00110001010101000111000010101011110010101110010110110111100110101001001110000001
10101110000010000111010111000011001000011010101000110101100010110110000111000101
01011101101010110101010000111100100010001110100010010011001010011100101001101100
00110100011100101000101100110011000011101000111011000010011011111101111101111000
00110101000010010010011111101000010110110100001001011011101111101111101101101001
01100100110100000000010010111011001010011001110101101101010011001001000111101011
01011110000001000001010001001110101001011111011000001001010011101100111101111010
11010010100110100000001111010010111001011011001111000000001101010101110010000110
10111001100100001000101100001111000010001111011111100100011011110101101111100000
10001100010100000010100011110001111111100000110101111111110011101000011111111001
10100100001101011101000110010110111101010111110101110011001001111001110111001000
01010110100101110101010101110001111100101101000100011111111111001010100001110011
01101001010001101010001110000110111000001101101000001101100010110110000011010100
00111100101001011111111110100000010111001101001000011001011010111011000110111001
00100110111101110001011010101110110110101001100111000000010011000001010110101100
11111001111111111111101000010011001100110010011011100101110010011110101110100111
11101100100110111000100100100001111111010010100110111001110001110001011001011001
10100011100000100100011111011100010011010110100111001111111000111100110001100001
00100101110111100010100101110111000001011011100110100000000100001101000000110001
11101111001010001101011010100000001101101110100011110100111110110110001101001110
01111000000000111011110100001000110100110110111100010111000110001000100010110100
00001001111100101111101010010100011111111111010010000110101011100101001101010111
01001010001000000010000101000000001110101100000101101001110010000011101000100000
11001000110100110001011111011110101010100101101101100111010011001001001101010101
10010100000110111100010010111000111000000110011100011110010110010000001100110100
11000100100110111011010010010011000011100011100011111101110000001101000010101001
00011001111101011001010001011001000100101001101101101100100001011110100111001010
01001011110101111111100001111101110010000010101101001001000101101001010010000100
01010111001011101000101111011010100101110100100110111101010110111001110101010110
01010001100101010000001000000000001001000011111110000111101110000000000001101010
01101111111111011101111100110101110011010110101001111001001111110110110000000011
01111100110010011101110000011000101010100110010001111000010001100000010010001101
00000010111011010101011110100111000111101111101000010110011110111101110111001000
10001011111111111001110111101011001111111110010010011101001011001011000010000010
10000110010000111100001111111111010001110100100101101111000111010000111001010100
00111110110100010001110011010010111110011100011000001000100000110000010010101101
10111011111001010000011101110000110010010001100101100101111001010110110110110011
10100101000110101100001010110111111100110000010010010111100110101101110100001111
11000010010101101110011010101101110101111110100000101000011100011101001100011000
11111001110111101010110000001011100110100011001001010110101001110011111001100000
10110111000100110000000010100100111111011010110100000110101110001110110100100110
10011000100110000101001000110110111111000100000101110010101110110100111111011010
10111001110100101101110011101011111100100100011001000000100111111110110110110100
01111000010110010111101110000010100010000001011110001101101101111101110011110101
11001010001010110110001100100010011101001110001011111101110010011100000100111101
01101010001100001011100101001110101110000100010001001111100000010101011000110101
00000100001110011110001101101001010011110010010100111010101011010011101000111010
11001000101001101100100101101100100111111011100111011111100011100000000101110100
10110010101001111110000110000101001010101101000011011111000000100001001011101111
10111011101110111101101011111100010101011100000011100100100010101110101001011111
01001000111011101001110011011011001010011011101101011111011110110110000001000111
00001011000000110111011011110010010000000000101100001010011101000100010101001101
11101110011000000101110000000010011101001101101000110011101100000001100100110000
01010001010101111100100001110010111100100010110111000010111101000000010111011001
10000111100111011010001011010100001101011000100000011111010111001100010100100010
11011011000101111001011110000010000010010000001101111010000110101010000001111110
00000111100101111001111011000001101100010101101011111100000001011010110010101110
11001010110011101101101011000010110100101111000110101010100001000101010101110101
01001111010100011001111011110000101010101111001101100101101101110100100110000010
10011101001100111001001011100110111000010011101011010010011100100001101111101100
10000010011000000000011101111110010000101001100010010110111000101001101011011011
01100100011101001010001001001011011101101111010000011100011000100000110001000100
10001000100101101000111111101111111000011010110111011001011011011100110100010110
10110110101001111100100011011010000000101000101110111111100100011000110101101011
11101010110100110101101110101111000011011101100110010000100011110001110000011011
11011000100011010010100110001001001011001001000000100011100100010101101010011010
10001010001010001001110011010010000001001111000100001101111000101000110100111111
10001110000010110011101011111000010101101010000100010101101110101110100000100100
10110101000001101001100110101101011111110111001011001001010001100100001110110110
00001100010100100101101101100110000101111000100101111011010000011000011101011111
11001011100100000011001010110001010100100010011111010010010001011011101010110000
10111010010110010101101100110010011110001010011101010101101011001111100011101100
10111110101001100011100100100011100001100010001010100110001011111100100011010011
11110011110010010101010010100000001010110011011101010001100101101010100100010001
11111100100101100010101101011110110010101111010011000111000000111101011001010001
01110101010011100101100011101011011101011110100001101100100111011011010010100011
11011101100010010111101110101000111110000100011100101010110011101111101011110000
00101001000111011101010111100100100011011001010110010100101111111000010010000010
01110000101011100100000101011110100010010101110010000111101000100101000000011111
10000110111010001011101010111001010001110011010000111010000010100011000011111111
01101100011110100011011111100100110011111000111101001010100111010100000110110011
01110111101100101011000010100010101100110010011111100101000001010100001000010111
11001101001100001010010001111100110111000100101111111001010000111001010110000101
00011100101011110101001110010010100010110010001111100101000001101110101010011111
00011010011000101000101110000111110010100101110001111110100100010111101110011001
11101100000110011110011100111100100001101110111001000010000011110101001001001100
00100011011111000001111101111010100010001010110111110000000011011111100110010101
11110011110001100111011011000010000010101100010111101100100110100110010000010110
10001010111110001110110110101000101000010100011010101110110011110111011010101110
10001100001011010110000001001011010110111111001010110001100111110100000101110100
00000100101001110110001011111000010111000111010110000111010110100000011110100010
10100001110010001001111010001100000100111110100100000000000001111011100001011000
11101111110100000000111110111101100100110000011111001000100111100000011111001111
10011000000110110011001010010011111100000011011000001011110110110110110100011001
11110110100000001100011001101110100011111100101100000111100110111000001100000010
01001010111101000100001101101111000111010110111000000001100011001001010001100111
11001010100110010101101010001100010011001001011001011000000000010000101001110111
01010011101010101101101001001110000100000010010101001001101001000011101110011011
01001100110100110000010100000001001101001011100011100010100010111010010010011101
11101010100100101011110011111010001000111110111101100000000000000110101100010010
10111100001000110111000000111100100010100000100111000100101110100110110001001010
00101011100001010101100000101011111101100010001001101010110001011010010101000110
11011001000000001111011000001010001110100100000001111100011111101110101100001010
11000010011000010000010011010001011100000110110011100100011011011010010101101000
11101110011010101001110011101000101100011100101001110011110101110010011110100111
00110110010001100011010000110110010001001011010001001011000011111100110111011100
00011100110101100100110011110011101010100100011001001101000110101001101001111011
10101011100111111110011010100110011100000000100111011101110110000001111011000100
00101101101001110010110110100101000110110100100101111001110111110111000011110000
10001010000101100101010001011001011001111111011101100011111001100101000001011111
01111100010010001011110011110100110010101000010011101000100111011011111110110010
10000001000001011100001001101000001110000100011011010101000111100101110001000111
10001101000100110101000010011100001000111011011011101111001000010001111110110010
11010000010001110100100111000011100000011111010100100001101010011011111110000000
11010010101111000100101100010100110001110000011110011111111111100000011111101001
01000101011010011101111010000111111011100001111101010010111011001101000101000100
00011011100110010111010000111100001110000010101001010010101001011011010010100101
00100101010010100101111010001000011000011111010011111110011100001111110001001110
00100011100111011110111101010111111001000011001000111100100000111101110100111001
11000000001001000001100010001101010011001001000000101111101110001100111111011100
00100110000011001101110000000010111011111111010110011111011001111000100110110011
01000101000011111111100010100100101010010111000111100011110000010000100110000010
00010110011011111110011011111110101110111000001101001001001011011101111101100011
10111100000010011100000110110100011011010100111110000010111001110101111001011001
01100100101010000011110111001000101100110001001110101001100010001001011011011110
01111110101100101001110001000001111010111110111101000110111000011100101000101011
00010011100001001110001001000010100000100100110100001001001010110010101101011100
11000011100000101101011000101100011001010111000011000111101110011101100101110000
11111011110101010000011110111110100110110010001111101011010011011100100011010011
01000110000001101100100110010001100110100010101011110101010100001010111101010101
01000100011110101000111100011001011110010110111100001001010000010000111011010101
01001010011010101100110110011111110010010101101100000100000101101000111101011000
00011111001100010010111111101000100001101101101001001110011111011011100100001000
00000110110110101111110110101101010011000000111010000110000110100001101111111010
10010101011100010001011110100111010111001010000000010001000111010101110011111111
01101011111110010010000010110011101011100000101000101101111110101101001110101101
01011100101011000001001100110100000011101100110100011010010011000011010100100100
00010111000110110100001011010001010110010000001000110100110011010000101010111000
11000011100011100110111000110011101010110111000000111001100110101101111100110010
01011001000100001000110110000010011110101101110001110100001110011000000101011000
10100101010000011101101010110000100111111010010101000001111000101001001101111111
00011011010101010000011101111011001111001011000001000001101001001100110110101001
01000100000110011011000101100110110010001100111010110010100110001110101101100100
10011000111111111110111110011001101111010011110111101001100010110001010110011011
01100111000110000110000110001001001100001001010011100110111000010101011110010010
11110110001010101100010010010101101001011110101001100001000111011000101000101111
11101100101101000110001000000101100000001011000110011110100011100010111111011110
01100101110111110011010101101011101111110100000111010101011011011101011000011001
00001001001010011110111110000000000011001101111010011111111010000000001011110100
10100111011111010001000000100100100101111101000110001001101110010111101110000111
00101000110111010100000010111110111100001100011100100101111110010100111111110011
01010010101100100011001000100001000111001011001000110010100111011001100111001111
01010010000001010100101110100101011011111101010100000111101100011101001010000001
01011100110101110011100111000010000010011010010111111011000101110110101110111101
00110101011000100111111010101010011100111001011000010100100110011001111011101011
11111010010111100010100010010001011101110011001000010000001000010110010110101110
11101101111010100010000000110101101111111100101111101001100011111101010010000100
01011100000100000110110010000101111001011111010101110101100101010000000100000100
10011101010100010110010110001000000100011111011100101110111000101101101011001011
01110011100010111101101100111001101101100111101010100001101101011001001110101101
10111101111010110011011100111000001111011000110111100111000110110001001111101100
01011000101010000011100000011100100010101100001001101100111001111010000101001011
10111110011001111000000010010010000000010100000000110001100110011000110110000100
11000111001110110111001110011100011010100000000001001010000001001100111010111010
01110011100001001000111110010111111011001110010000000000001111010010101000010111
11100011001101111100000000011010000000000000011100100000100101110101110011000111
01010100010000000101100001101100000000110010100111001000111110000000101110000100
01001011100011111010011001101000111000111100110010111101100111011010000111110011
11010111101110001011100001001111111110100010101110000000101101110010011010100011
10111100101010010110111011000000001110010001111000011001110111010110000111111000
00010100100010001010101011010000011100100110100011001111001000010100010100111000
11101010101011010100000111011010110110101001111001101001110100100100111001001100
10001111101000111100000011001100100000010100010000100110111110000001010110000100
01100001101101011100110001010101001001110100011011110101100100010100011001101000
00110000100010101101101000001001101011001000001101101100011100110001110111001010
00010001011000100010001110100010000100101110010100111110100101000101000001000010
11100000100010011001011000001101011001100000100010011101011000000001000001011110
00101010100000100001001110111101001000011000110101111110011100010011011111011011
11001111101011011110101100100100001010110000111010000011101000000100101110111110
11100001101000110001100110001101101111111101010010100100001110110001001000100110
01111011111011011101010111111111110011111000000100001100011000100100010110000011
00011010101011010110111011001001100111101111011110110001100100000101010100110110
11111111000000101010100000010100000100111011010111101011011001000111010000010101
01110110001001001101010001011110010010011101001101101111011001011100100010101011
00100101100110000111001110110100101010100000100010100111011011111101110010111001
11000111000111000011000010010000000001010000100110000001011010111110100101100110
00101011011001011110101101011110000001111101110111110101110101110101001111001010
00011100111110000100101001001010111101001010111001000100010101110100010011101111
01111010100010000000011100111100110010111111010111000110100111100111000110010000
10001000110101100111110101011001100101111010101101000100111100010000011010011101
01000000111011110000011000100101101101001001010011110110101001101110010101101011
10111111100010100010100100100010010010011000010001011001001001011011111001111001
11101010001111000010001011010101100110101000001001000001001011111100111100100000
11110000010000000110001011101010100111111101011100101011011001001001010111011010
00001100000000101110001110101011101101010001000010000110001001010000001010010010
01010110111000011001101011011111110011000111101011011110001101111111111111000011
00010010001110101010001001011001011001100111001000100101001001011000101011001011
01010011010010010010111010001001001110000010011000010001100101101000101011111110
10010100011110101110110010011010000010110000001000010011000011101000111011010011
01100001101010001001100100111100000010001000011111101101000100001111111011100111
01010111101000110010100011110000011110101110110011000000011111101110101111010101
00001101100000010010101110101101001100111001100001001011001011010011001001101001
11011101000001010101110100100110000101100101101110000010001010001110111000001100
01001010010100001010010110100001111010001101011100111001110000110001100001011010
10011010100011100001001110100010010101101010011101101100101011100100001110110001
00001011111010000101110011010101110011100100010010010111011001011010100000110001
00100001000111000110110101010101011110111001001111001001011111010101000000001110
11111010101000111101011000100111011011001001011011010111100010011100000000100001
10000100111100101111011001001010100101100011100001000110010010101110110101000100
10011001101010011011110011100001100101010101110100111100000000110111000000110101
00110111010110001001001101010001011110110110000111100010010001011010100111100000
01100101000001010010011100010011100011011011100100101100010001100110100011000101
11110000011101100000111001100011100111011101110110000110011001010111110101101011
11110100001010100101001010000100111110010001000000001001100100010111010011010100
00110001001101100100011000010011110110000000001010100001100001000000010000011010
01110001101101011100100011110000001100101110000000110001000101100000100010111111
10010001111010000011101100110100101100010011100000101000011110100001100100110100
01001011100000011111000001101001100100001001111101001110000011100001110011111111
11110001110011111010010101000110100110011111001101000110010100110011110011111100
01100000101110000000100010010111011110010110000010010011000110011100001001110101
01011110110010011110001111011110111011110011111001100011000110001001000101010010
10101100100001111111011111110000000111010001111011011011011001011011000010100000
11011100011011111101111010100011011100101100010101010000111010000111111010011000
00111100011000100101011100000001111111100100101111010110100011100111111001101110
01110100111011111000010001111011011000101000001101010101111100101100000101110011
00000001000100111010011000110010000110111000111011001101101101110110110111010111
01100101110101100001110001011011010101001011100100100101010011101011100011101011
11101011110110010010011011011111011101101101111001100111100100010100001011001110
10010000111011010110111110101011101110001101111101100110011111101110110001000000
10100000010100001101101000111101111011010001011111000011100100101000100111011101
11101011011011001000000011100111101001101110101110010011010011110100111101100100
11001101101100000010111010001110101100111110110111001111000111011011000100111111
00110010001101001000011111001001111100101110110111100000011001011000101010111000
10111111100010001100010000110011010110001110011110000010001100110101000001000001
10001100000010110010111110100101011110000110010101110111011010011000101010111000
01111111001101100100111000000001011001010010100110100001111001110001111011101101
11111000100100101001000010111111001111000110001101000110111111100111111101000101
01100101110100101000001101100001011011011110010111010010011110100101110101011111
10111000100101011000010101001100111110000101000101101000110000001001000010101110
01011010111100110110100011000011000100101011000111101111011111010110110110111011
01000000111010111100001001100111101000001111111000010100101111100111101101011000
01111111010111110001101100000110001110111101110100011101010000011111010111001110
01100010101100001111010101111101011111001010010111100111010101100110011011000011
01000000110001101111010011100100001101100011011011010001010100001110100001001010
11001110000000001011011100100110000110110101100010111110111100100000100111101111
11111001100111010111101101111011100000101110101000001011011100110001110001001110
00000010111110010010010011010010100101000110001011101010011001101011010110010100
00100001010101100100111011100010011100100110011110011100000111111100011000111011
00100111011110001101110010110110010110011001001001101011010001100111000011011110
01111000100110101110010110110011001101011110101011010101011101111110011001101000
00000010011001100010000011110101000111000101011111101011011111110101100011111010
10100100100110010111011001111100011101101100010011001100001100101111111101110110
10101000101001100100001011011001000100101011011011011100011110011000011000011111
10001111111011100000011100111010110001000100000011110001011000100100001001001001
10101101110000001001110101100111011010000000111101011101001111010111110100010100
00000000110111111011101100100011001011010110100111000100101000011110000100110111
00111110010001110101111000111101010110010011110010111001011101000101111101111011
01010100001011000011100101011011010011110111100011111110101001000001001110011000
11010001101110100000101101100010000100000101001101001111011101101000100000101000
11100000010100110100001100010111000001010010111011000101111100000010101000011010
01001001011010111101001111110100111000101100110100110000101101011110001001101101
00001010010110010111100001011000101011110101011000001101011100100110011001111101
11100101000011001101111111111001100010010101101000100110000010000100100100100100
00000111111001011000000100111100100100111101000011100010011011011000001010100111
10111111011010001010010001011000101110010010010000010010010010101001001110001100
10110111001010111011111111001101111001011010100110100101101110010111100001110110
10001001010101111110010010010000101110010111011110100010011111000000000110111100
11100101000001110101011100001101010011111110010011111011000110010000011001111101
01101000000010011001110100001101101011111000101101000111111111101010000111000010
00011000111101001101011011011001111000001001100011001111011000011100101011101111
01101101001101011010011110010000001101111011001110010100100101111110100010000010
11001000000110000101000111010010101001111110101000001010100010001110111001100010
11110111011101000001100111100100011111111010110100000101111101001011000010100000
11110000000011001000000001000111011010110011001001010010011111010010111000110011
00101111101101111000010100011001101100111001000001111111000001011101000010101101
10100110100001011010000011110110010000100001101001101110100110111001001110000001
11000000101010110111000110110101001011010101010010100100101000000100111011000000
00011001010011010011101100100100100111111011001111000110010000011100101000011000
10111111100100001100100000101101110000110101111011111100001001101000100111111111
11110010111011101110100111100000110001011100011100000100111000111010001101011111
00110111010000001111101010010010110110011110011110101110010111011100111100101010
10011011100111000011000011000011110111100100111110011101111100001001110011111101
01010001001100111100010001100111100001001001100101111010001111001011111011001100
11000110110101011101001101000111011011110110100011001111101110010100001010011001
10000001100101100100100111111111011110000110111111011111001011000011001110010000
00100000100101000011000010101001111111100110100001001101001010001101001111001011
01010010110000110000011110011010000111110010100011111100111001010110000001000011
00110001010011010100110011110011010110100100110101101101100101010101110000010010
01011111001100110101001110100001001011111100011111110001110011000010101000100000
11111001111111111111111110101110001111110001001110111110001110110111110101000110
00100011000111100101010100011111010100101001011101100100000101001100111011000101
01110101010110111111100101100110010010000101110010100111100010111110010011010101
10001110100100101100000010001101000110001110110110000100010100111000101111101011
11101100101001101010010001011000011101011000010101101111101110010000100111011000
00101101100111111110110011100010011111111100010000001111101010100001110011010101
10010010010111011111000101011100001001000101111010111110101111010000010010010110
00110110111010111001010100101010000100110111001111101110000001111110010000011011
11000000100101011101000101110111111001110011111011011010000111000011000000111110
01001010111100000000011011101101011001011111001101110110010000100100101001011000
10001100000000100010110010010001101110110010001110101011100001011100111110010000
10100010001110011001110001000101110101101110000100001100011010100011100001100001
11100111100000000001100011011110101011100011110101111101110001010011101110010101
01011011010010000110010010110111100010101000000001000011011011001000011010001010
11100111111000101010101001100000101111111101000000101101101100100011110110001001
10100101000011010110111001001111011011100100110100111100101000011011011111010100
10000110100100110111011110011100000000110000111010100101100011010010011011000111
00011110100101101010011101010100111000001001001001000010000110011001101111110011
01001111110101101101100001110000000100000001010001101001001111101100111011110001
00110000101010011011001000111110011011010011010001101101011000110101110111010010
11100110111010000110010010000110101010000010100000100101010010101000001101101000
01101010111000100010101110111001001100011110111100011100101000010010101011000101
00001111001111001110011110001100111110001110111100110011000010111110010001011111
01110111000110100101010000010011010000110100010100101110010101010000010101011000
10000100001100111101001111111110000111110011010011011011011001100111000000010101
00010000001001101101011100111011001000111110100000110010001000110001001010011111
00011001100011101011110010000001101010111011010101011101010011011000101010110110
01011000011111010000110110110010001110101010100010010000000111010101101010000000
00111001001111010010011101111000001111101011001100101000111010000100010001110011
11101110001111000011001101001000010001100111000010010011010001101101100100100010
11000101010101001100011001000111101010100100111100000110100110101110001101011010
11110010001111111001000100010000110100111011011010111000110101000101010010100001
00110000000100101000101111101110101000000011111011010011010011001110011011111011
10100110011010010001001001010111111101110111011100011101011101101100101101010110
01001110111111011100100111100101101001000101010111111111010110011010010010111011
01001101010100111001010010011101001110100101101010010011111000001111101101000001
01101111000001110010110101100111001001001000001000010011100100110110000010011100
01001101000001101010100010111100101011011010101010001100000110101111001101010101
10000010000101000111111100111000101011010011111111110111110001100110000111000111
10000101111001111101110010111111111011001110110001000001100010110010100010000000
10110101101011011001000011001000100001100110010010001011010010000010011110101010
01110101010110111011101100011011101110111000010001001110001001000101101110110010
00001101001111010000110010001111011101001010000001101101100110010001101100110011
00110001101100100100101111000110010011001101110000100100111101011101100101101100
01000001011011110001000010101000100100111001100011001110100000101111111111001101
10110111011101111100010111101100011100010001100000010110101000111101001011110110
10001011100111000011101101100110001001001011001001010101000111110011100100000101
00100100110111011111010101001111101001100111111111001000011010001000111110100101
01000000101011100000111001100011110011100101011011101100000000100000001110011100
01111100000011111111101111110110100111000101110011000011101111000110100001010010
01010011011100111011011101111110101011110100100100101100111000101100010100111100
10000110101110111010110010001101100111100001100011100001000000000100101001000101
00010011010001110111011110011010100111001101011001100100100000110011101000010000
10011110011000110111110001110010111001111111011010100101110001101101000101101001
11011101001100100010111001100110100111111111001111001110000111100011010011010000
10001000100111010110110001110100011110001000110011101000001100011100101011111010
01100001010101000100100010101101010100010000100011101110101100011010111111010100
10001100110001000010111011000010100110010010100010100011001011001001000100010111
10101001100011100100010000011001101110001001100000110100001101101001110000011110
01010111111000100000100101111001111000111001000000110001110100001000100001111101
01011011101000101110110110001100001001100000111111111110001100100111011100100101
01011100011001101100100100110111101101111000001101101110010100010001001000000101
11100111001111010100111110011100000011001111000110100010111101101100100000111011
00000100100000000010001001110100000001100110100011101111110001010001001111000100
00100110111111011001110111011101100100011101010011101101110100100011111110001000
10011101110001001111010111110110010010000100110010110001000010100110001100000101
10101001000100011100000100110001110101010101010010110100111100000000111111010000
01000011101011001111011001111010111110011110111110001010110000101101001011100011
01111011101100000000101000111010100101101101111111001000001111101100001100111001
01000011001001101101001111110011110101011100010101010100111111110000100001110111
00101100101001000111011101010100000110110011100100111101000001101101101111111111
11101101001101110101010101000001011001101100110000100010111010011100010111101101
10100110100100111000001110011110100111101011101110000101111001000010000100011011
10000111010011000110101010110000000000101001110111001100011101001111110001011110
01111001111100010001110111110100101011000000110100110001000111011111100110100111
00100110001010110111001100000110111011110100111111100010101110001110101001001100
10000001101111101100100100101101101101110011001111101000011011110111000001001110
10010101110111011001011101011010111101000011000111000011111111111011110010001101
11100011011010011011000010011100101101000010000101110101010000001101110110000010
10101110011011000111111010111011001011111010100001001101100010111100001100000101
00101110000101111001000101100001011011100100011001111000010001010110110010010011
01010010000000100001111110001101110001011011001010100100100001000010010110101010
11000000010111101011111100001011100000110001111011000000000010110010100010110010
11100010110101100101000000101010111000111010111001111100001000001001101000001011
11000110011110110010001010101111011011000010010010100111110000101100100011101001
11001101111110010100000110100011100000111101111111001001010010111001101110110110
11111011011001101111001011111011101000111010110111011001111000010001011110000001
01001011010011101100111100101101100011000110101010010010010000111101101110101010
11000110000111001001000011010111010111110000101101011001111000000010111000101101
00001011010010001111101111100000011101011011111110000000011000000110101101111111
10111010101011010100101001110101011100001100110001111111010110001011101111010101
00110110000011000111000111001001001101110100000000000111010110000001000111010000
00010000001110011011101011110010010011110011100010111010110000000001101000001000
01110111001101110111110111010110001101101001010100100001010000110111000100101010
00101011101101111010000111011000100100011001101001011000110001011101001001000110
10011010111100100101111111100000001101011111100010110011001001011010101101110010
01111000100011111110111001011011100111110001010101001000011110000100110101100011
11100001001100101011111100011000010101100100111101110100100101100010111101111011
11110010001000100110110001011111010110011001101011101000110001111101101111001111
11010001111001111110111101000111001011111110000101100010011011100100101111010011
01110001110101111001011010111101111000011101111111111101000010001110110100110011
01110010110111101101111111101011111100011110110100110001000101001000000010100010
11001011110100010110110100101110011010010000101111101000100101010011011101000101
11100011011001001110101100001000011111111110001110100110001011101111000110100101
11101001100100110010110110111100111101010101011111011110111000001001111110111010
10101000100010110101111001111101011001110000001101100011000000111010001001000001
10111011100100011010001111000111111000010011010000110000101100011101110000100010
00010101010000001101100100010000000010111001001010100101111100100100101111001010
00110001011110000011110010100100001101111011111111101000001010110010010101100101
01101100111011110101010001001100110010110011100010010100111001010001101010111100
10011101101011100100101001100000100110011100100010100001101010110011100010011110
10011110000010111111101000110011110110001111011011110001100000100001110111111100
00110111000100011101111011101000100000001001101011010011111111001001100101100110
11000000001001111101011100101100010000010001010011111001000110100100001001010011
01110010010110011101010101100010101000010100110011011010111011000111000001101111
11111101101101100111011111010111000010011011000111001110011101111110010001000010
00100100100101010001001001101001111110111011110000001111101110100101101011111100
00010101100100101100100111110110110101101001101001010011111110011101001101110111
00000100101010111000001010101010001011111101101001000000110100110111100010011110
10010101101100100101111110110000101111110001000001001001011101000011010100001010
00001111000000111011101100000110101001000101111010110100101000101001100011010000
01000101110110101011101010101101100111100110011101100000101101101100111001000010
00101000111110011101000111101111111111111010100111100011100110010100010010010000
01110001101001111110100111001000000001011001110100111101100111110111000111111010
11011110111011101110000010100110111101100000010110101111101001011011111110001011
00100001001000010111100101100101010111011111001011110111010100010101100000000111
10011111001010100101101011110011000111111100010100010110110000101001010100011001
10100000011100111110100110010001010010010000001110010100101011110111101011010011
00000101100000111111100110000010111101111100000011100001001110000011000100011110
01011110111011011111001010100111001000111111001111111000101010111000110011000111
00101111101111010000100111100011000111111011100011101010011111011110011100111001
00101001010001111001110001111000101110111100000101001101111101000101000101001010
01011011111000111101111100010000111000011000110011110110110110000000101111011111
10110101001000111110100001010101111000101001010000101011101111100100010111110000
10010000010111011101110000110101010010100000001000110110101110110001100011100001
01001011011011010011010111000101010011001100010000010110100001101101110100111100
01011101100100100101101001011101110110100111111011000010011100110101101001100100
01100001110110010001101011101110101010001101011110000100100100111110011101010101
01011110101101000000100000111111000100000110001101111110110001001101001011011110
01111100111111110101101011000101011011101100000110001101111010011100100000100001
00100011001111001001010001001011110001011001110100011100110011011010110110110111
00000101111100101010100011011010100110011100100000110100110110100111001001111011
10110001101011001000110101100111110110101100001011110111001100100011001111001111
01100010000010110100011100100111000000011111011011110111111011101101011111011010
01010101111011101000001010111010110110100001110111100011100111111111111111100011
10001100110100110110000000111111111100110100011001101110100100011001111001011111
10010110001100100110010000100000011101110001010101010111110000110010101010011011
11100011001000000010101000101101010011100001111100001101010111010011001011010001
01110011001100101101100110011100000111101001000001001110100011100011011100010011
00000111011110110011011100010010001010010110000010010010011011110011001001100110
01010110001011001001001001111010010001000100101110111111111001001101111111111000
01011001110101101111111100100000011000010101100100010011101100010001001111100110
11010110111111011001111110011001101100010010000001000001111111111010101100100000
01100010001000010001000100000111110110000001010010110000010010100010011100110111
00001111100100010011101111110110010111100000001100000000110011011001100111101111
10110100101000101110101100100110110010010010011111100011001111111011000000011111
01011100110111110001110110011111001001011001110110111111011010010000010101010001
00001001100000011100110111110001101000100010110111100001010100110110001111110111
00101111111111000100011001100101001011010011111101111111001111101000101111011010
01000110100000110010011010111010101001101000111000110011001011111100010101000111
01111000001101011110111110100000001011100000100000010011000000100011001000001101
00000111000001000100001010110011101110100101110000001011111100110101011010101101
01011000010111010110001001011001100011100110111000001000010001110110010010000010
10101110001111001010001101110100101001000011000000110000110101111000010011011101
00000111000110100100010000001110010000101010101111011111100101011011101100110110
11111000101110000000000011111000100000101011110000110110111100000101110010010100
11110001110110000001100111110100011111101101011001001100010110011001010110001000
01001000000010100010000110101011011110001101111111001100001111011110001110111010
00011111011000111111111100001001111011011000010000100000111010010110010001101111
01001100101110000101110111011110101110100100001110011110100000000000110001100001
00011101001010011010000101001010101101010010111111000010001010001111011110100001
00100001000000010001100010111111011111010001110111100111110011111010111010101001
00111110100101010011110101111000001100010010111111111100001000101101011000110001
00100111101111011001101011100101011111010110110100110110010111010110111010100011
11101100000111011111000010101110111100000010100000001110100010001001010000001001
10101110011001011110010100011100100010000101111011000101111001110111010100000001
11011011111001001100001010001110000100001111001111110110011101100100001010011100
11111010100111001011011101010001111111011110110110100001110001010111001000100101
00011001001010000101010011000000111001001110101100000011001011000010100000110100
01110001001010001001011111101101010010101110100110101110101101001011000111001001
11111001101011100010100100101100110110101100000110010010000010110000100100011011
01010001001111000110010101101011000000111111000111011001101000011111001000011110
00111010001111110010000101011001110010111010101101001100100110000001010000111111
11101110000111000010110011101111011101101100110010000101010100001110011011010111
00000001011110111101101101010001100111011000110111011001001011001001101111100001
10000001001110000111001100101111011011000000110101110011011011111110010000111100
00101100000000111011000000000110010000110100111010010100110100110100110000100011
01100100011011000110011010001110011010101000011001011000101111100011010001001011
00101000100000010011001100010101011110000000001100101010101110000011010010011100
00010010001000111111011001100101011001111010001101101101010010001000110100001011
11011101010110111001010111011110111000111110100100100110000111001111010110110100
00000100110011110000001101111101001111100000001101001111100001101001110100110001
00110101110010110011011111111011101000111101001100000010011000011011000110000100
01010110001100101000000010000010110001011111101111001011010100010001000010011110
00010011010010111111000110100101010001111001010001101110000111001010110111101110
00010010001010100010001010011000111011000110011100101110011100110011010101000000
10101010100110111100000000101111010010101111010100011000110001001011011011101000
00011001011011001100000001110001110011001010001100100101010000101101110110010000
10000001010110111100001010101011101000010111111100111000100010010101010001001110
00010100010101010001100001110100001110110110010011110011011001011110101011001001
00000111111100010100110000011000010110000111000000001001000101110000100010000100
01010011001011010010010001010010100001110110110110100011000111010011101101100011
10001101001100111011101011011110010010110100000100010100000101010001011100000001
11101000101011010000001111001000100111101010101110101001100011111011010111000101
01001011001100011100111011110111010111100111011001000110011000001111111111011001
11111010001011010100010011000010011010011011001111110000011100001010111000100110
01011101101011010000100011111101110111110100111000011010110001000010010001011111
01101000110001100101110100100010111010110111100011111011100001001001100001101001
10111001000011010000001110101000011011011000011110000001001111000101010101100011
10000010011011100101000101111011011010001011111101001010111111000000110111111011
00001010000011100101110101101001010101000111011111111110011101010100110100100011
01101111010011000000000011011000111000110101101001111000010001011101111010111111
11101011011111010000000000000011010000100101101100100110010110111010101001110110
11010011100010111010011100001010000110000001101010001101111110000110011110110010
00100110111010111100110000010101100000000110110101000000000001101110000111010000
10111011011101110001101001010101110001101101111100110101000001011111100011110001
01111101111101001111010001100001100111001001100101011111101110011011011010110011
01010110101101101110010010110101111100000001111000101011101110010011000100100001
10110011100101001011010101111111001010101110101101110000000111110100000001000100
00011111011101111110100100010010110100000110011000011100111111011101110011100000
01110000001100011100010010000010101001001000011110010011010011101011111010101101
10010101001001011011001010010101000100001110101001111011100011110100001110101110
00011001010100000000011111100100010010001111000110101101101010000110011101111010
11110101110100101000110001101011101011000010100010011110101011011011100111101101
00100101000011100010111000101110011010000001010100110101001111100101110111110100
10000001001011101101110000111001001101110111001010001100010001010111001100101011
00101000010000111000000111010111110110100001000001001010000101000000110011110111
00111000010011011111011001111100100101010100001010100111101010001110101101100010
00100000010000001011010111110111100111000100010000110000110100111101101010110111
00001001100001010110100000001011011001011111111110001101100111111000010101101101
01000110000100001011001000101101010011111111111010100000110010010100101101100110
01110001100111101011011110100010001000111100111000100110001111101100010111010011
00010100001111100100101110100001000110000100101001001010000100011101011010101110
01010011011100010001011000100100110110001100100111110111111000101010011011101011
00001000100110110101101011101111011000101110011000110011110101010000111011101111
11001010100011111011011111100010011010100110101111000000111010000101101101101001
01000010110101000111001111101010100000101110101000100011010111000011110001000011
00100101010010000000110111001001111100110111111000110111101000011100001100011000
11111101101010001110000111110110100100010101111011110111101111110100011111011110
01011101001010101001000111000010011000110000001011010010101110101111000101011001
11001010000111001010100101100010100100111011101010111100000110000000101101110110
10101000011111111000111110010010010001011011100011000000000111011100101001000000
00111001011111101011110000011111111101000101010111100101011100110000010100010111
00001111110011111000110010100110001011110101101000001011101000111110001010000110
11001100001111101100110101111110110000001110001110001011001111111100000110001001
01000000110001110111010101101111101110111110110110111101100110101111110010111010
10011000110011100101100100110111000000110001000010010001010010000111111011000100
10001111001010100001001111010101001100111011100101001111011111110010110111101011
00010011000011111100010111011101110010111000110000111011010110010011010100001000
00101100001101111101100011111000100000011110101111011111110100110111000010111000
10100100110111100011111001101000010111100100100101010001101100000000111111100000
01011101100110101010010001010110000111011101111111111101100100111111101110110110
01000110110010010011000001101001111111011101101001011110101100111011000001101100
10001101000000001011100100010010000111111011110001110100001101111010101111000001
00100010010001100101101100000000110010010011011011010111111101011000011011011111
01111110110001100011110111110111110011110011100100111000111000011011011111010111
11110000100011001001000111110010110101011101101001001000111001001101000100001011
01101110100110111011100011000101111111111111110111011010101101100011100001000110
10100010100100100111000101001111110001111100001100101001010101010110110000110111
01001100000000100101010100011100110100011100001000100110000011111011001000010100
10001101001110000100100100101101100111101001111001001011111010101111110010011011
01101111001111010001101100100001101010110101001001110000000001000000100010011111
00110010001100111001110010100010100101011000111011010101001011000000001010100000
00011110100111100010001011000101011110110000110101011001000101010000000011110001
00010100011110110010111000010110110001110011111111111001100000001101111100000000
01001101011100110011011111101011001101111110101110010101110111110100000010100011
01010001011110001100101101000100101111111011101001111001001111011100101101100110
11110100110000110101111100010101010101100000000000110011101010010101100010101000
11001100000101000000000110110000111000111001101110100001110000110111010010100010
11000010101111010001000001101010111000001011101010111111101001110110111011001011
01100001011100001100011110111100011101100110110110010101101110101000000111100010
10101100010000111010010010101011101000010011110111111111100101000101001001110000
00011011101110010000000001110110101111111100101101000111010011101100011110011101
11000011100000000001101001000001001110010110011100010010001100110011001000000001
10011110000110111100001000010111100100000001100011001111100000001101110101011001
00010000000111100001011001101110000011101111101101000111001110101111110100101011
11011001101001110111001111100100010100110111011101011111010101011000010101100010
00000011000100010011010010001101111111110100001011100110001001101010010001000010
01110001010011110001000111011010110011010010111111100000111010110111001000001110
00011110101101110101111000111110100011011101111000110000110001101000101110000111
11100110010010100011011001010000111001011101100011100100101011110100000110010111
11000111001011100101000010000010000001010001110000111101010000101110010000110011
01110011010010010111100101100100101100010011010010100001001111000101111110110001
11010001111110001110010001110011110000111111111000100001110110000011101001011110
10011000111101011110111100110111011111111101011001100111100000101000111101010111
01001101000101000000000011000000010100100100111101111011100000110111011000010110
11101101111001100111010110111110110010100110010111100111111010111110110111001010
00110001000111011100000001010011000001010111100111100111110010001001000011111111
01001101010100011111000000001010001001011101001001001110111101100010101010010011
00011001011111101100010111110101011111101010000010111100011110000101111111111010
01101110010011011011101111000000100011011110111010011111101010111110100000011000
10000011000111101001011110001101010000011110110111111011000010010110101011000101
10001100110001010110011111010011101011111001010010100000110110001001111111101011
11111010001000011111111001011110110111000001110010100101100010101001000001101111
10101101001110110010010000111101011000110111101010100011000101011001110000110001
11110001011011010111010110100001010110110101101110011001110011111101101110101111
10000101001010001100110001011010111000110100100100011100110111011001000100001101
00100100111001101000010000010010101100001110101101100001101101011010001001010111
00000100011011001000010000011001111110010010010001111001101000110100010010110000
11101001011101010101101110001010110010110111010111011011110111111110111110101101
01000000111010000000001111111101011010110000110100101111001101000001001100010101
01011011010001101010100001111110110000111000011011100110000111100010011001001010
00111000101101000110100001100110100010110000010101110111111100101101100110000011
11011000110001101110010001100110000110010100111110000100101011000010111111110100
10001101001011010001100111000111100001111111011101000110001101101011101001010010
00001010000101010100100011100100001101110011110110101001001011000011100011101110
11010010110000010001111010111111100000010100110011110000100110000001010110000010
11111001100010000111101100111011011110100000110001001100001001111001110001011011
10100000101100110000000000010110011111110001101010100111000100111101001011111101
10100101001101110001010111010011101011010101111010010010011110011100010001010100
01100111100010011101010000110010101110100011010100011010011000101100101111111000
10011101110111101001000011000110110101101001101011010000010000010010100100100110
11111001001010110110111111010011101110010000011001001010011001111100000011111011
00000101111011110001100101100111011101011110001001110111000010100000011000001100
01001110000100110001110000011000000011101111000011010011111101101110011110010001
11100100100000011100100100101011101011111001110111000000000001000100000110110100
10110111000111011010110100001010000000101011100101111100110111000111010111111001
11010010011101000010001001100011111110010100110101000011001001111101010010100111
11001000101110111101100101000111011000011111001010111100101010001111010001111001
11011110101001111101100101011110000110011000111101100100100101011101000101110011
00100111010100111110010101111101111011110001001011011110100100110010011100111011
11110000111011001001000001100111000000111111001111010100001110010101001001010100
01110001111111100110100011001010100011011111011110111011100010010000111101011000
11110111011110010111101001011000010101011000101100100001010000110011111001110100
10101111010010100000011001110110111010001100000011100010010110110011001000010100
10110001110000110101011110001011001011001010111101010100101000100001011101011101
00000100101011111001010100000010111100100101011111110100010011101111001011100110
01100011100010000110010010011001100010100110110100001101011110101011110101011101
10011110110100000110010111000101101001110000010000100011010101110001111110010010
11011101010111000100011010000111001101111110101100011011111111010010100110101111
00111111011011100001101011000000001111111011111010101010000110011100001010011100
01110010011101101011000000110111001010101110111001001110110101001001110010100110
11011100010110101110010010110111110110101111010110000111110101101111010100010000
01100001101011001111010010011110011001111100010010110000100001010011111101110101
11010001011000010000011101000011001100101100001010001011111111110011111001001111
00100010100011010010010111100111000011101011000111001111100111010000010100111001
11001110101101111100100001101101111011011011000010110011101101110110000111100011
01011001111001001101110100010101101001001110110100110111110001001000000100000111
01101110000011110010110101001010010011001110001100111011101011111001000101110010
00010111000010111011100110011010111011101110001000110111001010010000111001001111
10000101010001000110011100010101100011000100011110110010100101001101011010111101
10100110000101101011011101000100110101101110000111000101011111100001100100101110
11001000101110110100000111100011000000010000011011110011010111100010100001000001
01011001110110100011100001110011111110010001111111101001101111010100011001111010
10011011100100100110111111011001010111001000100000000001110011011110001001010000
11000000110101110010001001001000111010011011000100001110010110110000001100110010
01001010100000100011011011111001011010010110010110010000010000111110001000100000
10110001001011000010110100011010110101110011100010011011111110111110010100100101
10011000110001100011100101011001000010100111100110000000111111101111101111011110
11000001110000001110010000101000101101000001010110101000110001101111011111000100
11001111111110010100000011010010000110010100111111010101010010011001111010101011
10010100001001001001001000111011110100111011001011110110111111110010110001101011
11110111111001110110100100001000100101010010100100011111001110000110010010000111
01011101100110001011100010001111010101010011100000001010111111100011111111000111
11001111110100101101111010101110101011010101110001111000101100100000101011011000
11011100010101101001011110100001110100110110111100101100100111101110000001001111
00111101100011110011000101101011011111000010001110000001100101101010100110111101
11010100001110011000010010111100000101101100101011110110000100101001010000111011
01100001100100011101001001001010001000110011100110000100000110000110100000011001
00110011111111001001110010010011101001001011001110000000111111000101010010111101
01001011010000011001011001101001111011101111111011110110111000001000001010001000
10111100111111001100011001000000010111111010010101001000110111001101110111011101
00010111000000111010010100001000001110001011001101101110011011111001000100010010
10111110101111000111110100011010001001000011010101011110010000011110010011101000
11101100101110001000011100000101101101000001100101110011010000111000110011000100
01101001010100000000010011010101111110001110110001110010111100010101100110011010
00010111101001111010110001110101101000101110100100001101000100101001111010010111
00001001100111101001110100001111100011110110111000001011110011111001001001110111
00010001111100111100010110110010000010100001010100001110000101000000010000101000
11100110000010111011100001000100010011001101111001100110110000100100010000100011
11001101000001111000101011101000010011011101010111110101100110011100110100101010
00110100101101000110111101100100000101010110011111010010000100101001101101001000
11001010011101010000011010001110000000111000111111110000000110101001010101110011
01111101001110101101010001100110111100101011010101101011001010001111100011011110
00101100000110101100100011100010000001111011110010110100100111110111001101100011
01011110111100100000110011000100010000011101000010011111111001001000111110110000
00001110111000101011111100000011000100111011000001101110101100100000100001111110
00110011010001101010110000111000100011110101101101001000011111001000010100101001
00111001010001100111101010001001110010100001011001100101010100000010001111101011
01101010000111111001111001011111110000001010111100110011010110100100010010001101
01010000100011110011101010101110110010000101111000011111100001000100010100001000
10010001110111010111111011001011101100001001010011011001110011000011011010011101
00011111100101011010100000100110000000111101110111000001001110100000100110111110
11111100001101001000011111101110011111101100100100001001001101011001011101100000
11011101000110110110101011101000111011100101110110100101010111001001100101001101
10111100110100111000100101000011011001110110011001010111001100100010101010110110
01011110111110011011111111000001011010100111101110011111100110010100100101011001
00110011101011001001010011010101101111100111000001011110100010110010001001010100
00000001011101010010010110101000101011100111011000000101000011011101100011100011
10100101001000001000000011001010011110100001100011001001100101111011010101100101
11010010011001000011010010011010000001001101011101011011111101101101010100001100
00011000111100110110100101001000011011010011100010110110000100110101010110101110
01011111011000010100011110110000001001010111010110010010000001010001000110010011
01110110110001011111101101001100010001000010110000000110110111111110000111001111
11110110001110001101111111101000100101101101010010011001111111110011001110001000
00111101100111111011100100100110001011100111011110000011011111000101000001111010
01111100010100001100110100010000111010010001101011100001110010011000010101010100
11001100001110110100011011100110101011110111110001011011010100110001110011100110
11100111101000111000100001111111011000101111000110011110001001000011100010100100
11101111000010010110000001101001101011110010001011111011101110000011001000100001
01111001010000100100111000101001111000000001010110100101100001111010110010101100
00101100000010011101000110000011001100001100000010001111001110101101011100100111
10110000000111001000111101011101111111100000101001011010011111100111100111010001
11011001100010101101111100000000101000110010001111110101100010010110011001100101
10010110010011111101011101111010001010101111001000010010110010111111110001111011
00000101101010100100011100011100010101001111011001100011011100010000110111000110
10100001001010010110010000010100011100011011001100001111001111101111110001000010
00101100010111100110110001100110100110001101001101110110101001101101111000101010
01000011101010010010100101010100110011001111100000101001101111001110111001000011
01100111011011001001100011101000110001011101100110010111110110101001001110000111
01101110010100001110001101101100011101100111111111100100001010000011111001010101
01001011110111100101001110100100010110011110001011111100010001001111010110001110
10100111000001011100010001110101111000000110011011000110101110100010011111011100
00001000000110101110001111001000110011110011101000111110111000011010010101000100
11010011010011111101001101101100100101111010010111110010011010011100111100101000
10111100011110100101110101111111001000000001110100010000110100100101111011100100
01101001101111010011100101010110010010011100001010110001101011011100000111100010
00000101011110011101011111101111011010001100101110100010100100101000000011101011
10010011011000010001110010010010100000011001011011100000000000000111000111000000
11001001001011010101100110101000101101001101111110100111110110000000100110001111
10110111101011000001011010111010100000001101101010011101010001000111100001100001
01100101111110111111111001001011010110111011111010001100000100011000000111000110
10110001110110001010101000010101100101111100011010011101001001010011000100111101
10111101101000011101010111101000110100110110110111111110100011000100011010000100
00001010101101000010101000000111011001111011111111001100111001100010100001100110
00010101010110001001101111011101010010011001011010000100111100110000110011010101
00000101100001000101001001110110111111110110000011101001001101000101011101001110
00111110011110000101001110001100001110010110011000000110110000100101000001000010
01100011000110111011110111001001111011011000011010101001000111101100101001111000
10110000111101100110010101001011000111110000011100010100010010110011111110110000
01010001110101011001011011100011011100111001111001001110111101010010011101000010
00100011110100110110111000010110111100011010100110101100110100011000010010000000
01001010010001111011111100101011111100001000111000101111010110110011000011010101
01010100010110101111110010000001101110100100110010101010010000011110000110000110
10001111011010001101101111010111010101100111100000101100011011100110010000001000
10000101101110001101111100011111100101111100100000000111011010011111000110011000
00100000111100111010001110110000011110110111101001011100010101100011111000010111
11001011001101110111010001010010110000010010101101001001111101001111001001101011
11001100001111100001000100010101100111110111100001110100101100111000111101001000
11110100111010110101010101010101011101100000010111100000001000011001111000110010
00010011010110011101111011000000001001111101010001101001010100101011010111000011
00100111011111001110101111111001000111000001110000111111111101101000110101011001
00011000100011000010000111111011100000110110111010111010001111101110001001001001
01101000011111111110100000100111010011101111101000000011110111101101111111111000
11101111111110000001011000001000010110010110011111100010001000010100110100000111
10100111111000100001100010110100101001001101101000001000001101111010110010011100
11010110010000100100111011010011100100100110111110110110011011100001111010011101
01110100110001111001101110000110011111010000111011100010000011111110011100111011
00111111101100000111101010000001111010100110001110001101100110110110110010001101
11011001110011110100100100111101110001010111011000010010100000011001001100100000
10000010001000110100000101000011000110111000101111101110101110101101010100111101
10010110111100001011100100010110111101001111001110110100100011101111110011111100
10011010011110101011011001111111101101001010000101011110000110011000100010001001
11011001011000111100011101110101100011010010001001000100000000111000110011101110
11100111001101011100100100001111101011000011011001001101001110111011000000010000
00010000101110011010000001100100011011011011010000000110110110110111010111110111
00101001111110110011000010000010100001111010011000011100010011110111011110010101
01011101010010001010011110101110011100111001100111001111111101001110100100010100
11001111111011101111010111110111110001101010101111011000000011110111110110010111
00100000010011101011011000110000111110100000110101111110000110100100101001010000
00001000110101011011110010111000111100011101110111100111101100000010101111110110
01110010000010100110010000111000111011100001101010100001100101000000001011001010
01000000010000101000100011001100111001110101101010110101011011011001000000010110
01111101001001110100110100100101110011000100001110100001011001011011000010000100
11100010010001000101110110011101011110101000001101111100001000010000111000001000
11001111011010110101101101101001101101010011111100000000101011101101011101110110
10111110000110100101101110111111000000011100010111111010011110101010010111010111
11000110000101000111111011000101100001101011110111000010101111100011010001010110
11101011010000011010010011001110011010100001010001111101111101011110111110100001
00111000111000010100001101101110110100101101101010000010001110101011011001011100
00011011011010000001010000010101011010100100101101001110000111011001110000110110
10010111110101001000110011001111111010010110110001101101100110110010010000111110
10110101100100101001101011111010001100001001010111010010100000101100100011000010
00100001000101101011100100000111111000011101101100011100101001011100001100000011
11110000000111001010101101110000111001111000011001001000100111111110110111110100
01100010010011010011110101101110010001100011000001000000000000011011001101000011
00111000100011111011110100011000110111010011000000111101100001001110000100110011
10110001100000110100010110000111110010111110010011111111010101101001010101001110
11001111011000101111001010001011010101001110000011111011011100011111110110010001
11110010101001111100001111011101010110011011101011001101100111001000011011011111
11010111101001010000110101101010000001000110000100011010011111011000101010011101
01111010001111001000100001011101001001011010001111110101100001111110110001011100
01000110000011110000111101111100100100100011010110000010111010000110110110001011
01011001111010110011100001101111101001001011001100100111110100011110110100100000
10010001000110010000110011110100111110110111110011110101001001001101011001001011
00100101010101001000010100001000000110110011101011010000010010011110011000000111
01100000000001001100110000100110100100011001000000010000101100101011010011100101
11100010111101101110101101111100001110001010100001111001101011110001010010011011
11011100010100101101000001001001101011011101110111101111101011010001010101011000
00111111001010010000111111001110001100101100111001000110100000110100000100001110
11000001000001011011011000111101011001001110001100111101011011000011010010011101
00101001001110000110101101000000111000110001101101101000101101010010110110100010
00011110100111100111101010010010100001110000100000001101111011011100000011100001
00010011001111111101101000000001011011110111011101010111101100011100000001011010
00100001000011000111110100101001111110011111001110001100001101110111000110001110
01001001011111001101010111110010010100111110111111000110110101011000110011110101
10000101011011101010000110110100110011000110011100001000010101111010011101001001
11011001000011000001011011001111001100000111001001011111011000110011001101101110
00100010010000110110110110011110001010111001110001000010101010100111101110111011
10101001110001000010100101000111110110101000101110000101011011111111000111101011
01001110011010010010100001111110101001101011111010110110100010011001000100010111
00010101000110111011101001011101100101000001000011110001110101011011101100110011
00100110011110101010001010001100100000101101100100101101101101001010011110100010
11101001000011110011111110001001101100101000011011110001111110111011011001100101
01100010101111001001000111101001001101001111100110000011111000001010100000001010
01111110100001010010011010001100010001010010011101011110101100110100011101110100
01110001011010010101111011000000001110110101111000010011011100100111101010111100
00000100110000000110010110111111001011011010100001000000000010010111000010000000
10000100100001100111011011101000011110101111010010011011010100000011001100010001
01100111111001000100110100110100110001110100011000111010000101001000001111100011
11101001100010011001110000001010101000111110001111010011000100100110100010111111
10101100101010101010100001011100000100111101001000011001011000110111100101001110
00110011000111011001010011101111010000000000001011110001110111111010110011011011
00100100110111010010111100001100011001011010101110111011000000101000111110010000
10110011000011010001101111110011010010001011011010011111110000000011000110001001
00001011010011010111110000000001000100001111101111111100111001010010100100111110
10101000000111001000100101011011011010110001111000010000000010010011101000101001
00010001111100101000111101110110100100001001000011011111010011000100101011111101
01010111111100010100011100111100010101111011001001101001011101100001110110000000
10000100100001001101000010001001100110011111001000110111111111010001111111110101
01000111111100001100111111111110000110111010111101001000111011001011111100010010
00010010011101011101011110001100011010101100101101111011010101011000000110100110
00101100010110110000010100111100011001100000111011101101100111011000000001011110
01000100110101111101100110101001101011101011011010000010111001111100101111011111
11000111101001111011101010011001010101100001001101001000011111100000001101011000
00000101000110001001001110101010100101100000011100000000010000010110111100111111
00010001110010000100010011001100110101001101011111000101110101111000001011111001
10010100011010001110101111011000111000110100101100011011100000100010010101011101
01110010111101001000010011100011010110101011101010100110110110000000110001011001
01101110011011111000001100110000101011000000101101001111000111100101101110000001
00011000101001101100101110100011000111000101010000100111101110001101110000110110
10111011011100001111010010001000110101100110111011010001000101110000000000100100
10110111011011010010001110110011011011111001000001001000110001011111001000101010
01111111110010111001001111100110000010001000011001100011000101110111100000100111
00010011001000010110110100010010100010111111001111111101111011100011111000001100
00110011001110100101010100001111111111001001111111110100010000100110001100010010
01010010010101100010001010010100100101011000110000000101010001110011100100001011
10100111101111101111100110000011110011100000111110000101000111100011100110000110
00110000100010111001010010011101111110010000001000011010110001110101101100011010
10000010101000010000000101100011000100111101011101111000111000111000000100111101
10110011001110000100100100100010000010101001101101011101101110110010101001010001
11000011000100010010011101011111001010000100100000111101101001011101111000101010
10001010011110011000001111111000111110010111100010001100101100111101100010011111
01010100001110000001100011100010010011110110100110000001001110111100100011011100
00100101000111111011110110011001010011110100010011100110111110111011101101011110
10100101010010101011010000101000101101010001001100000100110011100111010100010001
10100101101101111000100100100010010101100111100001000010010001110001001110001010
11001010100000111000110111101111000101001101110101000110110011000111101001101111
01110011001001110011011011101001000101011111010110100100110111010011011111101001
10111001001001101000101010011100010010000110100110100010100001110011110010100010
00111000110110010000001001110101001010010111011101001100000111110010100010101110
11101111111110000101011011111001000000100110011101010110010000010110001111101111
00000000011001011010101011101011011011100000001110010101101010001100110001100101
11010010111110100100010011101000011010000111001001001101001111110010000111011110
01111001100011011100100011101001001001110100111001111111001010010100111001111101
10110111001110010001100110010010010101001111100001000100111010101101100010101100
00001110001100101101100101011010101001110110001111010011001010001101001110111110
00111010111101000110010001000010100101110110010100100000010011100101011000111011
11000001111000101100101000100010110011111111010000000011010110101100100011010110
00101101001111011011010000100100101101010101010011010000110100010101111000100001
00000010011001101011100011011111011011011000100100101000001011001101011100110011
01111001101000011101000111011110011001110010011111011110011100111010101100100011
00100101001011011110100001110001101101011000000000010001001010101111011010000101
10011001011001110110101000110100111111111001011110101000101010111001100111011001
00011000010010101111001100100111111100101001010110100111111011010001110010010110
01110011111111111110100110010101010010101000001010100111101110000000100011011010
00110111010100101011111000101101000111001000000111100011101001001011101011010110
01010101010100101010101100100101001101100111111001100100010000010111110101011110
01011010111100100100101111000100101111000001001000011010100000000110000001101001
10001001110001000011101100100110010111011101101000010100110000000000001011011000
11100110010111111100011011010000011110111100011101000000101110001100110000110100
01100001000111001110101000100011100010000100010110101110110101110010011000001110
11001100100010010111100110100001111100010001010001011111110001001110101001100100
11101100010011001011100000111000101101110010111110000010010101000001001010101011
01110011001000011110100010100010100101010100100010010111010100111001110111011000
10101111100011001100100011011101110100011101111100000011101111111010010100010111
10111010111100011000111001100001111100011000111011001000101011011100011111100010
11111101100110110010110010110001000111111011101100111010101011010101010001100010
00111001000000110011100100101100011000001111111010111010011110000110100110110100
00100011001111001000111010000110001010011010001000011010010011110011011110000111
00111100010100101111101110000000101001100111011100110100111111111101111001011000
00101111111000000011001111011000110011111010111111111101111010111101110111011101
11001011010011010101011000000001010111100001101101010101101001011010000011110011
10010111010001101101111100010110001111010001000100000011011001111000100111100110
11000001010111000001011110010010100111101010111111111101100000110000001000100101
11111100001111111100101111100000101101111101110010011000111000111010001010110010
00010111100101110100010011100011111001110001110011100011100110011001101110010101
01111111110001011111101001010001011010001000001101011011010110001001001100101110
11001101111100110110000011011110010010001001011010110111100110001001111010001101
00000101101010011110000111100011000110000001111000011010101001001001001011001110
01101000111011010100100101110111010001011110010011110111010001001011011101000011
10000110011101111010110110101011101101111011001101101011101111010110100111101001
00110000110110001111010111000000001010010011010110000111011010111011110110111111
00011000000111001101000010111111001010110111001010100111001011001000010010111001
11100101010011001011010001010001101001100111011110000101111011110100110001010000
11011011000110011010010101000010000010110001011110101011111011011110101001100000
11010101110111000000111000110111001011100110101111000111011101001011011001110101
01001100000101011010010110101111001011101101100011111000000000101100010000001100
00011100110010000100110101110111101111001101011100110001000001111111110111111110
10110111100100000001100000101100011001010111001110111100000110101110001001011111
10101001001100111001100110010101111101110001001010111010101111000000110010100111
10000110101011110011011001100000111110110111100011111111000011001101100111100000
01010110111010001010010100001110100000000111001010001101011110100110101000010000
10011100000100111001110101001100001110000011011101001010011000011011101011110110
11110010101110001000101111000111010111010001001010111111011110110001111010011010
01100110111010111001111101110111101100100110001001000111010110010000111100000100
11010110001011011010001010011110001011110011101101110010110011010100010110011111
01100001111000110111111100100111010000010111001101011101101100101101000110011011
01101001010101011001111011100000011000000010110010000110101011100000110010011110
00011100100010101010010101010100101110000001010110100000010111100101010111000011
10101110101110000011111010100011001010100111010010100000111111100101011101011000
00110000100001010001010111100100000010100110110111011100110000110010111000101100
01101110011111111011000100101101001110011000111101100111000110110101110111011110
