80 1023
01010110111010001000000010110001000110010110000011011000010010001001111100110100
10010010101011011100000101100111011000001110101100011101110111010001111001010010
00010011110001101111000011111000000000001001100110100011010000011010100011000110
01111101100010011011111111010100000110010010011111001001010100101100011111110110
01010011011011101100111010100111110101101101010100110011001000001001111111011010
01100100000001001001010101100011011001100101000001010001011110111011000010101100
10101001110110011010111011111100111011100010111100110100101100000110010110111111
01001111111010000000011110010111000110110000111000101001011011111111101110001101
00110101111011111010010111100000101110100101111101101100101001001110010110100000
11001111001011100111000110011000110000000010111000011111101100100111010001100101
01011000011100000000110011101100100010101000111101010010111000100101101110100001
10011001010110100110100101010000111110001011010101000010110001101011100001111110
01000000100100110100001011101001111111011111100001110011100101110011110010110101
11000100011000001000000101001100101100000010001111001101111100001000100011110001
01011010110000001000001010011111101000100111101001111010010000100001011011011000
10000000111001100111011001001000001000100101011010000110011011100100000110110001
10111001100110001010100100010010010101100110010110110110011100100001100100111110
10001110100011011101111110011101001101000110100101111100110010011000001100001110
11100000010101001000011001100010000111111101111000010100000101001101010100110100
10000110001011101000010001111000011101101101000111011110100110100110111110000011
11110010101011010100001111100011000011010000101000110010100010111010010011101011
10110110011100100010100000111000100011111000001001111010110111000100101100011100
10001100010101111111100100100111101010011010100001001010110001101111111010000001
01010111111011010111001101101011011011011111011100101111101111110110001010100000
00111000011010110101101110011111111011101111100010010001001001000110110001101010
10000100001101010000000000100010111000101100101000000011010001000000010011100111
10010111110111111010100011110011010010001000010011000001000110110010111010100010
00100100011001101111110111101100001000110000011010100101011111001001110100110110
00011101000100011101100111101000000111011110111010010111100101101110001111110111
10100010111001011010010100010111100000011001001110111111011001010111001101110001
01110101011111000011010101101101100001000100000111110001001110101000111000010000
11010111101000001000000000110100101110011001110010101010111110000110101100001010
10101110000011011000100000010110111011101100110110001000000010010101001111101110
00110000000111101101011101111100111000011111110100111110111110010011011100100010
00100111110100100000100000111001110001100111011101001101010100101101101101010000
11110000001011000000100111110111010101001010111011111111100110100010101011100101
00001010110011111101001000111011000001010111001110100101100101010000100111010101
00101000011010010100111111001001011111110111101101001000100101010100100100010010
11010010111110010011010111110011111011010001000110010100111000100000011011000101
01100011111110101111101100111000010001100010111010110001000010100000001011001000
10100101101000111010100100101100011110011010001010101101010000110000110001110001
10110001110011001011110111101100110010100000100010000100101100111110100111000001
00101100100111100111001011101011100011111001010100101010011010000011111110001110
00001010100011010100111101000010001100111101111001000000000100010110010001001110
00111001001010011110110100111010001001000001101001000011001110100101101011001111
01010100101011010001011101100011011110000010000100110101010000110101010011111101
00001101000111011100100010101110110111001110111011010111000011010101001111001011
00001111011100110110110100000100011101100000110100001111101000000001111100001010
00100111100000100010010111111010110110100111011001000000000110111000111110000111
01010000110101011010100010001100010000101011111010001110010010100000000011101010
00011100111000101010001001010001000101100111100101000101010010011110010010000100
10111110110010111011100010011000000101101100101000000101001110111110000110100001
00001101011000001010111110001110100100000010011010000001001001001000010000111010
00000011111100001111011110100100100001101011001011101111100111111111100001111100
00111101100100001001100101110011000110110100111101011101000111111110110010110110
01010011100010101101000010001001111000001101110000101011001100001111011010100000
01010001110101010010000010001101000011101000100110000001110111100000101101100101
10100001011001010011001000010101100101010110000000100010110010000010101010011101
00110100101100101011011010000001001101000001011011111001100111101101111111000000
00100000110101111100100010101111011111010001100100001001110111011101111100101100
00011110000101110010010010001000010001110100101100111111001101111110010101110110
11001001010010000100110100100101011111110110001010000011111010000000111101001100
11000100000101100100100010110100101101010011101000000111011001000100111100000110
00100001101111110010110000001110000001011001100010000000101100011000101010001101
01001000111001101001100010000100111111011111110000110001000000110100000000111001
11000101101100011110101101111010000000111011100011000111100001010010100000001100
00101001001001000010000001101000011111000001011100111101110011111000101111111010
01100110010101010110100000111000011111100111010100111011100100110111101000101010
11010111110000100000000101010001111000010100010010101001001110101001110110010011
10010000101011011000011110101100111101010110000111010101110010000111000111000010
00000100010110001101110100110110001111110010011110111100101101110011101001100100
10111011100010110011110011011010101010110110101100001001111011011111110001001001
11011000110010000000111110011101101011001001111000001001100001111101011010000000
10001111010111100001000001011010001011110011001100101000110010000010100111101011
00010000110011010010100110011010000110010110100000010101011111010111001111001100
01001011101000110011001001111000110100001001010111001000011100110000000110100111
00100110000100100101111110010111100100011111100110100100100100110101100000010111
11101100010001010100110101000110101100010001001000111100000100100111010110111010
10100001000000110010001110000111001010110001110011100001101100011110111110001100
01111001110100011111101011111111101000100100110010010111100000101001111111001011
01010110011001011101010010001100100010101011110011001011110111001001000000111110
10100011100111010000010001010011111101111100110010110001001110011000111100010011
01111111101000011010101010101111001101000000111011011011000111111110001001101001
01000100001000110011101011000010100110111001101100100100101011001000110000001100
10111110111111110001010011010001010101011111101010010100000111100001001100010001
00111111011010000011111110001011101001010000000101011000001100110110010010111110
00011001100111111111100000110100001010010011110010110001101101110111110000100110
00100110001100100011010100011010100001011001001101111001011100010000101100100010
10001001010001001111010000111110001011101000001111010000110001110000010000001100
10110001001011101010110101101010101010110000000101101010010101111011001111101100
11100100010101000111111001001001001111001101101110111010101101001111101011110011
00010101111010100000010000000000100110110100100011101011101111011000100000111001
00011010100001111100111000100111100001011110001100000111011110000011111010111001
01000111110001011010101010010001011011111001000011001100101101101000110100100100
01011010001001100111111111111111111100110001110000100000010101100011101010011100
00011001001000101101000011100110010010010011000001101111011000100001101110000010
10010111101111101001100110101100001111110101111110001011011000101000100000001101
11110000110111011100110110000100010011100000001011100010110111111111010101100101
10110000000110000100101110100111111110100100101001111001010111100010001111001101
01001011101010111111111111000000000110100110001001111011010111110010111010100100
11111100000110000001111101100101100101001011101010101011011111111011000000000111
10011011001011111011001111110000100010001101101000000110011000100111111011110110
00011011010000110000100000110001001111000010110000101111100010001111010111111001
11100111101111100010010110111110111000110111000011101101010100101000110010000100
01010111000100001110110010101000000111010110111000110100001110111010101101111010
11110101101011110110001100110111000101111110110011101010101100101111011001010001
00111011100001101110000011001011001100000000111111000110011010110011100111011110
11110001111111111111011010001010111000011101010001110110011100011010001110111111
01010001100111111010010101000010110100011101000010111010000101001100010000001110
10100100100011011010101100001001101111100001111000111011000110000010001010100111
10001100110111000101100010101101000100100011101011101100111010101001101100000101
01010000111010100100010000110110011100010000100011010000101011000111101001001101
10011010010011110110110010111011000111111010010111101001111111011001101110111001
01101110010100101101110101011100100101001000101100100001110010011110110110111101
10101010011100100010000010011011101110110010011100101110000101000000000011101011
10000111001010000001110111111000100101111000110101111010001110100010001101110010
10110101011000101110011011101011111000111101001100111001111100011000011011000101
01100100010111010100011100011111110111101101011110101001000111100111011111011010
01000101001001000101001000011000010111110110101000010000010111010111011101111111
00010111111001101011100001111000001011011100010001010101100000110001101110010001
11100000110011100110101000001010011110110111011001010010011001010111100101100011
10010110110101100011001010100101100110101111001011010011111011110000100100000111
01101111101011110100011011101011111001010010000111011010111001001001110011110110
10100100111111101000110111011011111100101000011110101111000100100001010000101101
11100111001101110001000100110011001101101110001011010011101101010011010101111010
00111101000111111010100010000110111010011111100101111010000100111000010001111010
10010100010001010000111011111111111000110111011101101110001011000011101101000101
01111011000101000100010000100000011010011011110011110001010000011011001110001011
01101000100010110111011111001011101101001110000100001110101100100010010010001100
10011000111011110001010111110101101110001101100001011010011011001010011101001101
00101100010111001101001010010010100100001011011100100001110111101100100110010011
01110101011011010001011111101000001111101001001010100010100101000101000010111100
01101101100010010011011010101011001100011110110001011001010011010101100000010100
11100010111110111100010101111111000100010110000000011001111101111010100111101000
00101101100110000100110110110111010001110110111000010010111011001101010010001001
01001111001110101110111011010010011101110010101111101001011100010000101100110011
01001101100011100101010010011011010010001111001100101100000111010000001010011000
10110001000010101110001110001011001111000101100101011011100110111111111011100010
10101101111000001000001011011100000001010010011110010010011101100111001001101111
01110001100011100101111001010100100110000101000111001011111100010000010100100101
01011000100010001110111000011000110000001000101001010010000100111010010111111011
11111100011010111010100010000000001011001101001101110110010001100010011100010001
00101111101100010010000110000110010111100101001000100110011000111110100111111100
10110110000101101011011110101000000110001101110000110010110111100011000011011000
01001000111011101011100011101111010001001101111001000110000011100011101011001010
11000010000000110110000000111011011101010101101101100011111111110010101111101010
11001001010000010011010000011111001111001010110101001011010011111011001100101011
11011010000111010110111010111101001010101100110111100111011111011101111100010110
11111111010000001111010011101011101101100100100010000101110001001110010001101101
10100101110100000000001001001000000101011010000000111100011000010111110001110000
00110001111001011011011100011100000101011110000000100100011111011001111011110101
11001010110110100010000001110111111111111011001001010100001100110100011000010011
10101111010111111101001000100001001001110010111111010000110011101011111000001011
00000000000101000101110011001100000110000101111001111011011010001101101001011111
10101001101100101101010000100001001101110101001000101101000000010000000010011101
00101010011110101100010001010110100111000010101110110010000011100111010011000010
10101000001001000010111101001000001000100100010001100001101100110100011111001100
01011001010111101011101001010111000110010110011110100010001100011000111111110000
10111110001111111111011000111010100011101010010110111010010001111110011111110000
01001010010001111001010110111001000001000100111001100011110110100111101001110010
11011011001111100011000110001000101101001111101111111001000100100000010101000010
10101001110010001000001001111100000000010110110011111011000010100111011110010001
11100011101010010110100111010110000001111000101000011010110010001100001101110011
10101100000001001110101111001101110100001111010010111111001111000000110001111111
10011000100110001010110111110110110011100101100000111111011101100101100001001101
01110110111111100111001110100110000001111011100110100111101101111100101010101001
01101001011100110010010101011111001100101101011110011011011110011101000000010010
10011000110100100111100011001001000011101111101010000111011000111011001000101110
11110010101000011010011001111001101011110011001000110111101001101100000111110100
10000010000101000110001001011111000001111001001101110100100111011110000101100010
11110100010111101000100001111001000111110011001100011110001100110111000111111100
01110110111010011101001000111011000011001110010010100000011011001110011111111000
01101011100011011101010010011100111100111001111101010111111000001110111010001011
11001100011111000000101100110011010101101101110000111101101111110000001101011110
01000101100011111100001011000000100000111101101100001100000000000110010000100101
01110010011000100100110000111110010000111110000011011101001100101000010010001111
01001000101000000001010001101110101110001100001001011011011000101111110100101111
01011001100101001010100011011011011001101100100001011001001010111100111110110101
00110001100011111101110001100010111010001110000101001001110100111000100010011100
00110110001111110111100111000001010000000010100100100100101110001000110000110110
11100000011110000011101110001101010100100011110111010111010111011001100011001011
10101000001001101100011001110000101111101011100110001110100010000101101111010000
01010001111111110010001001110100010001111011011110111110000011101100110101011001
11010110011111011000000001011000010111001111101010101111001011000000100110111010
00101010001011001010101100011001011101100000011110011011011000111010110011111000
00111010010001000111011110001100111010001101001101011110001001101101001001011100
01001010011011011000011001000101001100010010100110101001000010110010001100000110
10011101010000111000111001101011010101011100001011000000111101101110101011000101
01111101011111010101000010010110010001001101101101101101111001010011011011111011
11011001111101111000110010000110111110000000000001010100110110010101000101100010
00111101111011111011000000010001001000001001110110001100101001001010100100011101
00101101101101000001001011101001111011011100110111001000010011111010011100100011
10000000011000101101010010001001010010010111000000010110011000000110011110010110
10001001001110011010001010011011001110110000100011101101000100010100001101010000
10001101100100000110000111001010110110110000000001001011010101101101001010001110
00111110101010011111111101011001111010001000000011000000011011101111110110011000
01010011010011110011100011111100100110100011000001111110000000011100100010011000
00000011001011011010101101101000011100001011001100001111100001001000001111110000
11100101000000111100000001001000010001100001000010001110110100100011010111111010
01000011011010110110000010101111001011110011111101111010000011111010110100001101
01111100101000000100010100011111010110010101001100010011111110000000111100010010
01011010110111101101111010110101100110010001000111111011011001100110101000111101
10000110101101011011010000011011000000010101110110101111100001010010010000110010
01010000011110010110110010010101111011001110111001110010101110110001100101111111
10100101001011010001011011011011011001111100000010110001101010100101011111100100
01010100001101000010010101001110010001000001101110011010101110000010100000101011
11101000000100111000000000010110101101101000100010100011010100000000011111001010
11010010110110110010101010110101000011111011101101001001101000000011101111010011
01010011001110000111000010110101000111111111101110001000110110001001101010110110
11100100010011100011010010101000110001001110110111111000111000000011011111010101
11011011001110100100111000101011001100111010110101011011101011100001011011111110
00000001010001011101000101010010011101011110001101001110111000000000010011101010
11110111110101010101000010111000000110001000111111101111000011001011111101011001
01101000010000010101101000000110011111110000100100011010000011111001100011111011
01011001111100011101011101100000001000001111000101001110101101110011101010100011
11110001101100000001110001101111111001100001110000000001101000001110111100001011
00101000100000010111111000000010111011001111011011111101010010110101000100111010
10110110111001111001011010101011001001111010000010100000110010111100111000011010
11011100101000000011101111110100011101101100110011110001011100000011101001010111
00000101001101011001000000001011010000001110110101101101011001000101000100010111
10111101010110101110100001010110001010100000001001100010111011010110010100101100
01111100001111010011011110110011011111111001001111011110101101010100010001011110
11001011100100001011010101101000000001100000100010100100000000010110111001011111
11101110011101101100101001101010101001110101011010000100011010110010100001010111
00100011111011001011101001010010110100110011100111111001110000111111101100111111
00101001011001110111010011010011001001010010110001110101100101011010110011010101
10001111000011000110101011011100101010010101011100001111100100111000110011110000
11011110101001110001000111110100111100101010011110011000100100000011110001111101
11000111100001100011000000000010000001100110010100001000110101100011000010111010
10011110110101111000001011100111101010011001111100101011111101011100101100111011
00010110000001000011100010011111110100111011001101110001100000011010111001100111
11000001011100000011011010010000010001101000100100101001111100001010110001010001
11000111010011000011011010111000101011010111000001111111001110111011100001100000
01011000110000110000010111111010001101011110100100011010100111100001101000110100
01010111101011111010010110100111111000010101111010010101000100010010100110011100
11111010001100011100011110001100011110100000010011111111011110001011100111101011
11000011100011010101010101001000011010011100110110010000010001011000111100011100
10010111110110011110100001011110110100010101001110010000101111101111110110111110
10000100111011001100010011010000111100000001101000000011001101011011000100000011
00100011101000100111011011010110101011100101001100111001001100111101111100000101
01001010000101101000100111011111001110011011110101110011000110011011010111110010
01100001101010000011011111101000100110011101111100001111101110001110100110000101
11100010000011000111011110111001100011100000010100101101110010011010001110001111
10101100010010010100001000111110000010010110010101111000100111011111110110101101
01000000111100111011000011010001100000110100000111010010010010101100100010000101
11110101011100010101110110101101001001100101011011010101000110011001101001111011
00101000111000011100110001001001001110010001000011101101110011101100110010011111
01001011101101000101101100010100001011110001000100010101101011000100000011001101
01110010111111110100011100001101000010110010010100010100110011100111101100100100
10010111011010000110100010101000101010011001011000011010000101010100100101110110
11000101100001011101111011101111100111111110111010100100010110001111101101100110
11001011101100001110101001000001111000101100010010000111000111111000111100011101
01111111001100101101000100000000000111001110001001100011000001010011110001001010
11110101101011000100100000011010100110010001011011111100010100011010111011101100
00110100010011001100010001010100010101001001100100010100001000010001100000110101
11000100101110101111101101010100100111111000100100110100110100011011001110000010
00000101011110001111011101001011001000001000011101011110110110010001010101011000
10011001001111100111111101110111101111010010111100010010011110100110110000100111
01101100001011001110011110000111001011000010110101000100101001100111011010001010
10000100000001011101000011011011011110010111110111001101010101011100010111010101
00000111111111101000000110110001001100101010101000110101101001110011010000000000
11001101111110010010011111000010000100010111010110111111000101100001110010100010
00001101100011000110110110111110101011111001110001100000000011110101100111011100
00101111111111010100111011101000000100001010001101000000111010001010011010111100
01100010111011011010001010100100010010000101111110100001010000000111100100110010
10101001100100010000001011101100001000101010100001111111100110111101011101111111
00101111001000111100101010000001100001010010111101110001001100001010100010000001
11010100011111101010001110011001101000011011001001101100111000101011111011000101
10101111100011111010010110111101100110010011010010110100110010011010000111101001
11001000010100001011011111010100100001001100100011011100011010111010010011111101
10111000000011101000111010100110011101010011110111010011010010010010110110111101
01000111010001101111010000001000100010101101110110011000001111101000110101101010
01111110101110101100000010110001011101100011010011000111011000010110100011111101
00111110000011110100101011111101010101100001000110000100000100111011010100011010
10000111100100000100011110010001001011000111011000001000110010010001101011100101
00001011111011010001110101010111111111110011000010110001010100111001101100010110
11101100011000111011010110110001101010011111011110110011100110010001100001101010
10111010110101101110000100100111000001001001000001110101101111100000110111011111
10000100111101110100011110010110100111000100101011001000010011110010100000011010
11011000010101111011100111100010011001101100010001100001111010100010110000100111
11001001010010101110010101010000010111110010110010100000110110110110110111110001
00100111011110001000110000110010111000000010101010111001101110111110101010001100
10110011111100000010100001101000011010101010010001100111100111011111000000101011
10011101111010100001010111000100010000101101000111110010001011110011000110000000
11010111101110110000111100010001000001111000100000110000101100000110110010100111
11010111011011101000010100000000000110010010111110111010011011010110110110000000
01011111010100110101010000010011001010000101000010011110001001100010101101011000
10110100010100010001111110110110010111011111111111100000010111011101011011111111
00010101010110010111111110001011110100010111100101100001110001110000011111111111
01100101010010010100110111011011100011001010100001111001101001101101001001001100
10110001100010000111111000011100011000100100011111000101110101110011000101010001
01000111100110110111111110010111001010010011011000000001100001001100101001000111
11000110110111000011000101111001000100000011000110110100110111100000100010111011
01111111110011001111011110001000010101000101110011001011101110000011111111001010
00011001110111001101000100100011001100110111101101110010000110101000011111011110
10001001111100001010111010101110011100001010011011011101011111000101001011010100
01001100101111110000110110100000000101000010110000010001101100101100110010000001
00110000100101011100110101110011100000011001000001111100111011100010000111010100
10101001001101011100100111111111010010110100011110001110010110011111110100001110
01011101010001010110001010001011001110010111100110010001111000000010011100110110
01001101010001111001010101001101110100011000011011001100101101101000000100000000
00111101010100100011100010101000110000000110000100110101110110010100001101010010
00101001111101000000111010111101010011001000011001010110100000111001111011111110
10001101110010111001110010010101010001101100011000000111101111110011000110001110
11110000101010111110000011100100110101011110011000000010101111100001001100001110
11111101111001111100100010101101000111011001001010000100101001101001101011000000
10111000010000101100100011100000010011100010010100001111010001111011100000011100
10111010010110000111100011101010100010110101001001000001011001001011111110101110
11010100100100101111110110000110100001011001111110011001000001101010000101000011
00011110010111111101100010110010110111000111100100010100110111111001001111110110
01010111000010101001000111000111110000010101000000100010111011010010111010010011
11110111110011011101101101010111100010011001011011001101011010101100001011010000
00100101110111101011101110010111011001000010100111110111111001000111100111100001
00001100000111010100001000000000100001001111100001100111101110010111000011011110
00100000110011001001001001101101001010110011000111110001101010001000010001001000
00100000000001100101011111011000111010001011101011100010111110010110101000001001
00110001011001100001100110111110100001000110110010111100011101111101010101001010
11010101000100100111100010111110111101101100001100000010110011000111101100010001
11000010011001111110100100011110100110101000110111010101101011000110100101000100
11010010110100000000000001000110001100010111111010010010100011000111010011000001
11011100100110101101010011100001011000101010000011010001010101011000110000110010
10000110001101010011110001011010010111010110100000000011110100100000101101111101
01000010111001111010111010000010101111001111000111111011010111010000011011001100
01000001111001001000100000111011010010010011011000110110100010011111100111010001
00011101010100101001110100101110011100010010101100111000101011110010101010010100
01111001111110110011010011001001111010001011000100101010110101011111101100111010
10011011100011110001100101101101110101000001110111110111001111010111010111111011
01001101010000111001110100001100110111100111111100111001111110000100100010001010
10110000011111000000001100110111011011010111011100111011010010000010000110010011
01011001001100010011110101011010000101101110000110000101111000111101100001110010
10000000100011000011100001000100101010011000011111110010111110011010100000010001
11110111011010001000111100100110011101001111010100110000010001111010110010110100
10111001111111110110011101100001011001110010110000111101000110011101110011000000
11010110111010100110110110001010000001111011000100101111101010110110100100101110
11101001000010010111000010110101111001110011110000001111001010000101101010010000
10110111010011010001111000011110100010010101001001000010001101100010000011000011
10101100001011111110100010100100101011010010010001010101111111001100010011011110
01111001010101011001010101001111011010100100111000011110011110100000100110101111
00111001010111110001011100011000000111000001000100000010000101001011000111100001
01000001001101110000001111100010011111001110000001011000110011111111010001010000
01001010101010011001001110111101111010110011010011000001110001111110110001100001
01010101010110101101110110100001111001011110010001100001100000001110000110000001
11110010111011011111010000011000100001010001101100000101111100000101100101001100
10000000110011111101111100000000010000011011010011010011011100100011011100100010
11000010110011010011000001001101001001101011101001000110000010101111101010101000
11110111010110010100001010101000101010011100101001010110000101001001111001011011
00000111100001110000010101001010100001010100010001000001011011111011001001001000
01100101101011111010010000111101111100000011101001110110001111000000111001110001
11011100110110010001001101111001100011001000001001000000001110101000010100111111
01011001010011101111000110010100100101110010010011001110101100110111011010000001
00011100001000011100000001111001100010011010111010011100001001101111011010111000
10000011110100011011000001000001011011000101111101101101111101001001101000000001
00100010010111010110010111111001000001011101000011000010001011110010111001011001
01001010001001000110100001001100100001110110110110011011001010100111100101001101
10110011101001001011010111010100010000101011001111011100111011111001011111100001
01100010100101011000111010011011001010001010011111011100001100111001010000101001
10001000110110101001101101110001100011000001110011010011000100100111100010011010
00100011110000000011110001111010011111011110101111111011000100100001110001110011
01110111101011110101101101001110011001110110111001110001011101111111110010110110
10001101101110110001100010100011010001111101110111000100110111010010010111011110
01001010111110111111001110110110010100111110011100000111100101001001100110110011
01111110100001101011011010110101101101111101001010100111010101100111100101111101
10010111000000001000001101000101110001001000010000111001110110000100111011000110
10100011000111001011010111001011100001110001001101101001110001001101101101010011
10001111010011011000110111111110110001101111110010000100000001000100101110001010
11001111100010001001011011001010100101011000010110011010111010001100110101001011
00110111001111110111111001110101101111110000111101100010001001101101000101000111
10000001101001011101011001001111001010101101100000110001111111010001101100011000
11001000011100000111111000110100110000010100110110000011111100101110110101100011
11000000001110111000010011110011110011101111000011001110011100110001110000110100
00111001011000011001011111011011111011101100010100100011000100110111001110001001
11010100010101011100100110110001010110111011001101100101101001110000011000010000
00010001101100000110010001101000101011010010011000001100000011110101010101111110
10101110111101101111001111001111011101000011001001110000000000101100000110010011
00000111011100000010011000111111000000101000010100101110101111101010100001100110
11100101011100001010111001101100110011011011101100100110110110110010100001011001
11111110100101101010110010000110010111010111101101100101110011100001110101101100
10011011000001011110100010111011000100011100001110110001110000101001010101101100
01101101010110110010001010011011101100101011100001111001111010111011101001010100
01110111001000101000011001111000000001110110101101010001010011001101111110101111
00101011001000010101101100001001111110010000001111100000111100111010110100110111
10101101010010101000110010010010110000011111110001101001010111000101111100011010
11010011111010001010101100010111110110110000010010111100000110010110010110101111
10000110001000011000101101010110111110110000010001100100100000010010001010100001
10100000100110100111010101000001001100000001000000011000001111011100001001110000
10000101110100100100100001011110000001111000011111111011101101011000111011101010
11000000110111010100100010100101001010101101000000100110010010101101101101010111
11011100010110000001100101011100001001011010101101111101101011000111101011101101
01111101110110011011011100110100001100011001101111101101001011101011011111001011
11100001001111001101011011101100110110011010011011111010111000001101100001010100
00100001010100110110011101001010010001110010010110111011110000000110100110100011
01101001100111100000111001110110001011110011011001000110000000100010111110111011
10011010100011110011000000011011011100000000101100111000100011110000001011001001
01011000111001110001100001100100001100100001001010001111011111111100001100111110
11111000010011011010001000011011110101000100101011111011110101101101101111110010
00101000011111101110010010101100000000100111101100111001100101011101101100100010
01000000111101101101001011100001011001110000010100100100100000101000010111001110
10101110001100010111011011000110010101110010010111110010011100101001110001100101
10101111010001101010001111100110000011111111111010000110001010000110000001010110
00110110101010110110110010110010000101010110101110101001110110110001111011110110
11100011100111111000100011011000111111100100000111100010011010110000000110011100
01100010000100011011001110001101010011010101000101101000011011110111000010110111
00110100000110010110110111000111110001010011000000011110001100011001011000101111
01011110011000111011111101110111010110011110101001010010000100101110001101100010
10000000110111100010000001011101111011000011001010001000111001000110110111000111
00010101011001110100101000100001101000110110101111010011100110011000001110111001
10101000100011010110001010111101001111111011000101110010011100001011011100101111
01110110010110001100010110011001100111110000011110010111100111001001001010110110
01011001110101000101100100100000011011011110001110000110101101011111010001101000
10000101101101011111111000001101110000100000111001001001010101101001011001100111
00111101011101000000101100001010100001000101101001110010000101000111110111111010
10101110001110111000111000101011101011001110000101011101110111111110000011011101
11000100101011100111111000101101011000010010100101000111011001001010100100101010
01110111001101000000100011000011111001010111010011101011001000101010001101111100
00111111001101111110010110101101010010001101110101010000100010001111011010101001
01100001110101010100111011000110001011010001010011110000101100001100010000001110
10010001011110111111110001111000101100101000101111111100111111100110101101010001
11100110010100101101101111110010000000010000111100110010001010011010010000000011
10110011010011000001010101011111010001000111001010101001100011010010001111110100
11111011000101011100100110010111100111001100001100100010000001000100111011100110
01001110001111011111101100010101010010111000101101011011110111010011010101110111
01001010110100111101101111000110101100101011111010101100000000000100010001100100
11001011100110100110111000000011001011110111111011100111101100011100011110001100
00000100000101000110011101000110011111101010000010001111011101111111111111100010
01010110111101011011101110111110110111101011101001010000010111001110100101010100
01010111111010111000011111110100010110111001111100100000111100111110011100011110
01110100101111111011101001100101011000111010000111010101110100100110011000000101
01001101000111001011001001010011111100100110001010011011000110101100100110111100
11111011100001001111110100100110001101000110011111011011010110010111001110110010
00001111100101110110100110100110101111001111101111110001111011101101011010011111
11110110001011100011100100111000010101111110000001101001111111010111111101111000
01001010011001111001001110101110101100110011111110110110010111110111100000010110
01110010011100000100010011000011010010001001010101110110010101000011111101101111
11000011000100101011000100111110010010110101101001110110100100011000011011110110
11111100111101100010101111111000001001011011001000000100100111010001110101101011
00101000101000101010110101110010111010011010110110011011100000111010010100010101
00101110010110011001100110110101101001110110011000001110011111100101100000111100
01100111001111101110111101110001101000001111010101010101011100100010010100100100
11110000010101011010100101011000110000011111101101010101101011110001000011000111
11101000110101110001110011111111100110100001110011010111100011000100010011100110
01110101011101110001110101011111100110100101000110010101010110011100001111101011
01111001000001001111001000011100110011111000000001100101011000101110111101011111
01100100001011000011100010111110110100011010010010010010000001101011001000001000
11010101100011111110110101010001100110011111001111000000111101101110111011101110
01011001101001111011101110000000100010111000100111010011100001000101011001001001
11010111100011101011010011011111011110011000101010101111101001010101110111111100
01110100010110110011010011000100000000101110011000110011100011011010000001101000
01110101110101010110111101111000001111011001010100111011010110000010100101011011
10110010011000100000001001101110100101001010011111001101110100000001100101101000
01100111001011010110011010000011111000011010000000111110010110101111011001011111
01011101010010001000000001011100110010110100100011111011111010001001010000010010
10001001001011000011001110010001110100000000100100101111001010110110100010000000
11100001000100111101000010110101111100000110100110000011111010100100011100111001
01011000010001010011011010001010101110101001010010010001111011110100010011000010
00101100001111110110001011110011000000110001111100111111111110110000111001000110
11010100001101101111101010000100110110110111110010010110011001010010010100111100
00000010011001101111001000011011100111111011101010000110001101111000010111010101
10000001000111100100111100000101100101100101001000101000011011011000010100100100
01000010110010110010111010011111011011100001010001011111010010110111111011101101
00100100110001000000101010000011110000000010100000010001000101101111010101001011
10001101000011100010000111010011001111100010001001000111111000110010100101100110
01011001100110010011000011001100101010100000010100100011100000110011011000000111
01010111111011000001011110101110110101011111001101111001101100111001100101000010
00011110011001100000100001110001111001110110011011110101110000111110111101101111
00101111110011111101100101000100011010011101101010100001110001011110010000000100
10100100001000100010110000110101110011011001011110100110001101010110101000000000
10001100101001111000000011010001100011101111011010100010111001010110101010110111
00000101010101101010000000100100001001111010100010100110010110011110110011101100
01101100110110111010011110110100100000010001010110110100101011100000000000010011
01101101011111000010110000011101100100000100111110011000101010100110111111100110
00101110010110010100001110100001100100001111100001001011111101010101100011000001
11100000110110011001101000000101000100111000111010110100011001010000010000110101
00001001110110001110111100000001100100001010101010101110000100111101101011101110
00111011111010000011010101001011111000100001001110100010110100110100100101101010
11000100111000101000011111110110111000110101110000010111001011000100010000101100
11001011011000010110101001111000000111001011110110110010001011101101001011001110
00111101100001110010000100100000001100011110001110110101101010110011110101101010
01100111101110011000000110001101101010111111011110110101111011010001010101001101
10100001001101110010111000001001011111110001001000001100100000010111101100111101
10010001101011000111010100000111010001101101000000010110111000110100001110101000
01101101100110011110001000000010000100010000011010110100110110111001001111000100
01000111001111000111100111011111111110101010010100111011110001100011000100100010
10100010101100101010100101111011010001000101011000000110110000101011001111100000
01100111101011111000001110000111110000001001111111000100001111110101011111011001
00010100110100011001000101010011110000110001111000100011011011011111001110011101
01001000001001110101000100001101101101011111110011101100000001000001010101101101
11100110111001101000111010111110011010110100101101111101000110100100111000111011
10100010000101110011101001110010101110001000111110101101100110000001101010101110
11010101000000101010000000111110101001010001000110101110101111101101000001010101
00011110111101000011010010111100110110101000101001011111101011100000001101011101
00010001100110100001001110101011111110011000101110000110010000100010100000110000
11101110010011011000100100001000010001010100101110001011010000010111100010110101
10000101011000000000100110111101110000100000011000001101001101010100011010001001
01010010010100100101000000011010110111101000100000101110111001001101010110101110
11111100001101110110001100111101111001000111100100001000111011011010111001110000
00010001100010110110110111110000110000001101010111001101110000010001111001010111
11001101000110111011001101100001001111110110010100001011110010001011000001001000
01001011011011000001000111110010101010100100000100001110110101101101000011001010
00000100001011011101100010100100101011011010111110111011100011011011110110101011
10011011010111000110011111101011001111110010111000101000001110111111010111101000
01000011011101011010001111101101100001110000001001110001100100011110010001011100
01000100111101011010111001011111001001010010011100110111001111111101000011011010
01111000011001001010010011100100011011001111111001111010100110000001011011000011
00101001000000010111111111000000000100100111010101100100100111111110001011111001
10011001010000011110000011011010000011010001111111011000110011111101100100010001
10000101000010011001100000111111001011001111100100111000111101011111111111111000
01101001100111100111100011011001111011111010010110000110101001001000011011100010
01001100111001000011000011101101000000010011011011010000011110100111001101000110
01101010100101100011101011010101111000011001110000101110111101101110001001010100
01001000011110000001100000001111111111100000111000001101110101000100001001100011
11100010111100111111001101000001011100001111111101001111100110111011111000100100
01000101101110101111001011000000100011000011010110101011110110101101111000101101
01000001000001100110011111111101111100000010010001010101010100111001010011010000
10110000101111000010011000111110101101011001110010001010100110001101010110011000
01011011110010001011101001011100011010101110101110000010001010101010101110011101
01110001010111111000010110000001110001000000010010011011000010110100111101100000
01101111001010001111100101010110010001101111100001101100000100011101110111010000
10011011010000111111111010011010011011100000100011101010010111111010111111100010
10110001010001011001011011011000100101011111100100011000110110111100101101111001
11010110100110010111001110110011011011111100111000001100010011010100110001001100
01010011011110010100111010010100110000110100011110110101010001010000000101101110
00110110001001010111000110010110111110101001100100011010101110001100001000001110
01110001011010101100001101101111001101111101011110010001001010100111011000101100
10001001000000111001000011001011100011000010000110110101111100111010011000010011
11010010001101110110110110111111011000100100010010110011111010000000000010010110
11011110000000110100110101100111110000111101000101110000101110010110010011010010
11100101110000110100001011111010001100000100110100110110101101111110110001011011
10001000000101100011101000111110101001001111010011100001000011101111001111001111
00010101111111111101111000010110000000100110110000100001101110000111110110011010
01000110111110101111111111110110101101000110010100110010011110010110101000111111
10001001011011101110001100111011000111011011100000010100100000000100001111110010
11011001001110001100100010100010011011000110010100001101110100101001010010101101
01110000000001011110110001000001101111111111111110110010000111001011000110001010
11010111111001001101011111000000011001101000101011100101001000001010001000100101
00000111001000010001111101101011111001001101001111110011011100111011101000001101
01000101010100001011001100010111000110100010001100111010100001010000000000110011
01001010010000101111101111001000001111000100110101001101010010110000011101000101
11010001110100111110011111111000001111111001101000011110100001101011000100011010
00110101011100001010001011111001011010000001001111000010010110110110010001110001
01101111100000010011110001011110101001111111000110010000011101110011111110000010
10010100110011100110111000101000011010101101110010001110000100111001100001011111
11100101011111010011011000010100110001010010000010111101000111011110001000001001
00111011110101100100110110010001111001010111110100001001110011100011010011001001
01111111101011110111111101000000010011101100010110001100000001110101011111101001
00111000010110110110100110001110000101111011100010110111100010101011001111110111
11001110100100000101010010111110001100111100110001101100000000001110010110010111
11000101111100110011011101101111110100110011100110110101100100100011010101010011
10100110010010010000110111101000110000011110001000011111110010011111101001000000
01110000100111010101110100110000100011001110101111101111001101001110011111101100
11100101111011010011001101001100111000001000011010010110001111111000101100010111
01000000000110110010100011001110101000011101010000100001011011100111001100101010
01000010001110100101111110001110010101100000101111100000011110110000010000110111
10001011110111001011010000101010001010111111110001010011111100100111000001000000
01111110010001100111101011101000011010111000101110001000100101100111010101010010
00100001010001101101111110000111101000101110100010000001110100101110101111011011
10111011110101101110110010100101000011011111000101100111110110011001100110000000
00010000000101110000111011001010000011011100111001101010011010101001111011000000
00011011000010000000000100100001110100000111011100001011010101101010110100001101
01001111000110011001010000011011110101001000011101000000111100101100111011101100
10100010111100010011100110110011001101100010011001111111111111101111001100010101
00101000100101110000110111110100110001100111000111000110001110111011101101010100
11000101001100000101010101000000111110110011101001010101111010001111111011100101
11000011000110010110000101001010001111000000010111101010001101101000010101110111
01111010010001010101110011000100100011010111011100110101110100001101001010101001
01001011100111000001101100100000011001101000000110100110101010001001110010000110
00110100110010111101100100010110011100100011011001110111110111110111110100100000
10110111011010011010101111111000001101000010100111100010001101001001010101010001
01111100101111101111111101000011010100011100000011110101100001011011001101010001
01100001011111110110011001000001111110001111010011000000101110101100110011000110
00110001010110100100010101000000001000011011111010001000110100101111111010001010
00101100101010000101101001001101101100001110110110001110100111111011110101011110
10100101101001000100111100110111010111111100100111000110111100011011101011110010
00000011001010110010010010110111100010101110110111101111000111101000000011011011
01001001110001111101000100010010011100111010010101000111011110111011011101101010
01111110011001001011110100111101111011000110001101110010111001010000100010011001
11010001001100100110111101010000111101111000110011111011111000110110101011101110
10110010010100101000100110111010110011000110010010001011010000100010000001000100
01110010111101011110101100110101110000111111100010110000010000100111100110001001
00110110100001000101100101011100111111011010011011111101101010001011011100101110
01101110111011111101110111110111000000000010100011001010010011011000110110001011
00111100010001100000011010100011100110001011001101111000000001010010001100100011
00011110110011011011111001101101100001011010001011110100000010001001000001100101
00010000000010100000010010010011000010101111010111100001000111000000101010001101
01001011111011111111010110001010000101010001001100010011010000110010101000100100
10000010111001100100110111001001100000111111110100100011011010000011010110001100
10010101101001000011111001110011010111011001010001011011000010100101000101010100
10000101000000010100111010100111000100010010011100110111011110010101001010111001
00001000110000100111000001111000000011100101111110101100100001011010001011010001
00000011000100110001000001101001011100000110100101010011000111110101000011001000
00001001110100100110101100001100110010000000111110110010001000010100101011101101
01111010001001010010010001110001011110001100101110100000001011001101110001010110
11110111000000010011010001000011000011000010010110111101100110000001101101101010
10100011111110011010111110010110011000001111111011001101101000000111100100010101
01000111111000001000100110011010010000100011111011111111110111010100110000100001
10111101000110110111000100000010111110011110110000110111100000011111000011001111
11001001100000000111000100101011110011101001011110110110000000110101111000110000
10001110101111101101111110101101010110100001101100110001111001110000100001010111
11100011101100100101010011011111111000000110010001101111101011010001010010100101
01010011001001001100110110001100110101110111100000000000000000101100000110111010
10011010010000010100100011000110011011101110010100111101101101100110011101011001
01101110000010000001111110011001010010001011011011010011101001000111110001001111
01110010101110010100011110110000101111001001101001000000011100011111110010010100
10001101110010111111010000111111011101010001011011110111101011011110111110010001
10010111100100111010100111111100000101011001000100100000101000000110000110101100
11011000010011011110000001111101011001011111101000111000011011110111001011100001
11110110110100000100001110101110011110100001000011101000100100110110010111011101
00001101010101110101110100011010001010111001101000100010110011110101100000011110
10110001011111110001110100011100101101111010100100010100111100101011100011110001
11001110001100110000011111000100101010111110100010011000110010010010011000010110
00111110001101110001010010011010111110100001011110010000001010100100001001110001
01001111001001110001000101011101111111100000001100100000111000100011001110100011
10110111101100010011100100011001001000101111100110001100000010110010000000000111
10010000010101100000011111011011101001011010011010011101000010001001000000011110
10011101110110001101101010111110011101101000001111100101100010000110001011110001
00011000111101001001010010011110110100010001000011011111100001010111000101101000
01010010001001001001000111010000011010001011011101001110011110010011001011111110
11110010011101010110001110010000000101000111011110000011000110110101100010001000
11100111100000011001001001001100101000101110110110010101010000101011000111011101
00001110100110111001111111110110010011101011100110000111000101010110111110000000
10111011110111010101111101001000011000010011101110001101101100010110111101111100
00111001101011000011000000010101111001000000011100001100101110001100100111101110
01001101100001010101100001011100100001010111000010011101010110010100010000111001
10101011011101011000001100101100110110100001111100010100010101001111111100111000
11110100110011110001010101101010001100110101101101110011000110111001111101111101
01100100001111001111000000100001011010110001010011101001110010110101111111000010
11101110101000001011001110111100100000001010001111101011011000000101000001001011
11000111100101010001101101110100011111010000001000100010000011010010000011110111
00010011101110011000110011000011110100100001010100011101110000010111110110111101
11011111011100100000001010110000100000011100100011011011101010010001011111010100
00011001001011010101001111000001011011110110101001101011111010000001000101101010
11100011101010100111100010100001011111101011111010000001000010110100010101110101
01110100011100110000000101111100110011111110010011101011010001011100100010001010
00110111110111110111101110101010101101000000110010010011100010010100101101000100
10100110010110001111101000001011001101001011100101011110001111110100110100100000
11010111010011101110101000110100010000011011110010101011010010101100000010000111
11010011110111001101111100010001010100001100110110110111000000010101011011110011
01110110000101010110111011010110111110110010000100100011100000110010110000000000
01100010001100100101111111011001101000100010010001110011111111000111010111110111
00100101001111111101001001101001110101011101000010010000010111010110010011010101
01110001110110100010110010101110001111010001111110011001011001110010111011110100
01111001101110111011000110110010110010010100010101000101001111010100011101101001
11010101100011000010110110011100011011110100011111000010000111000110011111101111
01110100011101000010110000111110111110110101101101101010001010001100010001000010
11000010001001101011010100010000011010001001001100111001110010101001010100101100
00100100010001001000000101001111111011011010100100111110111110110100100101101010
11001011111011011100001010011010101110001101011000101110001011010111000011001001
00110110101010001110010111011010011011000011110111001110011110101100011101101000
00111010011001000111001000010001111001011101001011100110110111101010101000001101
01110111001011001011010010001000000000111101111001110011100010010100010001100111
10111111000001100100101111001110000001111001111001011111011010011111110100000001
10101100101111011001011100000001000110010111110110001101111111000010111000010011
00011001101001111010101011100011000111000001111111100010010101100000110100100110
11100000000000110000010111111111111101010101100000111010011011111001101101110110
11011000010100100101100101110000010101110001010110100110011110000101010110011001
01000001000101011011001010101100100111111100001001111111100001110010011001011011
01101110001000110110001011111111101101101010100111101001110001111111011011101110
01111111001010111100100001011010000010110100010100011010110001100111011111110111
01010001000110110111001011011101101011010000111001110001011101010101101011100001
01111111000011001000000001101110000000000111100100010001011110011110011010011011
10101011011101111100010000000111011000111000001101011100100110010001011110101110
10000100110011010011001110010010011000101011000011111110010000100011111010001010
01010101111101011101111100001001100010110100011110100011100001101101110000100010
01110100100101101000111100010011000001000001000111100000111001011011110110101100
10111000000110010101000100111000100011011000001011110001000001000111010001101110
01010010101101100110101111010011000100100110010100011111100011011000011011000100
01010111000110101100010001110101101011000110011100100001000011100111101110101111
11110010110001000000110110101100111101000010110101000110001101001101000101011010
10100100011000111100001100100100011110110110110110010110110111100100101000111001
00000111011010011111101101011011111100000011101110110100011100011011000110101101
01010000111110110001010110110101100101100011101101010111011110100000010010100001
00000010111001011111100011111111010110000111011101000101001100011100010100010111
10000010001110010010011111100110100010101101001001001000011000000001110001100000
01011101100000000011001011011011111110100001110110111001001001010111000100110111
00100100110000110101010011011110001010100011100101000011100110111101011011000001
01110111100100111000101011100100111101011100111011000011000000010001010010101111
00110110101100111011111111001101100001101101011110100101010001011010101111000110
11011000101011100110100111110001100001100010100010111111001100000100011010011010
01100000000110000101001000110110101000000011110011110101111100101000110111011000
01001111110111100010011100001100100010110101111100000010001000110001010010010100
01000000111010111111110000000111001110010110000111010010010010000001000110011001
10101100100011011011011001110001001110001111111110100011000101100110101100101111
11001011011101101110001011001111111101100111001001111101111100011111001110100000
01001100101111000000101110101010011011101100111100000101101100111110011011100110
00001000000110001011010111101101001101011000011000010110101011000010001101100000
01010001101001101010101101101110010001010101110101000011110000110100101010111010
01001011000011100111110100100101001100101011110100001010011101100101110001000100
10101101101100010001101100010110101100111000011010101001011011110101110111001100
10001011010000001101000001000100001110011010111110101111101111010100000101101101
00100111010110010000000101000000010110111100001101000111001101111001000011101000
00011111101100000100110100111010001001101001011101001010010111100011101101000110
10001010110110100100110110111000000000100000100001101010110111110101111011110110
01011011110010101010001011101000111010101101111001001100111110000011001011000010
01001110111110011100110000110111011010111110000010110011101101011101000110101110
10011110111010101001001100100100111100011111111011110100000001000111001101111110
11010011111011111100111100100101010000001111001100110100001010110111100001101011
00100100100101111010110000011100110110010001010111001010110111000001101011010001
00111101110000100101111001110010111001010010111100101010101011001101101111010011
01100111001011101011110100001100110110100010110101010111010000111010001111111001
01111001000010100010110011000110101100111000011000000101011001101111100011101001
10011101101011011110111000010110000000110100110010000000111100101010000101110100
01001011110111101001000110011100100110111011001100111001001011101011010011000001
11101001101111010101101110111110000110001100110001101101010001011111101110101100
10100010111110110001011100110001010111111110111111011110111101001101001011101101
01110010001011111101101010110010100100011001001001111001110101011111110110010100
00011100111000100100110010111111000001101001010110010001000010100001001111111011
01110011101111110001100100110101000010000100001000001010111111101010101101011110
11011001000011010111101011010110111101000001100111110011111011000000010000010011
01100100111100010111111001000000110000011000111011000111001111111110110101011001
11010010000001111110000001000111011101011000110100001100111101010110001010000110
00100110001010011111011111101001111011000110101000000110101100101011000101100111
11100110101000110000110000100101011110110110000110111010100001111101011010110100
10110110111101101000111011101100101101100000101100100100100010000110111101100000
01010100000110011001001001000111111111001110001101110010100011011111110100011110
00110010110000010000110001000101001000000100110111010011110111001110110011010100
11010100101001011111100100001010111111011001100000110001111000111111110011000110
01010001000010111001000000111001110100000111111101010001100110111010111110000010
10011011101011111101000110010101010111000111000101000110010010011001100011011011
00100010111111001111111011110101111110110001011000111100001100011001100110110111
11101011011001111001000110101001110110101011010100011110001101111100110000000101
11110001011110011000101010001000100010010011011110010100110010111100001001111000
00101100010111001001110110010101010100101100010110010001010100001111101011100110
10101100000011110111100111001101100110101001110111110000000011010110100111011100
10100101010101000011110001101100000100000101110101001100110010010110000111110010
01001001101100001000011010001001111100100111111101101010100000011101010111011011
11001111111001000000110101111111010010011011010101000100100011000100110011011111
10110000101100111001100111010110010000010111101111001011010101000010001001101001
10100111101010001111101100101100011001001100001011110101000001010010010001011001
10001010110010000000110100011100111101100010011001001001010100000001110110100000
00111100001111111100000010011100000100110001000110111110001010111100100000001010
10000001101001110000000011100001100101110011110100111000011010111110001110101001
10011111000111101101011011100111011110111110101100111011110110101011010110000011
01111101111101011001110000111000010100111100101001100000100000100101011100111100
11001000111101111010010000110100110101110101111001000110011010000001101111000010
11111010111101001011101110001010000100101001001110011111010010110101011101010101
00011111110001101110101101100100101010001101011110110010100100100001100100001101
10110110110001111101110111001111101110001000101001111000100001000000100010001001
00000110011111011110101000011011111001110101001111001010110100100000000110010011
00101111111010001001110100111010110110001000001101101100001010010101111101001111
01100111110111101001000101100011000000111010000101111100010101101010000010101110
11101000010001111100111100101101110010111100101110101100111011100011010110000100
00111010001110000011011101001011110111100101111010110111011110010101011111100001
10011101011101010011010011011100101100110101011010100000011101011100000110110000
11000010100101111000000111101101111001011000011101011001111001010000011011110101
10100100101011100100011101110011100010100100111001011000101000101100101110000111
10101101111100001001111011110010111100000011001101110111001101111101111000100110
10101011001000010111010110100011010001010101000000111101101000101000010001010101
10010101110010010100010100010100001111001000011110111011110001101011110101101100
00011110011110010110101001001111100101010001011001010010000000011001110101000010
01100101010011110010010011101100010111100110101101011100000001011111010111000010
01111001010101000011111100010000011110000000111010000001100000001011011011111001
00010001110110010110110111010110111100010111000111100001100111111010000010010001
10100100011000000011111100110000101110001001100010010111101010110001100011011111
11010111111010101011010000010101010111001011111000111000110000000001001111110001
10100001100110011110001001110110000101000110001000011011110000111010011011111101
01011101000100000000110001110100010000011000110011001101100010100010110001001101
11010111001000010000011010000011100111110100001001010011010101111001100000000000
10001001011111100000000110010010011001100101001101010100111011001000011100101000
11011110011010110110011111101000110001100000111010101101101100010011001010011011
00101101011001010100010101001111110011110101011010001000000010110001101001110001
00111110001101011100011110001101010010101110001011101111101111011010000001111000
11111000110101000101110100000110110110111111011101000110010010110001111100101111
10110010010100100110000011001110000000000000001100110010011001111010110111110101
00000111100100111110100110011001011110001010001000001100001111001110011100011111
11110010110011010101101000101001111011000111110111101010111100110101011111011011
11011101000011100111111101010011011110000110000111110110110110010101011111001111
10010001000100011100110101111111010010001001111011110100010101010011010100110100
00010001010001011001000100010000001101010011101100101100110000100111000110100100
10001101101101110001111100101011001011001000100100010110011001101000111110001010
11000010000010010100110000111101100011100011001001110101101000001111001010010000
01010110110011001000000000000101001101000000100010010111101110001000111110100101
00000110010011010010101111000110110001011011111110011001000101111110100001010101
11001010101011110111011111001100110011101101110101001101000011000011101100100010
01000101010100101111011011000111001110001101000110010110110001001001000111001010
01001110101011111111010110000011010100010110000110000100110111100010001001100010
00011000011100100110001011000100100001100111100001000010101011001000100001111001
01001000101010010101000000100111011100010110011110100110101011010010000100000010
00001001010100011110110111000110110011100111110110111001000110011000101001010100
00000101110110000101010000111011101001100011111000001110100011010011100111111001
01000101101000000110111110001001111100110000110010000001010111101011010010111001
11101000011100010001111000111100100101001000110000010000010110100101100000001111
11011100100000110101000101010111000001011111111000010100010111000011110000011000
10101011010111101010111110100011101000011111010100101001101000111011110110111111
01111011110110100100111111011010000111010101111011000000000100100100101010000001
10011111001101001100100011101111110000101111000011101010100111100110000000101010
01100000101000101101101000010111001110000111000000101101011001000011010000001001
01101011110100101101011100010001101001110110110010010010101001100111111000110111
11111111000111110110110110010001110000001100110111110000001111101011110100000010
11110111010101000101100010010111011111101000110100110010110001111100100100011111
11111110001101011000001110111000000111000000010000100000010001111110000001011100
10111101110000100100101000110001100010011011101001100100101000101101001110110101
00101110110111000001000100001100100111010001011000010011110011110110000000101010
01100101011100100011101000110101110101111000101101110010111011000001110101111101
11111010011111110111000111100111110111010011110100110101110111001110000101010100
01001010011000111000111011011010110000011010110100100110001011100110101100011111
00011000100001110110010101001100000101001110100001001111001111000110100111000111
01101100001100110100101101001000001010101111100011010101101100000100000010010000
11010110001111010100100110111100100101000100101100001001110010011101100011111100
00000001001010010111010110100000111101010000001001101010110010000110011101111010
11001000110000100011000011001000100000101001100100000000100100000010111100011100
01000010100110111101110001110111110101111111100001100011011110101111010001000100
11001111111000111101111111100010111011011100000000001000011011010100100011111100
01111011101010101001011111011000101011000101100010001110101111001101001010001010
10111001110001000011111111100101101111111011001010100011000010011001101011010011
00001111010101110101010001100001010100111110010110101011111010011011010100001000
10011110101000111010001000011011110000100101011011000101110011000011100100100000
10000010100001100110100011100001001001011010001111100010100011100000010000001111
11000101110011110111110010010001001110111101100110110001100001100011111101111010
00100111101111110110001101011010000001100011011001011100010001011011100010111010
01011000101100001011000001010110010100011010100010010110000011100101010110111011
00000011110000110111111001110100110111000000000111001001101110111111101100111101
00011111011111000001111110000100100111101010101101111000001101100001011001001110
01100000001010101011111111111100111011011110101011000001010110001100110010100001
10111010110001000011100010101000101100101000000010001101100110100100010100010010
10011111000000101000001110101010010111110011011100010111111001011010101011001000
01010011101111000100010000000010100011001101111100100100101010100111000100000001
01000111010000011000000000101111110111100000110010100110110100010111000001001011
11101010110010011100101010100101110101101000110111011101001111011110101101100110
11010000111111010000110011000111001101110111101000111010000101001111000010111110
01110000101100010100100100111001101011100111100111100001110111100000001001000100
11110110000111010100001101010000101011000001101001101111010110000000100100011010
11011111001100011001000110101111100100111000100110010001011110001100010100010010
10110010011111110010101010111100110000110101111011110111011100100111011000100101
11111010100000000101100100100001000101110010110010000101000110111010000110101101
01010111001010101000100111101001010101000000011011110000111101010011011101001111
00000011010110100011111001101001011000010011100111010100011100111101011000001000
01110001011110101000111001010000111100011110101110101100110111111100111101001111
01000010001110011010101001010101101001010101001010101001110110010100101111000001
00010010000000011111011001100001001001110010011101011011001010010001100001100100
01010111110001000110110001111001000010110110100011001100010100100111110100101110
11001101101010000010110010110100000000000111101000101100100101101011011101110010
00110000100011111001100001100000000101001001110001101011111010011111011010011100
00111010101000101001111001100010101001100101011111000001011101111001101110110111
00110001100011010000010000010101011110000011111101100111111000010000010101000111
00101101010110101001010111000101010111111011000011010000100110111001011000010101
01010111110000100111111110001111110110011100110001001111100001011000100001101011
10111100000111010011110100010011000110110001111101100100110000101110001100110100
11111001011000111001111011011001011001011011101010110110100110001110111110000100
10001000010000000111011111001100001011001010011110001000111011100100110100111111
10000110011011101111000100010011011110101101010001110010101001001100011001111111
11000000011000100010001011111111101101100011101010011101110100011101111110000100
11100010001100011100111101101111101011011011101100011011001100100111011110011010
11111000001101010001011000101000100101101001010000111011100010111000110101110101
11010011101101001111000010010101110001010110000001101000111101101101001101010011
10110110111100111110100110100100001010010110011011010011011011110100001001101101
01101001000111000111100110110010010000000100111110110001010001001110111101110100
10000111010000110001000111110101111000010111000000111011000111011001110010111010
00110111011110011111010001011110100101010011100001000011111110001111011000110000
11000000111100001111111011101110000000000010110001000100111100110110000101001001
00010010001100001110101100100100000000011101000100100000110010000010011101001100
10110011101001110010011011111101010111101111110111011000110100110110100100100010
01101000110110010011101011000101010001101010010111110100110111000111100010100000
11000000000000100100111000010100110011011110010101110110100000110001100111101000
11111101001100111111111100110010110011011000001010001001100101000110000110000111
11100011101100110110011100100011101001110100100100011011110011000110101111110101
00001100000001110100100100100100111011111110011011100111011010011111011001010001
11101110101100101110111010100111101011111001111000000000101000010101010000111000
11001110111010000000011000000110110101010011101000011100011100010011011001100011
11000111000011101111011110101010110100001001110110111011110110000111111100101101
11011000111000010111001011010001101100011011010111011000111100000010000101011100
00011100001111011101010111100111110000101101110010110001111001110101110000010011
01111000110001010001100011001101111000111110011111101111110001011001100101010100
11101110101011010001010001001011111010100111100110011011110000101111111001001001
01011000001110101101001011010011100111011110101010001111010000100111011100001001
01101001101100111000000110000010100111011001110010010011000001001011110110011010
10010101101111101111000100010001101001010000010110010111000110111111001111010001
11111110110000101011110111001110011100100011011101010000001111100011001010111101
10001100100111001010010111001000000001110101010111100001001000110011111000101011
00101101111010111001100101101110000101000001110100111010110011101110010001100000
10011111100100110111000010000101011011100000111111001100110000010011110110110001
11001101001001110010111110010001111011101100011101010011110000100001111010110001
01000100010100010001100110101110010110100010000100101100000100100101010000100100
01010001100001100110011111000100011110110011110001101011000000101011101110110101
10010110101011101111100110011000110010000001011111101001000110000101101000011000
10100100011110011011001010101101111110010001011100110010000110000010011111000011
00111100100001010110100100000101111010001001100001011100001110010110011010010101
00101010101111010100010111010110101001111000010010110110011101011111000100110010
01101100000010110111111011001101111000011011110001100100110101010111110011000110
10011100101111010000010000001111101010110001001100010110011100000000111001111010
00111010000011000011101101010010001010010001000110111000001100011110100000010101
00010001001111101111101011001011001111011100100010000010101000001011110011110100
10110101110110010011110010011001110101101000111000000100110011000111011110010111
10100011001000000101111101101000100011110010001111100000011101111111100010011010
10000111000110001001000100010001001101011010100011011000111100111000111011001000
11111101010101011101101001110001111011110000010111111110101111000001111110010100
11101010010100110001111111111010000110100010001100001110001010011000100111000111
01110111100101110000001101101101010010000001110111110110110100011011000100000101
00110111011001100110011100110010000101100000110011111111101101110010001010001110
11000010100011110110000100010010010000101011111000100100110011001101000001011000
10001101011001110011111011100101111110100000001001101111111010001000101010010010
10110001001001011110011111001001011000100111100100000101010010110100001010110000
01110110100011000011010111101011000111100111110000100011110001001011011011110001
00101111001110110001101100110001101100111111100010000111011000110000010101011001
11100100001000001011001010101100110100101010010001001110001001010001000111101101
11100011001111111000010000010011011111010111110001100110111000101001111111010101
11101001001100100000111110111000000010100001010110101001000111010100111111100101
11100000001000101111101100111001100110111101011110111010110010101010110001111001
00100110111101111010000101110100011111100100011011110101110111111001010111000011
11101011000000111000010011110100010011000110111111000111110001001011111110100001
01001101101011100111010110110111101001000110010000001000100001100010001111100111
11111011100111110000010000111010100111110111110110110110011010101010110001011111
10011010100000001100000100110011000001101110101110100101011011011010010100100001
11111110000110010100001001110100010100001011001000001010011000111100110111110101
00000111000101011011111000100100010001111110110001101111100110111001100111111000
01001000100010001100011111001010001100010011101001010000101111110100111001001101
00101100111000010001111110101011011101001110010111001010001001101111011010111011
01110100010111101100110101010000100110111010011000111100011000111010010001010111
01101011000111111011110100101110010011000011011111001101111011011001110001110101
00011010011110001101011011100101110001101011100111000001111111101011100011010000
00001011111100000101001101011111001110100010000111110001010101101110111110110000
10001011010000010100101110100110010110010000101100010010110110110111111101101100
10100000001011001110000000000011100111011011100000101000111000011010010110110000
00100110010010101001000100010110111101011111101011001000000100110111001001111011
10011111101101000110010000011111011011110111111110100011110110010010101110000101
10011001101101000100111011001010101011010111001101011111111100111001111011111001
00101000111111111101000111011110001001101110001100011100111100011011111100000100
10110110011010011010110011101001100001011111100010110101110001111111101110110000
01110010110011000000101001001101101011111101100111011000111010001101111110101010
00110110001010010001011010000001111100001100010011101011011001001010101011110110
11011110001011001111000001011101111011001010100110110111110011111010001011110010
00110011100011100011011001011000000101111101100000000101100101011101000100111001
01001111100111010111111010000101111101010110111001100011111111010010010110001010
11100101010100101000110010111010000001100001000111010010110001010111110011111110
00100110011011000011100110101010100101110010100011010100011110100100001111001000
11010100110000110001101111110011101101011111010100100100100111111111110110001011
00100100011000110001010000100111111010011111100110101110000010101000110111001101
01001100001010001100001110111011110100100110100000111011101101111000100101011110
11111111010000011000100000110001101111001100111001011000001111010001101111110100
11000111111101101111011111101111000111111001001010011001110000001101010010111010
00101010100101001111000001101010110001111000010111110110100001110011010011111001
00110011100011110000101111011011100101000010011011100100110011100001001000111000
11001010101001100110111100010001100111001100011010000010011010010001110000011110
11101001111111100011111111100111110011101100110101010000000010000100110110111000
11100110100101010110110110010101011110000110111100101100000101010101101100011011
01111011000010001001100100000110001001011010011111000111101010010101011010101111
01100111110011011101110101110001001010010110001111100111101000001101010110001011
10001111111001010010011101100100011011000001000011011101010111100110010001111000
10010111010000011001110001110001111011110000100011010110010011111010100100110100
00100010110010001011111110011101011111001111010100111001010100011111010001001010
01110100011000101001010101110100110100111110010011001011010100111000000101101011
11111000010111011101001111110101010010101111000111110100101111001001001101001001
10111000001111001100010100101001010111111110101100101000100001111010001101101011
00001011010101110000010001101010110110110001001111111101001100010111001101011000
01101111011011010101000000010011011010011101111101010000101111111001010100011010
00011101010001011100011000001001111111000010010111110000100001011100111101011101
00001101111100010000100000001101100110100000101000001011110000111100100110100101
10101000001000001000111110101101101110011001000011000011110111100010000011111011
00010110011101010111001001011000001001001011101010110111001001101011101000010001
01110111101000101010110101101110001001111010011000010001010110110001110101101000
10110110010011011000011101000101011010111000111100011110111000111111110111000111
11011101101001101000000100111101001101101010001011101000100101010011010100001111
10011101101100111011110101111011111001010100100111010101010101111110010101011100
10111110110100110100101001110010110111101111101001010001110100111000111010110111
01100111010101010111101110011100101011000010010110111101010000000110111000011111
00011000000101100011010011100001000101101000101101010110111000111110010001111111
01111111111101111010100011100100010001101101010110110000011100101000011010111110
11000010000111100100000010110011101101110111111010111110000101001011000001001100
11100111001111010000101101001100010101101100010010101011111111010000101101010000
01011001110111101010110100011110011000100111111111111001101110101001101111001111
10010110000011101110101000111111100010110100110100101011011001101010101101110110
00011100111010011011100101111001100100101100000011001011101111101111100010011010
00110000100001001010111110111001011100001010111010011001111001101010110000111110
00001011000100110101000101101010001000000100111110011011011000000111100100011010
10111110101000001101011001001110100001101100111101100010010110000111111111001001
10110011111001110111010100000110100111100011101001010100110101111101111001000000
10111001011001000000001110010011010111100001100110010100111000010111010001110100
11001100000111100100011100111010011111010100101010000111111101000001010010100000
01110101000001001110001000100110011010000111001111101011010011011100111001010110
01111011011001101101010011010101111111111100001011111011010000000010110011001011
01001101110010011001100100110001111000110101100111100100101101011000000101010000
01111111001101101011101101000000101100011110101100011000011000111100001001001100
10010001000000111110011010110111011001100011111000101000101001100011101001110011
10110100100010101101010111101100011011100010001001110000110000011111001101101010
11000010110110000100101110010001001101101000101110001110011110101000001100001010
01101010011001000000000110000100001010000001111111000100111011111010011011111111
10010000100100101111101000111011000010100000000011101100001010110111010110001001
00011001001101101101111001000101011111100101110101000101001101000101110001100001
11011111011101011101110000000010110001001111100110110011001000110101010000001100
10100000001011111001100101101011110000110110011111001110000111110100110010011111
00111000100000010011001101011110101111010101011110011000011110001010101110111110
01101100100100111100101110111001110000010000001000101111010001101101001010010100
10000111001100000011111110000100001000110111001110100010011101000101001000111100
01100010110100100111011111010111010101011111010110100011001110000010100101010011
00010111011010110110110010101100101111111101111001010111110111111011000011100101
10100010111110111001111011111110101000000001000101111001010101000100100000111100
10111011001111111011011111010110011010111000010010100111111110101001001001001100
00111100011111011000011111100101011110010110110001101010001010011110101100111011
00011111101110001101100111101011000010010101010000011011010000011110110000110110
10111111111001011010010101000100111101101011111011101111110111111100110000011011
11010001101100111101100111100110011001100011011110100111001111001100100110110111
00001101000011101100101110001100101000000001000010111000011100110011100000001110
10001111101000101000100000001001011100111111011010000101101110001010111101101001
10011111101101001110100111010100101111001111011101111011010000110000100000001011
00001010000111001110110010100001000010111010101110011110011001101101101101010110
11110010000011010100000100100110111000010101100010111000101001111111001000101110
00100101100010100001010000110011100001100100001101001011111000111100001000111101
00010110111000010010110110010110111110001001110010100110000010100100100101111111
11011101101000101011110100011011011011100011011110001011010011011101100100111111
11100110101011111001111100000011010000101011100010100001011010001010011010000100
01101101100001001000010010000010001000000000111001101111111101101011011000100110
11110101111110000101101100001110010111100101000001010111001100000011101000101010
01101000101000011100100101100011100000111111010110010001111010011001010010011100
00010111101000010110001111100111000101001010111011011011101101010100001000010000
10000000110000000001111101101011000010011011111001111111111001111000110110100000
10000100101010100001110011110101000010010011011111100001111010010111010000110000
01111110001101000111110111100010100110001010101000010010100000011000111101010000
00100001101111011111001111111100100010100000100100000010011110110110011101001000
01001110101100101000001011000011111100000010011101110001111001010111011011111011
01011100011000110101011011101000010111100000101011001110001010000010000110110000
01011010110101010001001001100000110110111010111010010000001010111110111000111000
10101111101100101000110000111100110011011010101101111110100111010000000110010001
00010011000110110111010101111100101011010011011101001011000100000011111110001111
10000100011101101110101101000000100100001000011100001001000110010110111010111101
11000011111010101010011101010110100111100101011110111110011101001101010001101100
01011111010000010011110111101111010010100110000010000001010100000101000111101111
11000001111011010110111000011110000100011101100111000111101101111001111100010111
11101010100110001001011111010001011111111110110111110100010011110101000111010110
01011011100000101001011110011101101001000001110101111000100111110100010010111111
11010110011010110100011001001110000111110000000010011111110101011010111001000101
11110011101010101110111001010001100000010000011010111010110110011110000001010010
10110010010011110100100001111111010000010111101111011100100111001001100111000111
10100101100011100001111000000100110001010101100111111100010011010111011010111111
01110100110111111101000011010111010111101100010100000101111000110101111000000010
10101001011101111011111001111000110110011011100110010011110111000000100010100110
