80 1023
01111110100001111110010101000000001110101000101010110010101110100111111001011011
01011110000000011010111110000000111000111111111001101101111111110101011101111110
00011100000110100111011110000000110111110110010101000010010001000110100111001000
00101111000010101011111000100110100001100010010010000010010010001001011011000000
01101000011011101100111111101100001011011000100110001001000001111101110001011010
11000100110101100001010010101111001011001100010001011111011100011100000111111100
10001111000101000011111011000100000111110111011100100001101010001010111001100011
00011010101001101101101010011001010011100001101010000101101101011000010101111110
10111011010110111000110101010100001110111101001001001011000010100000000111111100
10010111000001110011110111000010110111011111101001110111000001100100111011001111
11011101001100010100100000111101000110111001011011010111100100000101001111110001
00010011111011110001110111001101000111110100110110111011101101010001100111001101
01111100110001100000010101001001010101110001110011010101010001000011111011010011
11000111101001110001111001011010100010110100010000110000001001111001110101010101
01001000100110000001011011001111011010110001100011111100001100010001110101110000
10101001101100011000000100010010010010111100110100011101111100010011111010001111
11000111010101000000111101000110110100011000001001010100100001011010010111011101
01100011100011011100100010110010110110010000100101100111101011010101010011001011
11101110011111010101110111000101100100010011000001101100111011100000101101111100
00011011110000110001110010101100011000110000111110001100000111011011000000000110
11111101110001111000001110110011000101101001011000101001101010111011000101110110
10111101110111111101110110000011101111010101100001011100000100101011011011010100
10000101101100000111001000101000101100110111001110100110101000011011101101010011
01001010100010000011011110110110101100000100111101011111111010110000110110111110
01101101000100100001001001100101111111000111100111111001101011000110100011011110
11111010001110110100110110001110110110110011011100010100101110101001000100011111
00100000110100101001000011011111101011110001010111111110111101001100011010010111
00110110110101010010110000101011001111000111110001011101000101011011011100101001
00000001010011001110100111111011010100101100011000011010110100110001110110010011
10000000000101110000100100010001001011111101000000100001100000010111100001000011
11110111011101111101000100101001101000001000100101110011000110100010111111010100
11001000110010000001100001101100010101010110111011001001100110100101111100010100
01111001110011000011001000111001000101000111101100101010111101100010000110001010
00110000111111101101111110110111000000000001100100010010100000010011101001011110
00000011111001101000011111000100100000000000100100000001111101100100010010001011
11111000011001111011011111001000110010110111101111011011001110101011000101011111
00110110001111010110111111110100110011101011001011000000011101111011001100010110
11010000000011011110001110110010101100010010011011101111001111100101100000101101
01001110011001000100100001010010111100011001011110011011001101110000111100001101
01101000100010100010111110101101100110000101000001110100001110001010010100111111
01100111000011101001010110100101010000111100101000011111010100001011100110000001
11101010110001010100110110011001001100011101010001000110100010111000110001101110
10111100011111000011100111100010011101101011001010101001101100001100100101101010
01100010111001101001010100010011111110111001000001010101010100010001111000110101
01001100100101100110011011010100100011111010111101101010101111001100100110111110
11100110110100110000110101010000011101101011010010001011001100010000010110010100
00000111001011111101101100000100010001001000011000100001110001000000100100000100
10001111100010000010011111000011000110100101101001010101011001110010110101000101
00011100111010000001000000111110000011100111100000000011011110110111000001011011
01111001010011011101001100100111111101010101101010111001011010010001100010110011
11100011110111101110011100010000110110101100101011010010001000100000010111000110
01011110111000110100101101110110110010110001011100100101101101010001000001011110
11011011110110010101101110100000000000100010111011011100010010001000000111010000
00010000000001100110011011101110001111001110011100110110110101001101100011001100
11101010011100110100011110110011011011101010100001000011111010101000010100011000
11010100100000001110111111101010100011011000111000110111111011011001110111101100
01101011110010000110000111111110010010110110001100100011010111011010101110011001
01001000010101100000011011011110110110111000101000001001010111101001101101101100
10011101111001010100000100110001101010101100110110101110111011001100101110100111
10010110100100001110101101011110000111101101110010111111001110000110110010001011
00001111010110101010010101011101011110101011010000011001001000010011001010100101
10011110010101100111111110111011011111110010000111110011100110100101111010101001
11010001101001001101100001101011011010000001101100110001011111101001010011010011
10101000010000000100001000110001111010000111011001100110001100111001001001101010
00110011001110011001100000111101101010111111001100111000110010010000110000101100
00100110011100011001011111111001010100010100010000001101110011001001111010110010
10101011100101111100100110100100010010001101110001100001000111111010111011000011
01010111101100000101000010010010111100011001110011001111000010110001000101110001
01101000000001100110000111000100101110001111010101000001011011111100011101101100
00110110101110010111110100101101011101101110110110000000011100001111011110111110
01100010101111010001111010001001100001110001100011000111011101000001101110010110
10101101100100110001100001100011110111111101100001100110101101000111011110111111
00010100111110011000010001010001100010111010010010100100010100001110000100100001
11110000010100100101010111010010001100000001001000000000000000111000011001011000
10110101010011111000110011001101100001000000100000011001101111101111011001010001
00101100011001000101110101000011000010111000010111000100100110110111111111110011
01101011100110100001110110010000010001110010101110100101111000000000100101001000
11100000000000011110101001101101001001000110101110111100010110001100011010101000
00100101111011011011110101011010010001110010101111001001010100110001010010101111
00100101111010011101010001100101011100000100001100011101010111101011101110000000
10001110011010100010010011000010010010001011101100011101111100110010101001111011
10001011100110000101001101011001010111100000111111010100001001001011001101010111
00010001001110111010110100010100100001000110001000011110001000010110101111111011
00100000110111110010011111100101111101000100010010011110000100000101111001100111
11010100000001011111001100111000110010000010101001100101100010001010101011010011
10101110111010111000110010001100000000101101110110011011101100011101001111010001
00111111111100101111000100101110010000011101111110001011010000101000110111010001
00010101010000111110000010110010100101101100100110001100101110010001011110011101
00011111001001010001101000001010010111001100100010000000111100110101010010001011
11100101010100111001001011001101011101001011101011101110100011001101110001111110
11000011110100111100000000110111001000101101100100101000111011110100101010111011
11010110110100011100011110010100110011001010000101010000110001110101010101010000
11000010001101100011010011100111100001110101010100001111100001111011100010001100
11001111111111000101110101100011101101101000100101000100100011000000000110100001
01010001110010100100010111000000011100010011000100011110100000011101000001000101
01100000010010010110001111001110101001000000101111001101101011000111001000011011
11110010110110110011110101001000101110000010111001010001110010001000011010010101
10001000011010111011101110101010001010001110001101000111010001100100011110110011
00111111101111010110101110000011001011011101010100100000000101101001100011101010
10111011111100111011111001111011001010101001000001100011010001101001000111011101
11110111110000110101011000100011111100111101111110010101000100001101011001001100
01110011101101011101111111101101011011010101001110101110001101110111110011010111
11110100101101100100101011001001111011001100101000010110111100010101011101111010
00001011110111100011100001110110001111011110111110111110101011111011011110111000
10101011011000100100111101110010100001011010111101111101110011111100010001111110
10000011011010100110101001110001110000101101001001010000010010001101100011011101
10111110000101101111110011010100100111100101111100110001110011010010111011011110
11101000110000101011000111101110000011011001110110101001101010111010101100110010
01000001011101101001101100100111010110010010110000111000010010001001100100001010
01101110111011011111110101101110100000010001001010101010000010011000010101110101
01111001000100010001100001101111001110101000000101101011111010110100101000000101
00001001010111111001001100100001011001001010010100101111110011001010000100100010
00010101001101011011111010110010101110100111111011000110000100000100110010000000
11010100001010110001010111000101001110011001111110001101000011111010010101111100
00000010101010111000110111110101111011010001111101010100001011010011001011111011
11010101111110010101001100011111111101001001000101110101100100000000011110100100
10010001110111010011111010000110010000010111010001111100000101101001010111100111
10011101101101000100110111011111110001111111011011011100001110111010001101000111
11101001110101110011011001101010001001010111010001010001001010000100100111100111
00111110001011001111001000111111111011011011001111100000100000010100000010101110
11000101100101111110111101110101100100111001101100011010100100111000111100001010
01100010011011100000100010111001000100100111110100001101010001001111111110010101
10010100011000011101101111101001111101110000101100111010000100100010100111100001
00001111100000010000100001010100000010010011101111000010110001101001001011010011
11000000011010110000110110110100110110000100011101000001001111100110000010110111
11100110001010010010101110000010101101010000000010110100011111010000110101101110
01111011001010000001000000001110000100000010001000011010001101011001001001010100
00101101101000000111001101010010110001111001111000001011000001101011010000100001
10110010101000111110101111001111011011101111001010110100110101111001000111101000
11110110010110110111000100111101100110011011000100100011111100010010000001100111
11100111111000001010111101011010001010100100110111010001011000001101001001111011
10110011001011110000101100101010110100000001010011001110000000101011100110010001
11011010111111111010100001011110110111001010010001100100001011000101100011011101
01101000001111010001010101110100100111100110110001101000100110001110110011011010
10100000001001010011011101000001010110010001000000000001000010011110100110011010
01010101110001001100000111000111110001011101000001111010110110011000001000111101
10111000011011111100111111000101010101110110110101101110001011110110000101010001
11000110011101010111010011001010110101001101110101001110111111100001001010100110
01101110001100101111101010100000101000010000000010111111010001001010111100011100
00001100101101110110110110011111001110010101011001101000001010101110000110110010
10101110011001111101000010111101001101100101111101011000000010110010011011110100
10101001101010011110001101000100000100001100101000110000011101010001010001000111
10001100110011010000011110001110000111001111011100010100001010010001011000111001
01110001100101110110001100011110111100011011010011101101011101110011101100101011
00100111100100001011111011101001101000110111000000000101000100111100000101110111
01010011101100001111110010011111110010010001101001101101010010100000101001111101
00000111010100010111111100010101001110100010110011101110110011001100010001111111
10100001010101000100110110110011000110011110011100001001000010000100101011010000
00110001011111011101110010011110010110111101100011001001000011110110001101110100
00001000100011100111001000000111100101001000111111101001011110000110101101000100
00011001011010000011000110001110100110011100010010100011011100111100110100001101
00101011001000000100000110100110010000110101011100111001001010110000000011101010
10001100101100010000101110001101111111011011101100000001001100101000100110001100
00100111010101011001111010111100100011011011100101100011011001110010011100101101
00100111111100101100001101101111000101010101100000110101011111011010101101011010
01000100000110101100101010101101111101110110110111011010111011011000110111110101
11000100100011001001100100100100111000001011000111100101110101001100110011110110
01101001010101011101011110001110101100111101001101110001011101001011000010010111
00111111101011010110011111011111101110010000000010110010000100001000101110110000
00111000111100101101010101111111111100101111010010001111101101100100101110111110
00001001100000011001010011000011100000000011101001000111110011011111000111100011
11101101010100000100111011001001111101011110000011110010000101011101011011100010
11011110111001101110000110110001000011001101001011000101110110111001001101000001
00101101110011101011110111100110100111100111101000001111000100000001111110111011
00010111001010100010010001100111011001001100011001101000000000000111001100001010
01000000010100100110001011110001111010010010100010100100100001110011101010000110
00110111100101000010101000100001010110001010011111111111110110000110111111100110
10100100101000100001000010111100110100010000101110011111100000111101100100111110
10011111011001110001111101110111011110001011000011001111110101000111101100111000
00000111011101001101000001001011001011111101011111100001101011010101010111110010
11000101001001011100101010011001001011101110011010011101001101010010101011111110
10101101010000110100101011101111111111000010100011010101111100100000101110010100
11100001100110010000011000010000001100000001000011010001010101000000010110101110
01011001110010100001000100000011010011101100100110101010001000001001111101000110
00010111010100111001100101101010101101011111100010010001001100010111001101111010
01001100011100110101010110100111001100011011000100101101101110001001010100101101
01001111011011001100000100101010011100000100001010101011001011001000111000011110
11101111001101101110011111101100011011111001110100101111000011011001111000000010
00000110000001000010101101100110111011101010011111111011110011001011111100011101
01110100010010001010011010010111110100001110001101011101011111011100011011001011
11010110110110100011110111000100110011101010001010011100101110001100100001101000
01000001110011100001101101000000000001011110001000001001001001011011101011111000
10001111110111000011000000000010010011110011100000011111000010110100010100000110
11010110100110000011110100101111011101111110101101101110010100010111001100101011
11111111101001111000011010111000001100010110000011100011101101100010001110000010
01001001000111011011110000010101011110010111011101111010111001100111101000110111
01101101000101001111100000011100011010100011011101001011010001101001000001111101
00011101011001010001011010111011000011110110001111010011010010111110110100001100
00101000011000111100000100110111010100001011010001011010001011001111001101111110
00100010100000001100110100011000101111110001111100101001101100000001001110100010
10110100101010001111101011010100110001001000101010011010100100000110110010101101
10011110011101010110000011011100011111110100110001111100100100110100010101100011
10001110001000010111101101000000110100110111000011111001110101011001100001110101
00100001001100001110000000101100001110111100001001011100100010101101110001100101
01110110010010100110110011101010011110001001001110010111100100101100010000001010
10110101110010111010011100100010110101000001101110101100001010000000000001110000
10100001100011110100101010101010001100100110110011101101000101100001111001100011
01011011110101110100011101111100001001101010010101101111011100010100010110000100
11010101111001010001101011101111001000101110100111010001001100011001000001001001
10101001111101000011010011110000000001101101001000110001111011010111010110001011
11100110011100000000011001110011010000100010011111101101110101000100101010011111
10001110011010100100110110111000110110100100100110111110000100111101111101111000
11111110001111101001101010110100011010100101000001000101001011100010011001101111
00000100111011000010110101111100000111111111110000101010100011010100100001010001
10001011000110011110001101111101100011000001000100101110111110001000000110000010
10100110001111010101001011100000100000100100110101011000100100110011100101000000
10000111100000000000010010110101001101110010100000100011000000001010100100011000
11010000110110101110011111101110010000001101011100001101100111100010011100110101
00110101000011111110010101001010001100010110001011000001111010000010001011111110
11111011110100101010001000011010010101100000010000101010010101101101101010100010
11100011010110001101000000111111001001011100001111100111011111001110111001111000
00110100111000011000111001011001011111100110001100111001010010010110000010100010
00111011000110011100011011000010101100001101001001001010110011011001000001010001
11110000000111010010001101110000111010001010011110001100111001010011101000110101
01010100011110110101100110110011101001100001001111110111001100011111110101001101
11001010100001000011000101101100010100110111010111000110111110010101111000001010
00001111110101101011000100110100001101001101001101011011101100111101111111100101
01010111011011100011101000111011111100111101011111001010111010000010111001111110
11111110001011101010000000000011100110110011011000100000111000001011010111101010
01010011001001001101010111101110011110111110110011011111111100101100101111010111
10011110100001111100111101110111010001011111110011011000011010000011011010010111
00111001000101010001001110110110000011001000101111010111111110011001000101011111
11100101101001101111101011010111001001101011101011010001011110101100111011010101
11011111101110011111100000100000001101001100001110001111000100100110011010011001
10100111111001011100000110011001110110111111000110011110111100101100010001011101
01000100010110011011100010000111111001100110000010110011010111011000000010111000
11110010111001001011101011100100111010010110010001000111000111001001000000111011
11110000001100011011111111010011111111100100100010110011110100100001011110111101
11001010011000011101101010000001100000111100000100011101111011101010011011010110
00011010000110100101111010101110111010000001000011111000111000100011101001001100
11001100100011110100101011001011011010101110010000110111111110101110100101100000
11110010011101100000001011101001010000110110000100011000011110001010100001101010
11010111000000110001111110101101011101100001100100110101000111110011000100111010
00010000111010011010001011101100001000000001000010110101111011101101100111000101
00111010000110010000110001110000101011111100010000001001010110011011100101111011
00100001011011111110001101011001010001011111101011010010001101000100010100011011
10110111011000011110101011001010000010101101010010101110111010011001000001000000
11100101111100011010001111100001100010011100111001111110010011111001011111111101
10001010111010010011111000110001001110001110100000001010110101111011100110011011
11100110011111100011001000000100010001111100101100001010101100011110011010001111
11001001110010001000001110110001101011001110010110010111011011101111000111100001
11100100110010110110001100101110100110110110010011100010111011000101110011100000
11001011100011000011011110001000100101010001101001010100001100110101001100011011
10101000110110100111000010001101100010001100110010010111111001101101011000100011
00010111101000101100100111110101100111001101011100110101111010101001101101000101
11111100110010110010010110000100101010100101001011111101110101101000010100001010
11100101000001010100111100011000001110010001101110101010011001101000101110000110
10101111001000101100101110110001111100100011111110111000101111111000110000000101
10100001101110011001011100000010000101011000010000110010101101010000011101010111
10111010100000111110100000111001110100110111011110110100101000011100111111100110
00011110110111010000001100110101110101010001011101001101000010101101001001100100
01011110101100111000000000010001000000101010001100000110110001101101111111001110
11110000000010000101010011001110101110001000000111110011000100010011010110001100
00010011101011011111011001110110111101000111000000101011000001000100011100011100
11111010001000110010100011000100001100111001111101100111010010110111011101110011
10010000011110010100010001000001011111101110110110011011110000011001001010101001
00010001111000100111001111111110010110111001100010010000011100000011101001101000
11000101010100111100101000010111001110000101010001111011011100111000111011010111
11101001011001111100000111000000010010000100101001001001100100111101111111011111
11101001000010000100111100010000111111000011001000100100101010000001011010010100
11010010101000101100010111101101110000011000000110101101111001010111110100111010
00101110101110010011100000000111110010001011111110000000010011110000011011101011
01110101110111110000011101001001101110100010001110001001111001101000101001001010
01111110000110001001001010111110111100000010111000110001110101100011110100011010
11001101001011110000000000011000011011100011000010111001111111100101001111100000
10011111111011001101001011011100001101010011010111010010101111110100000111100001
10111000111001110101111100111110001110010001001111000110111000011001011000111000
11101101000110110010100110110100001100010110110111101011001000001010011100011111
10111010101000001000101010010010000001010011100011111000111011001000010001000111
01101101101110000100101000011011100011110010111011010011000111011111011111110100
11101110100011101010000110100110010101001110110000010000111101100110100101010100
10110101101010100100111000101101111111101111010001011000000001100001010110101101
01001011110011101101100111111000010110110111100110110001011001111111101000100010
11011001100111011100001000000001010010101000100000101000100000110000000010010111
10011100010000010011101110000010110101011011011111101001111100001011110010101000
10111110010110000101111010000000101011010101000000010111000101000100101010110100
11110000001100010010010010010010101111000100100110000001000101111001010010100001
11000110001010010011101000110111111010000001101110100110011001111000110000001111
11011001001001011101011011000100110001110100101010010111001010010110000111100000
11010111011110101110111001010110110010000111010100011011001101011000101000100100
00100011100000001010011001100101111001111010111011000110100000100110010101101001
00110000010011110101001001000101100000111011110111010001010000101000101011011011
01101001101000001100110011001001000111111100000011010110001110100010001111011101
11101101001010010111010011010111100111100100101111101110010101101001101101111100
00111000001110001111101101000010100101101001001101100011011110100010000110101011
00110110001111111110011111000000100100001001001011100111010110110001101001100110
11111101110000111111101111010000010011110100111000001111101100011100100100010101
11010111110001110110010111101111001010111010010100101010000010111011110001001110
10011101001110100100011000001010101010010000000001010011001000000110001100010001
00100011011110111111110001100110001111100111111011000010011000001100011010111111
01010001010000011001011011110110001011001111001011010011100010010110001100110111
11011100110111001100000111000001111000001001110011101110010100101000111110100001
11110010001110100101010010010010001011001010111100100010101111111111010101111110
00001110100010111111101000000001011011101011010100001010100110101111100111110001
11010001110111111000100111101111010110000011110001011011010100010001110111101111
11001000111111000011101100011001100100100110010001000100110011110101001011001101
00110011111101010000000110111101110110010010000011011010100111010111011001100110
10001000000101001111000110010111100110000100000110110000001011010111001111110100
01100000100011001010101100111100110111000110100111010000011010011100111001000011
11110110100000010101111100001110000000010111100110010010001000110101111001000111
00110001101111011010100100001100111000010100101111011011100101111111000001110000
01100110111101111001010101100001100100010101110011000010011100101110001010101101
10010110110000110101100001100001111100110101001010111100101100110101111010000101
10010001101110000000110000101001111110111110001100110000000000011110100011101000
00000000111010101110111110100001110111100101010110100110000100100101011110110011
11011101100001011101111010111111110111111110111100000110010001000011001100100000
10100110111111110001011111010000011001000011101000000010101010010100001001111010
11110100111001101100101010011001111010000011100110011110111001011010101100111011
11111011010101010010111101010101010111000001100000000011010101000111010010001110
00000100001011000011000001010000101000110000111110110110101000011111100001001010
00101101010011001100010011011011010001101010010001101100100111111100110001111011
00011111110111111011010111101010000110000110001001000111100001111111001100001100
01111001100111111000110011001101000111111110000011010010010011111001110011010000
11010111110000100101110000100000000000101101001101010111001100100011100101001001
10000101001011011000010101011010101010101110110100100010111110111000011111101100
01110010011111100110101000101010001101001000101110001111100101000101010010011100
10111001000001011101111011100000011000110100000110011011111000111000100010110111
01000101001101101011000110000011100000101110101000100100010001011100001100100110
10000001101001011011111100011100010010011011110111011110011001110011000010010001
11101111100111011001011100101001010101001001000001001100001100011010110101001100
11101101111110101011011000101110100001011101110100010110111001011110011011101011
00011100110111110110000101111001011101111100011000111111000110111000101010010000
11010110001000100010011001000111101101010000100101101101110101010101010000001000
00110011110101110000110001111010011010000011110101010001011101001111100101100001
01010011111110111001101101011000001100010001011111100101100110010000001001111000
11111011010000101010100011011110010001100111111100011010010001011000010110011110
00100101100011001011000001100001110110011110111101011110110011001101110011101101
01000111010110000000110000001010001000110111011101100011101101111110100001011101
11101011011100111101101011101101100001001110101010000111010011111000100101111000
10000111100110001000001111011111100011100000110011101001110111010010110111111011
01010100011010110001110001011001010010001010001111100011100100101010010101110010
01110000100000001010111010000010010001011110011000110001010000110110101001111101
01011011010110011000010101111001100100001010100101111011111011001101111001111101
11100101011111101101111000010100011011100010000000101111000110110101100010010001
01010001000110010110110010111101110111101011110010000111000011110110100001111100
11011000000101110001110101011010011010001100011010100011000100000000010011011001
10000100110101001110111010100001110011100010100101010100100101001100010111000001
01101110100011000110110101000001000001001001000111111110110100000111100100010000
01001111011111000011001100101111110000110110010101110010101000011101110011100011
10100011110010101111110000100111101010011001100000000010100001011111101111000101
00001110011000111100011010110101000100101110011101111000101100011100110011001010
01010001110111000011011010111010110110011001111101101011001101010000100001000001
10100101100111001100100011111000111010111110111001000011000010110111000101010000
01010101110111100111011001111111011000111000110101000010000100011010111101110001
00001100000000111100011010110110100101111100101110010001001111000001011101110001
11010001011101011101011111101111010111011010110111111010000110111000110001001010
01111110010010010100011111111111010011010101010111101011000101110100000011110100
11001011001101110010000011110000000001101111001010100000100011000011010110000000
11100010011100101100100110111001011101011001000110000111011101100111101000000001
11010011100011100111011010001011101101011000000001101110001100011111001010110000
00100100000101100110101010110111000001011000100001101011111001100111010010101011
11100110001111011101011110101111010001110110100111100010110000010111011011001100
01001011100011001000110010011110000010011100010101000011101000100000010010010011
00001111111101111010100010101101000001101001011111001000001111011011001100000100
11100010000111011000100000100101111111001110111010011010000000110101100110010010
01111100100010101011101100111110100011101111100110010000101001010010011101101011
00001110010101000110000011011010101101101111011011111111000100101110100000001000
00001001101100010010101111111000010101001000001110110000010100111101110010000100
00111110101110100010010111010011111010010001010100011011111010010001101011101110
10011001011010110110010011100000111011001100010010000000110001100100001000100000
01110100010010010111011101101001100100010010100101100111101000100110000010011011
01010111001010111111010100101101100011111001011000101111111111100001000100010110
00010001110101000110011100010000010011010010000101001101011100001101010001010100
00010110110000110101111011111110011010101001110010000100001110101101100001100010
11101001101011100011001010001001100111111110011101001001110010011000111100000001
10001010101110010101110100110111001111100101100100101000001011001100001101001111
01101010000110001011010110100101110001001111010000110011101001110100000110101010
01100000001001100001110100100011001100010101001011100000001111111010101110000101
10001000100101010101110010111000000010010110110111100001010110100010010011100111
10011000010010111100011110011110000011111111111111101101100000000000100001100001
10010101000011000101010111111100001000111000011110100100111011110110010101000001
10001110101111110111010100001100001110111000100001001010001000110111010000110011
01100010000011011000010001011010001101010001111110000001000101100010100011101100
00111100011111011100010011110000000110110100110000001101000101010000100000001001
01011110110000110100110010000100000000110011010101011111000010110101001000110100
11100001101000111101000000000011101011110111110111101000000111011111100001000001
10110101011100011111001011011010110111010110111000100010000100110101000010110100
10111101100001101101101010011000010000001010110011100110100101100000001001011100
11111110101110110000110111010000101010010001001011010111011100111101110010001111
01100011010110001101100011001000110001101111011010101101010101111100001111001001
11011110111011001001110100011011010010100101100100000001010001110010111110001000
01011101010011110010011001100100110010000010111001100000010111001001111011101010
11111000100011000111011010011000001110111010111011101000011110101100100010000010
00010011101001001100010011011101111001100101111011111110000001100110001010000010
10011010001000001000110111111101111000101110110010001100110000100100100110011011
11110010001000000000110000010111100011010110000001111100110111111110011110110110
00010000001110110100000000101100101110101101010000111110101100111011100100000010
11000101100111010111010000011100100101111010010010111110111100111001010001110101
00111111001011011010010110000011100011000001111011011100101110000000101011000100
00100010100110100001110010101000100101101111110110101000010100101110000011010000
01110000011010110000101000001001010000011011110000011110100111010100111110100000
11100010111101001111110100110100011100011101101101000100010100011100100100110000
11110000000010001000010001011111001100011000010110001100000100110011101111001100
10010111011001000010001101110000010000101100011000111101100010101011011011101001
01101011010011010010010101101111010101111110000000011101101000101011000110111100
10100001111011110010100000001000000000100100011101110100101010100101010101001101
00101011010100110110011011101000011011001010111010111100101001111100011011011100
11111010011101000001110100110110010110011000000100111101100111100011000000101000
00000011110010100001111000100000011111110001110110100111110100100001000101000110
00010011000010111100000101000111111011111100111101110000111001001010101110011100
10000000000110000111111110111010100110110100101100010101000000011010110001001000
01111001111100010110110111110100111101111010101011101010011100100000111010100110
10100100010111000001011001100111100110101101111000010000110111110001011000011111
00101000001010101000001111110110000001001110110111101000011000010100111011010011
11001010101001111001111011101011100100100110001001100111001111001100111100111101
10000101000001000100001100111100110010000010000000011101001111101100101111110111
01011010001001111010100010011010111101110110000011100010011000100100100100000100
00111011110101100101110101110110011000000000110111000010001101101010111101010111
00011001000110001111100000110010010011010100001111110010100101001001111011110110
01001100011001011100000000000000110100010000010011110010001010101011010010010000
00001010110010001001000111111101010101101010101001100111110001101100110000101111
11101010001111011001010000010000111111101100111100101011011101001110001001101100
00100000001110000001000100100100000011100000011010100100000101011100011000000011
00111110011110101001100001111011011001010101010110100110101110010000100101110111
10000101000000100111001100100000101010100100111101100100010000001110001101010111
10010000011100101100111011000111110101010110101111100000010011100111010000100000
11001101111000111010000101101011010000010110110110011101111100101100001110110000
00010000000100111100100110100100010011111100101000010001010011101101011110000111
11000100010000110100011011011101011111011110001010111100100001100010101111101010
00010101111101001011011010001110010110000011001001001010101011100011111010010100
00010001000111110100000101100001110111000101100110011001101111000111000000000010
01001100110100100000000000100111000011011011011111001101001111001011010011111100
10001001111000000111110100011111100100010011101010110011111100000101010101001000
11101101101001111011000010100111011011100101101011011001001100111111100001111001
00100000000010010101010000010100111001111001000100100011100000001100011111110111
00010001010000111000101100101000110100110110100101110110100011000001010110110101
01010010101000101100011011010011101001000010010101001101001110111011000101010011
11001000000001010001000010010011111101100101111001101010101011110010000100110111
10111001100111001110001001111100111010000011110011101010011010001110101101110111
11111001010000110100101100011000011001001101000010110111011000011100001100001100
10000110111110001011010011100011111101010010101111000000010001100110010010011110
00101101100010111011010101010001011101101111100101010100111001010100101011010100
01101011001000110100000101000101000011011011100101100000010000000011100011011011
00011010110111100100100110001010001111010111111110000110111101110111011101000101
00100110011111011011010001110001101000010111101010011111101011001000101001010100
10001010000101111101100010111010010001001101111010001110101011110101010011010010
11111101001100111110010100001010011000110011001010011011000110101101010110001110
01011110110101001101110110000011011111011111101100010000000010110010011110001000
01101010000111110100110000110101000010111111000111000111110011001011110000011001
11001001011100101001010001110101111101000001011001110001011101100100011010011001
11111001100100110011100001010101000011101011000011000000010000000101001001011000
00000011110000100111011110001110000001101001010011010110100110101001010010000111
01000010011111001000100011100001100100011010010100101101100010000110010001100001
11010001110001111001100101010111100001011011001110000110011110101111110000000110
00000110011000111000000000011110111110100110100010000100110100000110100111000011
00111100100010100110111110101111110111110110000001011010110111111111111111000100
11111101010000110000001100110010111100110010010010110101000110010000100111101001
10111001010001101001100000111111110011111000100111110001110001110011110010110010
01101001100011011101111111110101000111010000011011000100100010000001000010000010
01011101010110111011111101011011111100010100101010000101001011100110000001101110
11001111101000001101101101000110010111001101000100100111010011110110010010011000
10010010011001100010110010010110010000100011111100111010010111010111111010000000
11111001101111010101011001111000000010010110011111010101000111101101011111000111
00110111110100010111101001100011011001110111101010011000111010110111101010011001
10111001111001001011101101000010111011101001111001001011110000001100111011110101
01000001100100001111010001000000111111011010010001000100111001101000000111010100
10100010111010100111010001111101101010110101011010010001001011010111010101011011
00011110111110101000110111010000100101011111011000000100000000010110101000001011
10100110000110001011100110001011011010000110111110110100011111111011001101100110
10110010011010111001100001100010110101000110100110001101000110110100101000101110
10101001101011001000101010100000101010010110011111000110011111110110000001000100
00110101111001000100001100011000111011001110000011000110101001001100111110010101
01001001011011111101110011000010010110011011100010110000101000110010001001110111
00100110001110001101111100001000000001100100000011011011111100010011110110111011
00110001011101111100110101000101101000100100011101011101111011010101001100100000
11110100100100011110010110110000000000111110001111000111101111100010100110000100
01101100001110101010010101110100110001000100110101101101101010000110110010111010
10011001111010011000100001100011110010000010111110110010110101010110110111100111
00001111110000000000100110101111111010100110111000011100011001110100110100001000
00011001100010101011000111111001100000000100011001100111111101011111101100100110
10011000110001110101101111111101110110010010000100001110001110000111011111011010
01011010001111010110010101111010100011011111110000111100101101010010100001001010
11111011101110000100001101001010010101001100001110100010110110101100011010001011
00010111000011010011001001010111111110100110010001111000100101100000101110110110
00110100000001001101010010011010100010010110000100101111111110011000100000111110
10110101101011101100001000010110011011001110010110000101100010111011101101001010
01100100010001011101101111100001011111100011111001000100001100011011101010011000
00111000010100010001100101111111000001101100101011000100000100000010000000000000
10000111110001010010100001101000111110101111101100011110010001011010101000001100
01101100100010010100110010111101001110110000110110111011000010110011000001100001
10001010010100111010001100111111010010000011100001011111011100111110011001011111
01010111011011100000111101101000110110010101101111100101010010011111110101110101
11000001101011010110001101111010010000100001101100011001110101101001010010100111
01110100110010101110011111100101111111000110110011110000011011010100010011111101
10100001110001001011110000100100110001010011011011110010011110111110001011111101
11100100111010001101101101100100000101000000000111110100000100010010100010011100
00001000111110000010110100010100010000110110001100011010010101101010001010100001
01110000110000100001011110001011101111111011000011110000010011010101101010100011
01101111110111101111000110000000111011001010101000010010110111000110000111011011
11001110011000111100000011000011010011111100111100000011010011011110111111000111
00111100100100101010000110111110000101001001101111110101110100100001000110101100
11010011111000010111110110011001011001100110011011001100111011010110011101011101
10010010111000110111000010110111011000110101111101000101011100000000001100011110
01111100011001101110011000101100101100110101001011100111100111010011000110111110
00101011110111010101101010111011010000101010001000100010100010001011111100100111
10010011001101101110001111010111001100111000000111101111100100001100010111101111
01000100100010010001001001101101111011000101010100110110000010001000111000011101
01111101111000100011111000111001001011100000000010111010011111000010100001101110
11111000110001011111111100100000011000110101100001110001111100001111010000110111
00000110011011110101010011000110000110010101100100101111110000111111010011111101
11000011010100101100010100101101001101010100100100100100001001111010110001001100
00100000011000001001010000001101111000101111111111010111000100010111001001011110
01110000101100111101111010111010100100111001011111011111101010000011010001110111
10101011000000000111000001101100100101110101111100000000000001001111110010100111
00110001111010010111000011110110111010110001000100000101010010011000110100011010
10111101111111100011001100100000000010010111001111100010010101010011100110111110
01111001010111010000101110011010100000011001101101011101011101110011010010010011
01011011110010100111101111101001010000000010010111111110101111000010100000111101
10111001101010010110111001011101001011000111101000100011001000100100010011011001
10011001111010011101001110101000100100011111000111000101101001100111000110100001
01110111110110000100101101001110101110011010010000101011100010111000011110001100
10001101000101001000110001010001011110011010101111010000001100001100111000100101
00001110001010001001001111101001100001000110010101001111111010111010011111011101
10110000001000011010000100010100100110011001000000011000001111111011101010010110
11010100111101101010000101001010001111111101101110000010110000011001110110110100
01110101100010001111110111010000001000110111000011000011010001100100000100000110
11010100100011100011000100100010111110100000011100100100110100001100100010101100
10111111001100111011000011011110010000001111000011100000101111110100101101110111
00101100001000111010000000000011101100110000010101001000110000001111111000111010
11010001010101011010101000111010101010100010000000110010000110111000010010000101
00111110011011000000001001110111001011101111000011111111001100101110001011101101
00001110000110111000011011101110110010101000110001010110000101001000101001111110
10000110110011001011010010111000011011100110111101110000100011111011111101101100
01000101101110010101101100000000011010000000001011011011010010111111111111001001
01001010110110010101111100001010111000111010010010011011000110111011111010111011
10001100100011110010111000000111111010011000011100000001001011110111010001101010
00000111001000011111010110110111001011100000000011110001010111111110001110000000
10101001000011001001001100000110100000100010010010011101010110101010010100110110
10101111000000011001101111011001011100110100010010011000010101000111111001101010
11010000110110011101101010101011100010101001000111111001110101010000001010010100
01101100011110110101100010011010010011000111001100100111110011001101001000110110
10001111010000000001001111001011011010100001011001010001000011011010000011000100
00000011100110100111010000000001110010100110010000110001111000101101101010111100
01001011001010101011110011000000100011001000110111111000010110001001111111010101
01110011010011010000001101110110010110101101110101011001010011110101101100110111
10010000101001010000001111100010100101110101101111101101111011011010010100100101
10001000111100000110110100110100011110101100010111010010101101010011011101101011
11111000010000011111110011101100011101001110011000110011001101000110000101111111
11010011110010001000111001001111001011110011011011101101011011100011010101001001
11000000111010010010110011010011100011011011101100100111111111010010000110001101
00001110010111000101010100101000011010110101101111111010011010000010111110001100
01101111010011011011110100000101010011111010001000011001110000011111101000010100
00111111001110100010000110110011110100111010100111100100110101110010010010101011
10110011110101001100010101110111101110010110011000100101011111001011010101001100
10000011111111111110001010010110110000100111110100110001101100001000000111101111
10010110000110001101110110011011001110010000111001101011101101000011000111001000
00000111111011100100111010111000111101000111001111100101001110010001101011001001
10000001010011101011011111000000010101000101000100001001010010101000111110010100
00010010010101001001110010011010010100011100011101010010010001010010111001011110
11101110111011110100100111110110111101100101101111010100111001010110110010001110
10000111001101001010011000000001110111010101000000110110111101011111010001100000
10011101010100101010100101111101111111010011110010010110001101110000100010110110
00101100011101111111101100000001101001010011001001000010111010100010111100010010
00001100000011111101111111011101110011101010001010000111111011000010110000010110
00000010111000101100010101100010011101100111010111100010010100011101010011101001
10010001100010110100010111100111100110000011001000110001111100100001101100000100
00010110110100111111011101001010111110001111011011110111101010000111011101000010
10011110001001100001111101001100110111001000010011101110100000101001000110000010
00111101010100001111001110110010011100011010100010000011101000110111100100110010
00011011001110100111011000001111001001000100000111101101010001100000101100010000
01111111111100001100111001001111001100101100101000100000001101111011000101010010
11010100110010011101001111000100001010011001111001000100001110011011110111101101
01000001100010010110010111101110101111111110000100100011011011100101010011110000
11110001001100000001100110000111010111011000001011110001010111011100101001011001
11110001000111110110110111110010010110010101010100111011110001101111011111100110
01001010010111001000010101010100100011010111010111101001101001000100111100001000
00110001111110110011101000001110001101101110110000001010001011011011101010011100
10111000000100011110000011001000001110011010000101001001100111001111100000001010
11001100010100101111010001111100111001001111101010001010010010101101010110100110
11000000100110000111000110110110111001100001001000011000011011100110111111111010
10010100011110101010001111011001110011101010010101110010100101011000001100001111
00001111011010100000101110110111100011001110101010101110100100100010000011011011
00110111110111001101101001010110000011111010110001110101100011000100011101001010
01011000000111100001010100000110110100110111001011100110100000111001111111110110
01111101011001001110110110011010111000101010111010111100110101100011000101101100
00111010101101101101000111101100111000010000011001110010011001100111010110101000
01011011001110110111000010111010110111101111001100100010010011111110010110111110
00010011010011011000001001010010101010101111100001011000001010100000001000000011
01010111001000101110010010010000011000001011011100000111011010100101000001001011
00110101100110010011001001110111010100110110001111101101010110100000111011110001
10010111011111110110100111111110100111110011101001110000010101011111110010110001
11111001110011100100111111010101011000001011101111101000010100010011011011010111
01011000101010110110111000001001001111001110111101101000011100010000001100101101
10110010001001101100110101011011000111111110010111010101100100010110100001000110
11110010011101010011001001011100001011001010111010111000010101100000111100110101
10001011000110101100110101010011000111100111001011010101010000010100011100011110
10110000111000001111110001110001101010011101010110001111001110010000100000001000
01101000101001010001010000100000101011011101110110101110111010011011000100100110
11001111000011000111101111101011101110100011101101000101000101100111001111100000
11101011110011010100101011010101101100011100110011111000000001101001100100111001
01001111011110110011111001001011011011000100000001001100001111101011100000000111
01011010000000000101101001101000111111000101011001110010101001011100000001110111
00110011011101011101100000010011101001000100101100010010010001000111110100110010
01100010110111101011111101010110000111111111001101000111011100110011101000110100
00000000100110010010001001110010101111000000110101100111000000100101101011100001
11101011110011010000111110000010101010000111110000101100011001100000000101101111
00001001100010101101010100001011001001000000101000110001001101000111000001001011
11110010111111110000100110011100100111011111100000110001111011110000101001110011
11011010010111100011001001110000011101001100011000111110111011010110010010111111
10101111011011111010000100111100110001111001100110011111110101100101111000100011
11010011110101000100001110000110101101010001010011001000010000110010001110111011
10100110001011011101011001100011110011001110100110110000000111100000001101010001
00000111011110111100011011101101100001001100101111100110011010101011101001111000
00011000010001010000110111011111101010001010100000011110000000101001010010100010
10010010100100010110010010101100000110001000111100011110111111000001011010000100
11010111010111111000001101111000110011110101000100011100011010111111000011101010
10110000101100011111001100101011011010010110010000010111000111011101110110010110
01110110001011000100001111011010011110100101111000011101001101110010110100100000
00101000001010000011110110101001000000101100111100111100011111111110101011001111
00010101000100101010100100111010111111101011101101111010100001100011011110100101
11011110111100001110100100100101000100000110110011101001011010001000111101110001
01111111001000101101101110110110010001000010010111100110000101010011001100111101
10111110101110101000001110111011101001001010011011001100011100001000010011101100
00100010101001111010111111001001100100010000000000100010011001111001101010011001
00110001000111100000010001111001010001000110011010101110001001000101101001001111
11101101001010001110001010100000101000010001101111000011110000000011001001000101
10100101000011001000111110110110100101100011001011011001111110110100101011111101
01100101001100011000000000001010101001110000110000110010111100001011111101110101
10100101100111000100100110001000110110100100011000001000001010011110100000101110
01001000011101110011010001001110011010000010101101101000010011010100110111101100
10001111010101010001010011010101111101111011111010101000101110000001100001110100
01101100110011111101010010010111010111001000111011001101100111101111010010000010
11101101010000001001110101011010001111011000000011001011000001011011101110101100
10001100101110011111111110110111101011100011100100000110011101011110011101010001
01110101101001110001010001001101101001100100101011011010011011010100011011110010
10001010100111001110111111100010010010110110001010111001110100111100001011001000
11110100110100101001110111001100100000100010011011110110101000001000100110000101
00111110110111100001100111010110010010101110111001011100110110110111110010001101
01001001000010001011000100101001110111110110010110111011001000011110101001110100
00110101000100000100011111000010100001100001001000111111101101000000000100010001
10001001101000101010110101011101010110100110010100011001001010010000100110001100
11111101100001111010101100100010011111111000100011101000000000100111011110101100
00011011100000101100000100100111001111010001100000011101101111011101100110110001
10000110110110000000000011110101111000101110110010111000000000001011110011001100
00110000111001000000010000001111111111001010110101011111110110100010011111000100
10111010011110001001010110111101101011000000010110111101111001111011100101010110
01101100111101011010011011101010001101011100110001010111100100001001000000111101
11011100001100010100101100100000000111101101010110001101011101101101101100110001
11000011001100100000100110111010001111010101110000000101110100101101011100010001
10111000011010010111110100101110100100011011101000011110110101000111111100000010
11001111010110001001000110100111110111101011111010010111101101000010011101010010
00011010100110100001001101111010000100011000111111000001100010100111010001100111
10010100110111000000000100011100001000111000100011010101011011110001111101111010
00000100001100101000101001001010111101101010001110000111001010010101001000111110
11111101011101000001110100101110100100100110011100011101011101011111110111101100
10101010010011110100001110011010000100110101100011001100111011001001100000011100
00111110011001101101000101111011110101101111011001011111001101111110001101001000
10010000111101010010010100100010011111010001001111000101110000101110011011100111
10100110010110001101110000111001110100100111010110100001111011000000001001001000
00110111010110111111111111010110100111110010101010100100000101000000101100011010
10100111010111100001000100110010011000100010011100110001110001001110001110001110
11000001111001001001010110001111010100110100000001111101010111001100101111010011
11101110010101001011110100000110011101001010001001011101110000011110101000010000
00000010111101100111110111010001011011110110110110010100010110100100011001011101
01001110111100000110010100000011000010011001111010000101110101001001101001100111
10001010110101010000000110000101001101011001011010100010001100101100010010011001
00000011101101111101101111101110111011001111110010100000001100110110110101000110
11010010111110111010111000010000111101001011100001000110011011110000010000100010
00101011110111000001110001111011111011010000010100010011101000010000101010101111
00010101110101100100101000111111110001110010100010000110011011000111000001111011
10010100011010111110110101101100110011110111101100101101110001101110011010101001
11101110101011001100011001010111110000101001100100011111110101100010011111111010
01000111011100110100000000000001011011101100101100110010111111010011100010001110
11011000101100101101101000111010101001000110000111100000001000111100100011100010
11000011100101110011011100111010110111100110000000011100111100011001100110001010
10001100111001101000001000100101110000001001101111100001101110011001010111110111
01110001011001010110110011110010110011001000010001100001101100011101000000100001
01010001001100001011100111101001110101001101110010011011110000101110111100001011
00001011010011011001001001100100010011111101100101001000101100011111010101111111
10110000011100110000000111111100001100011101101100101110110110010101001101101000
11111001011000000010010011101010101010101010100100100000111111001000110100100000
00100000000000010111001110111100011101011101011101110101001011101111010010011010
11001101001000011001010110100100010011110100100111011011111111110110101111001101
10011010001110010101011000100010111011100010010000010011011000101110011000111110
01010010110000110111100111111101111011011110111011000101110110000110101000111110
00100000111010000001010000111001000100101100110101000101001110101111010111010110
10001011001110001000011111001011001011111010111101111001001100101111111011100010
01011000001001111110100011011011001000111100011010010011011110000000101001011100
01000001010001001101101100011101110101010111110100000011001001100110011010100111
00001100100000111100110000111110011100100110100011000111000010111011110000001011
11001010000100111011100001100111010011101010011010000011101001010111110001001000
10101001100110000111001001001001110110000110001100010100110111111111011111100111
00100001101010001100101100110100001000001110000101001010011100001011001111000001
00010101100001001101011110000001010100010010011010110001010110101001101001000101
10001000000111111000001110000110010010000111010110011100110111101111000100101001
10110000001000011100101111001110010011100001011001111001100011110100000000011110
01010111111000110000110100001110001000000110000001010111011100111011100001101100
10111110111010000100111101101010100001101100001100000111110111011000000111010100
10000001011000101001011100001101000001110101010011100101100011111001000100100001
10110001111001110111011110111110011100100101100011001111000111000100001001010000
10001011011010110100011101000011110111010101111101011100101010010000101101011000
10010011110010010000101101010111000101110100111000010100000001001001110010001101
01111000000011001011011011101111010101001000110010011001100111000110011001110010
10100101111110001100110100101011010100111011001111010101001011011011011111101100
00111101101011111110100111001011100000000000111011011110100111100011010110010111
11111011100001001111110111100000011110110010100010110101011010101100100010001001
01101010000000010100001110011010000011110001011101000011001101010010011001101100
01110011101100101010111110001111111011011000110100000100011100000010001101100011
01001001010011111010111011000011111010110001011111001001010100010011000001000001
01011101010101101000111000100111101010100001000001101100111010001011000000000111
11010001001101110111011000010101001100001110000111010011100001111010001011111101
10110010011000111010000010101001011100010111110000010000110011101011011000001111
11110001010100011110111001111111000010001110101010011111000010111100010110101001
00000000111100001010100011010010010000011111010100100101101000101110101011111011
11001110010101010110110111110100111110001110011111001001111110011110001111000101
01010001010101110001111010110010100000010111110111110110000000000111000100100100
11111011011111001110000000111011000001111101111011001010001001110001100011010110
11110110011110111010010100011000000100011100000100001101110011110000110000110110
00111001111000101001000011010011111111010100011100101000101100111010111111011011
10111101110001101110110101001100111000000101010110011010001001001110100010110011
11010011001110110010111000010000100000100110111001001111110010011001101111011001
10001001110011011101001101100001101111001001011001001100010101101001000001111101
01110110100111000000110101000110000110001111111011100010000110011111101001111010
00001110001101110010101001010011010011001100010011100111111110111001010100111011
01001100000101100100001011100011000100111100101011110011011000011101011111010010
00101000110011001000010100000001001011101010001011010010011111101101011010101011
10100101001111110001110001010001011111011100101010100111000010001100000000011011
10110110111101010110111101101010000110010110010011011000011111001000001101111001
00000100010111010011110010011101011110000110010100001001110110010111010010011100
10011111110110101000000100010011110101111100001101100100111101110100001000011010
01111110111000100000011111000010110111110011011100010000001101100000011001011001
01100100010010111011010000101000101111011011111100111101100111100111101100110010
10000010110100011101110010001010010101001110000001010001000101111111011011101001
00110101101101100101100110000101001101111100101010101101000011101010010000111001
10111000100000101010001111111100000101101110000100001011011111101011011100011010
00110101011000111101000011011000110100010010110000000010001000010010000010111000
00011010100111111010001001101000111111010001010111101000010000111101101100010010
01001101111101010110100101011010100100111010000100110000101011100001000111001010
11011011100100001111011011100101011001000011111000110001100001100100110110110110
11010111001101100110110000100010101101100111011000000100011110000011001011000110
00100010110111010111111110110101100011010010000101101110100101110010010001001110
11000111100001101111010111101011100111111010010111010100101001110101000001001001
00000011011001010001001010100010001011110000011000100000010000100000111100101111
10110010011001000001101001101101111100111111110100110001101101011000100111100000
01100001110110011111010010001000111000110010110101001110000001010000110110001010
01001010011001110101011101100110000101100110011011001000110011100111001000110000
00011110001100011001000000101101001111001010100010110100111010100110101010101110
01001001101000101000100101100110101110000011111000001011011111100111100110110011
01011010011111011000111010100111111010101100011010010010001101110110001100001100
00010111010000110001111011000011101010111111010100110010011110100111111011010110
01100100000001001111001000101110011000110001011001001000001111110010011111001101
01111101001100010100111101011110011101100110111100101111110000010110110101110100
11101010010111101101000110111110000000110010010100000001110101000111010111010101
10101111110111110011101001001011010010100000100011100111011010100110010100100000
01101000001001001001001100001101101001010010000100111000011011010000101111100010
10101100000100100101010100101111001100001100000101010000001101010010001001011111
10110010111011010010010111101111100110110110011100101101111111011111000110000010
01001110001000000111110011010100101000101011010110001100111111001111100001111100
10011011101010111010101101010101110010110010111001011011001010001110100010001111
00010010010110010101011110100010100101100011110101010100100001000111010010111000
10010110001111101100001001001001011111110100101000100101011011111101100101001010
11010101101101001001100101111000111111010110000100101101110110101010101000000111
01001000100001110000100100110101001110111110110000011100111110110110101010101100
01110010110110010011000111011101000111001100001101010101000101000011110000100001
01101001110110010111010110000010110001001110000111001010101000100001010001111011
01000000100100110111001100011101101110001101100110110000000110110101100011101110
01010000000011101111110100101101111110111110101111101110101101100000010011101101
00011110111110101010101000101100111110000111010111111101100111000010111000101101
00010010011100100010111110100111001010101001100000101101010001001110000010010010
10001101101010110101100111101000000001001010110110110110111100011110101101010011
00101010100001000000011011100011110111011001001010111110000001001111011101011011
00010011110111111000111100101010000010010001101100110110010000111111011100111101
01010100111101111100111111001110000110010110000001101000010011111110011101010010
01100110111010001011110011111110110011111011110000100100101110000101001110101111
11010000110110000110101000011011101000111110001001110010011101101101111000001100
01011101000011010010010110010010101111111100010000100011000000110010001011000111
11110010100011110001010111011110001001001101110101010000001010001101001010000101
11010011011100111001000111100011011001001011000110011011011100110010110101101010
10100001100001100010110010001100111001100101001100010110010010010001010000011111
01011110011011001010111110110000001000101100000000100001011101010101000000000010
11110001001100100101000010100000001110001110011100110001100110001001110000010000
00010010011111100100101101101011111010001000010001110111000010101011110111001100
11011010100000111110011000111101001111010001011110000000111110111101011100111000
01000000001010011110000110111101001000010111100111010001001111011110111011111011
01001111011011111001010101111001001110111101110100111100011000001010001111100000
10000101010100010011110000011011110011010101000101000100111111110100110010101010
00110100001001010101001001110011101011001001100000111000000110101100100100110111
10001010110110010100010010001111011011101011101101101000001101100010011101011100
01010010100100000111101110111101111010100101010000000010001000000100110010001001
11111001111111010101111100101001110100000011110100010101111111000001110100011001
00101010110001111001001001110011010011010101000001111111101000000101000101110000
01011000000010001001000000101010000000100101001101011010000000010010010111001110
11100111010001001011001100001101100011010010111111111101001100101010110011110110
01100100011110110110101100010100011010010101111000000011010100010100011111000101
10001110101000011010101100100011010011101001100101011010101000100100110111110000
01001001000010010001010111011010101001011101011110010101001111001000101110000110
10111010010100000110010110011110101110011010111011011100001011010001110101111100
11100001001011000111011101001011010011000001100110001001010000000111000100011111
10010011000101101111100111111011110110100000110010111101010000110100011110000011
01111101001101000000110011000010111110010011101010000111011100110001010111001110
10000011100100101100010000001000011001101010101111010111011110011010111010101110
01010001110110111100100010110000100101010110101000101111001011111101010110000111
00000011101000001110110010101001101010000101111101001000011111001110011100111011
11110111100010001100100001000011011010111111101100100111110010101101111010011000
01110100000010001011111001100110001010010111110111010001100111101011101011010011
11100110001100100110000011101111111100010101000100000001000011111011110101100100
10001011111001111110101111011111100000010101010110111011111111101100111011000110
11010010010101010101111111100000110010001111110000001111011010100011111111110101
11111001010111000010100000001111101011010110101101001000011110011011101011111101
01100111101101100111011010000001111000010111111101100000100010100010100111111100
01010111001001011100111011011011010100101100101011010000101010011101100011100100
01010010100111111011001101011010000001111101011000100011000000000001010010110011
01101001101010100111100100010110101111111011110111011110110010010000101001100010
10001001100001000011110010110100100001000001001111011011011000010011100100000111
11000101110010011001101001101001000110100011111111011100010100101111010111110000
01000010001001101001000000110011011101101010100001000010001001110001111010111100
10001110100111011000111100001101010100110011101110000000001110011100110011111111
01110110011001110101101000110001100101111101100011011000011101100000111100010011
11111011011111111001001000100011010111011011101001010001011010111001001011100110
11011101110110101111110101111001011011110001010001010001101010000000111100111111
10101111000110101010110110011001101110000001100111001111100110101011010000101011
11101100000101000110000011111101100101000001101101101010011100111110011001001111
00111000110001010001011000011101101101000110100110001010010011011110100000110101
11001110010011001111110100101011001111001110001000110111011101111101111001010000
01001110101110000011100100101011101100000110111011011111001010100000000001010011
11000011011001001110100101011010101111000001001100011011100110100101000101100001
01011000010011000011101010000101100000000010100101000011000110100110100000100111
01001110000111101000011111000101110111001000000110101011011010010011011111001110
10111110100100010000110101110110001011000001110100100010111100011110100110110101
01001101101000111010100110011100111010111100000010000100110111100110011100010000
11111010100101100000110000100111110101001000000000111110011101011110111000011011
11011010010101100001101101001101000000001010101011010000000101111011001000111100
01101101001001111110101000101000011001110000011100110100001001000110110101100110
01000101000001110000100011000011110011001111111110011001001001001001111100011100
10100001100000111111000000010110111011001000101000010100000100001011011010101100
01110111001110011000011010111010001111111010101110111001010001100000110011110100
00011111101001001001000010111010001010100010011000111010110100001111001001110110
01100111110001011110111011111101011000100000101000010100010000110100110001010001
00001111100111110011111010111010110101011000000111010101001101001111110000011100
00101000000111011111000001001110110011001111011010110000111001001100110011000000
01110101101010011001100001001010000101000001011100110101101101111101010000101010
00000111100000001000111010010110000000111111100110111001001001111001010010010010
11000010101100110111000000000100101001010110100111010110000110100101110001111010
10000110000101110100011111100011110011010100110010100001101111010101100001011000
00110000011101110111110110100000010110011001010101110100110111010100111110001110
01111110101100111000110111011111001101100010101100011011010101011110001000100011
10100011100010010001100010001101010111010000101101010100101100100100000110000001
01001000110011000111010100011010101000101011100001100100011110111001100001101010
01000001100011001110011111101110110110001001010110101011000110001101110101111011
01010000101101110011001010010011000110100110000110001011111100100000000000111100
01111011111001000011010111101110010000011100101010000000011100110101111110010001
10001001111111010011010011000101110111100101001101111000010001000000101110110110
01101100010001001011101111101100011011010011101100111110000110010001000011111100
00101100111111101011100111110010001110000101110000110011100010011101000000011000
11001000010110000001100010101100100010001100000110011100110000101010001110100011
10010011110110000011111001001101101111100011110100010111010101011111000011010100
00110111100100001011010010001011000111011100100101101000011000001111011100101111
00111100010101100110101010110010001001111000011000011110001100010001111101111010
10111110100010000111010110111111001010001001110101000100011011110001000110101110
01011100000110110010011000000001011001001110001010101100001001110101010000001111
11001011010011000001100110000011001101001111100011111001110101101011100100100000
11111100000010110001001111011000111001110101011101111010010111001111111000100010
01100011010100100001111101111001111110011001101110110111011100001100000101111000
11001100101001000010101001000010101001001001011111101010001100110111000011000110
01011000010100101111011110001010111100100000001011011101000110100100011011101101
10100000101110010001110111010001011000111001100000001011100010110101011001101011
10001000110010100101011000000100011000001100000101100111110011010101110011000100
01001110100101011110100011110100111010000000000111001000100010001000100000100001
11100010101000000000001100100111101000000110001101101110101011000110000111001101
01101010100110001001011100010110011101110100000000100010001000000000100110100001
11101001010111111110111001001110011010001111000111100111001110001101100000011101
01101011000110110011000000001101000011111000001010100000100010011001011101101111
11000010011011111100110111110011101000100100011100111101100100010001000000110011
00010100011100100100101111001010101010011011101110100001110001000000011110101010
11111110111111111011010110011011010111110111001000111110011010000000100011111001
10000001111111001110001001110110010001110110101010000111100011000001000011101111
00010101000101010110100011000001101001111101011001111010011100011111111010100011
11100011001001001000010111001101000101111011100110000010101110101100000100001010
00011111101100100111100011101111001100000101101100011111000110010110111010001000
10011011000010100011101110011001111111000011010010111000101010001110111000011111
11111011000011011010110000111010110111001010011111011000000101010110011001010000
00001110100100100000000110100010100001001010101101101001011111000111101001101010
00110101111110110010111100001011110110100100010111000010100110110110111011001011
00011100011111000010001110010100111000000101101100011101111011011010111100001100
00111000000010000010111100011110100100100101010111000010011100101001110000000111
00010010111110101001010001100110011011010110111010010011100110000111011000100010
01011101011001100000111011100100101101101100011101111110110001111010000000110011
11010000011101001011101111110001100110101110000010000010011010010001111100111010
00010111010011000010111110000110100111000000101101011011110001110101110110100000
00010111100001010101110011010100111001100001100000100000101011111111101110110001
10110100110011100000110010110101100011000000111111111101110101010011010101011000
11110010110001011000010000011110001000000101010000011011110100111011110110010011
01110101111111100011111100111000100111000011101111011000110000001100101011100101
11111011001010111011110111011110011110011111101001101110001001001011000000000101
01101111010101100010010111100011000110011100100011100111010000111100001011000010
01011011011010011111100100001110010111101100101001101101011101011110011001110110
01111101000011101000011010110100100101100010101101000000101101111010110110111100
10010010011100000100100111100000100111110111000000000000000010011101000001101100
11010100000110101001010111010100010100000101101001010001010110111101110010011101
11110100010110001010000100000000010011110000100100000101010010000100100011101101
10010100111010100101101110011111001010101111110111110101001011011100010010000110
10000110100100100010110101110111001000110011101111100101101110101100001000011110
00011111010001000110101100000111001011000001010000011011111111111010101110011110
10101110101111011101011010000111110000001110100101110000001101011000000010000100
10001101010010111000001001000000111111101011011101110111000000011111110011110010
01000010110001001100111101011111001100000000111010011111011111000100110100111011
01110110111111001001111111110100001101111010101111101011101010001110101110101000
00111001001000010111000100001100011000110010110100110111101000011100011010111101
10110011010011100010011001110001000101110111011101111101111011100010010011000000
00000101110100010101110011000111010001001011011101000011001000111001111100111110
01110111000111000011111101100111111001100100000010001110010010110001100001000011
01101001000001011010010110010000100001011101010001111111101010101011101110001110
10011001000100001111111011001110111011001011000100100111000011001001000001110010
01011110100000011000010000111111001010111110110100011000100001101111110100001001
10101011110010001111000101100011010010111000000000001110111011110100110000111001
01100001000000010111110100101010001111101011101000100111010011011001100001111101
00100001110000100111100111101100111111101100101010110010100010111010111000110100
00101100001011100110100110101110111100001000001110000110101001000000000001110110
00011010111101011001010101111011010000101001000011100110101110011011101011111000
00001011010000010000000101010000001110010110111010001111010001111010100001000110
11111010010110110101000101110001111000100001101001111100110111111111000110101001
11101010110111000001010011111010111011011001011101010000111110010110011111010101
11000101110111001001101001100111101111010101110010001100111110101100001110110110
01100000100110110001010111101110110000111000010000000010111000001100100010011000
10111010000110100011010111101011100111010011000011111010000101100010010110110111
10101110001001000000010110000101001010110110110010100001110000001001011110001000
00100101001010010111100100010000011101100110011101001010100110110011111010001011
11001011001000010010011100000011010110001011010110000011100110000000110101011101
01000001111100110011011100011110011111001111000101110101111100100000101000110110
10101010101001011010110010110011001111100111011000001001110000101000000111101111
00101111100010010101100100110010010001001100110101000111101101011110101111101100
11101100110111100111101111011101100001111011110101011101110010110111010110000010
00111001110011010010111110111000111011011101011101010010101100100001001010101000
11000001010001010101001111100000000101010010110101111101011000100101011101010111
01011111001110101001101111110111011000100111111101000111011000011000101000110101
01111110001010000101101111000011110110100110110110111101011100001010011101110101
11110110000011111110011101101111110000001000010100100111010100010010010110111101
10100100101011110001111101101101111101100011010001010100110110101000010100001010
11000011011100101010010100110011110111100011011011010000100110011011100011011000
11100110101001011011100001010011100000100110111101101011001110100001110101111110
00010110101111011001101000011111001111110000100001000000010010011000100011000100
00001000111001111000001001111000100100101000010010111011011110110011010001011110
01101101001111101101111010001011111001100111010100000001100111101100011010011001
10111101101101010110111000011000001111010101010100010100010001000101010011010111
00001100000010000010100101111111100110110010011110000011000110101011011100110100
01111011111001010110110101010101010101000010100101011100100011011001001010101000
00110101100011101101110101101000100101001000111100011110111111110110100101110101
10100011011101001010010101011100001010000010001011101110101011101111001000000010
00100101001001001111101111010001000000100011100011100011000100100011101011010011
01010011111010100010101101011011110011110010101000111000001010011110010110000011
00111010110010000000000110101010101101111100011010011101001011001001111111000010
00011011011101001101011100111111010100000101110101100111111111001111011001001010
10010001011100001001101101111110111100001110011110111001010101110001100000011111
00000100111011100010001011001101101010001100010101111001000100100111101111000100
10011001001001001000000111101101011001000111101110011011111101010000011010011011
01101011000110010100110011101011001001000101101000011100001100010011011111101100
10111100110100110011111101100011100100100010101011111100110101110101001001010000
01100100110101001010100100010010101011000111101101010111101111111010101110101101
11100110010000100000100101100101100100001000100010101001100111101001100010011111
10001011011111111100010010000001101100110010110010011101100010000010101010011001
01001100010100100001000011101000000011111100001000110000000100000111010010101111
00001001001010000110001001011011111001010010011011010101010100010011011011100101
10110111110101001110100100101101000001110001100110101001101001100000110000010110
00111001110001011110010101100000101101000101100100001100100011001011110000010010
11111001100000101101011011000010011110001101011011011000111011000110001011111010
01101111010110100001011101010101000100011100001011010011100110001010000010101010
11101100111101111110010010010111101001000011000011101001111011011100111011110011
10000000100111100111111000000101111100010011100010111011100111000111100101001011
00100011111001000101001000011010101000111100100000011011100111001010111101001101
00001000100011000010100010110110010010000101111010101000100111110101000000101100
11001010000101111011101000100110001111101100111101011111001110111000010111011001
01010001111110010111111111110010001101011110101100100101011010000111001000111010
10111110010011001000101011000000100011011010000100101011010111111010111011011111
00110100010000010110101011010000111010011001111011000110011010101101100110111100
11100100100101100010101110001110111101100000110101001010000111110110111100010000
00011010100100101000001000011111101011001001100000101000111111110010101101111011
10010101110000110010000011101011100110011100000111010101011010011011011010010001
01011110000100011111001111111110011100001101000010001100111101100001000000100000
11010111001010010010000010001101001010000010110100111110110000010010000011000000
01010100010001100011100111111101110000100010111000000011011010000000111101001110
00100010100011011001011000011000011101110011101100101011110101101011001110010110
10100101000010001111011010110110100110111110011010101111000111011111100010100000
01001111000110110110011000000111100110011111011111011110110010111100100100011010
00101010011100111100100100011001101100101011110000110000000111001111110010011000
11001100100001110011000000101111100111011101111011100010111000000010110011011101
10010001010010100000110101010111111010110111100110010001000001100000010101110010
10110111001111111001111101100010110110111011010111111100101001000011000010000011
11001010110110010101000100111101010101011101101000010011001110111000100011001011
11000100011000010011010010100110111010010110101001110000011011010011001111001101
00101111111101011110101011111000100100010011101010010111100100000001100110101000
00001100001101010011100101000101010011110001101100011111010011000001100100101110
11110010101010111100010001000101111010100011110000101100010000011000111110100001
01011110111100011111100011101000100111010110101101110110001000100001101011101000
11000101110110101001110010000110110010100010111110100010001011000100000110000111
11101010010011111001110111110100001111000101101111010100111011100100110111001100
10010110110011000101100011110110011100011001110101011101011100111001110111001010
10110111010110111000100001010000010101010100101111001011000100001110100101111001
01101010100010101110110100110101100010011011010100001001101100100011010010100011
01000011100110110001010000001100011010101100011001001001110011110101110111101001
00011101001010110100111011100011100110011101001011001001111001010111101110000100
01011100101100011010110111101100100110111101110101100010111101111001110111111010
10001000010111011000001001101000011001010001010101111010100011101101011100100010
10110111111001011110010011010110010010111010101111011011000100110011110011001001
01001010100001000011111011000100110000011011110110110100101000011001000100010001
01100001100000001100111111111101100101100111101101110001100011101011011111011001
01111110101000010000111101100110100011010101101110111101001010100010111110001010
00010111011101010110010011001110101101000001010001000111010011001011000010110100
11001111111100001111101100011011001010001010011001111000000101011110111001101101
11101101110110011010010101100001110011010010001010110001100110011110000000111110
10001100110101101101100100111101000011110101000110001110111101101011001111010010
00110000011111000001011011001100010001111000101101001000110011011110011101010011
11110000111111101111111101010111011010010110001101001111110101011110000100001011
10100010111010110111010011111101000111100100101011110001111110010000101000000101
11011111010101111101110011110011011011110111110110110100101001010100101010000100
01111111111101111111011010110101100101000101011111100101100010001111011001110010
10001111111000100011101000001111110000010010000110101000100110111100100100011101
10100110111010111011110001011010010010011100001100001000001111111010010100001001
00111011110010011101001101100101101101010000000111111000011101011011010111010100
11101101000111100000000111101010110010110100010001111010100011111111110101110101
01110001010000000001101001111101111101001111010011100011101100010100001000100000
11010010011011011011110101111011111001000011101000101111100110001110101101101011
10111001000100000110000000110000011110110000011001111101010011001101010111110001
00011010010110111010000111001001001000111011011011101011100110011100101011100010
11000010101100011100001000111001011001010111101110111001000011001101111011011011
00001010100110000101011011000100111111011011110100011010111010101011110000000111
11010011001101001101000001111000010111010001010110101010100001001110000011110100
00001101111011111010010001100110101011110110010110000110110010100000011001111100
10101000100110101001000100010011001110101110110000001010000001110111000001010100
10111010100111011110100111110010000010101001110000000000111001111010111011111000
11001110100011100011110011010011010101011111000101100100110000111100101010100101
11101111001001100101100100101000011001010001111011001110000010001011101000001100
10110001101011111111011100000111110100110011001100110100011100100001110000110011
00000100011100011011110010100100000101101100111001001001110100010001001100010011
