80 1023
11110101000011110001000111001000001000110010011101001100010111001001100001000011
00010101111000110110111110010100000101011000101011000010011010011101110000001110
11001011000010110011011001011111111010011100000010101100100111011110011001101100
10000101001011100011101010100001101110100101111110011101001101111001101101110010
01110001101110110101101110010001111010000101000010110001110000100001001001110110
10010010000000011001101010001011001011000110100001110110100011111000111001001000
01010100010111111101101011010110010110110101011000011101001000100001000111001101
01001000001000001110010100110010000111111111111001100111111010011101100011100001
00100010001000000100011110110101000011011010001110010110011110111111111011101011
10000011101100111110000110000111100011010010101000110101110110101010000110000110
00000000011110111110100100100110110100100010110010000111000010001110110011010111
00000101001101010101111100010111110000111001001001100000001111110011100000110101
11001000111110001101101100010111001111011011000000110101100011010011010000110110
00000101011011001111110101110101100010010001101010100010101001100111110111001110
00011100111100011010111110110111000110010010000111000110011101111110110100001101
00011100110000101010110111010011111110100110000000001110001111111000110000000011
11011111010010011011110110011001101111010011110100000010100000100000001111110101
11011100110011110100010010001110011101111001101100011100100001001010111101011100
10010011000111010111000100110100011100111010101110010110001100010110010001011110
11110110010100110010000011000101001111010001011101110111100111100001000000001111
10010001001001101110100001000100111010101111110001100111010011101100011110111010
01111111101000011100001100100110000111100100011000010010001110110101100000000011
11001010111111101100000111011010000011011100111000100010110101011000000010000011
11111110100011000000001101100101011111011110111000001001100101010001110110011000
01101110101111110000111000101100111110011110100001110001110111101011101010101011
01000101101111100011010111010101110110001011100100111010010110010010101011111010
00111111010000001010000111001111111000100110111101101100010111101110100010011000
00010010100110100101000001111111010101011011101010010111010101011001001101100010
11000100110100111000000101101011000000111010110001110010010011101011110010101000
01100011001000111110000110101011100111001010111111101001001011111000011000001010
00111010000000110001111110110100111011110100100111101001010010010000011100100000
10010001001001001010100101100100110101010110001000100110100100110000011010101000
11000101110000011011011111001110100001111001100111101000001100011100001001010011
00111010010110101101111011111011100101101111001011011011001010101101001000010101
10000111100010100000011000010010110010000010101011110011011110101101100111011100
01100011110101110010000001111000111000011010111011001000110000011111011101110110
10000100000001011010010000011101110111100011010111001100110101100111100010101011
10011101100101101001110101111000100111100011111110100111010110101101000000010111
10010010111001101110010011010011101110111100100001001100011101001000101111101011
01000111111010101111111011101111100111011011110111111001101000001100011100110010
01000001001011010000010000110110110010100010110011000000100000010100110111110000
00110100101101100100100110001101101100011111100110101000000111010110011001000101
11101110011010101111010000010101110000100111010010111011101000011101001100011101
01101010010000100101110111101111101011000101011011110100000001001101110111100110
00001000110000011011101000000000001100000101100110001011010101011011101010000001
01111001111010001101011000010100110000010000111010010111011110110101100110101101
10010001100010111111100000010011001100101100000111011100011000011100001011101011
11000010111101010111011001001001111011000100110101110001010011010110100100111101
00111110010010011001100100101111001010001000101101010010101111101010110010001110
11001011011101010011111111100011000111000010111111110001111010111001100110110000
11011100110011101101101011100100110001000001111100001000111100100000110011100101
00110100011001010010000010010010001011011110100111010100111001010100110101110001
00010011100110110000110000111100010110111010100000011010011110110101111101101010
00010000111011110110110001110011001000110010010011010100011101010111011110001111
11110111110110111001010101001110111010110011001100001100100110111011001111000001
11000011000101010100110110011100010101110001111011100100000010111010011010010101
11000001001000001101011011101011101110011011001000110101011010110011000111101110
00001001100001000011001110001101101010100001000111110010110101001001000011110010
10111000111111000110010001010000000100010111011101100001011011100110110001000100
10011110000110000110010101001101100101111011110110101110100001100010000100110011
01100011010100001111101000111110101010010111011101000000111001100011010000001010
01010000110001001101101111010100101011010111010111100001010000000100111111101010
10001011011100000111111000000001010101111110100110110000110010101111011110001110
10110101101001101010001100000010000101110011001000100110000100101101010010010011
00101101001100100111101001010100100101111100001101010001110011111001010100000000
11101100010101101011100000001010100100000100001001011000100100000001110101001110
00000010111011110110100010100001001111110111101111111010011000110111110100010000
00111100011110110110101101000010000001111101001101000111011011010001100110101110
00110000001110101101110110100001011000010100101010010100001110000001011110111011
11010111101011100100010111100110110100010011001111011101100000001001110011100011
01010110000001011110111011111110011101100111101010100100110001110010111011101000
01011110010011001000111110011110111000110011010110111010101011100110001000000111
01100111100011000011011100110011010101110010100011100101001000101000100001011001
10010110000011111010000000111111111001010011110011110010110101100001011001010000
10001100000000100100011011111010011011011010000000110100000001110011001010101001
01010011010001101001011001101011001100110110001000010111110010111101010111011100
00111011110011011101001110011110011011010000011111111111001101001111010101100001
00011111110100111010010110011110001000000110011010010011111101001011100111101101
11101010010100001010111011101011101010010110111011010101101001000010000010110100
11100110100100111101101110011101110001010001010100110010010111000101000000100101
10010111000000010101110110001000110100101001111101011111011111100110000011011111
00010110110110100001111011110100010110001001111010000111000110011010100000001011
10101011100011101110011010011110101010100000100001111110101101100111100101100010
01110001100011111101011011110000000010011001100100111011100101100000011100111101
00011100111000110001011001011101110011001110000100100101010100001110111100011111
11011100010010111110110100100111101111111000001110011110011110001000110101000011
00110001111111000111011011000001001100100010010000101011100000001011011011110010
10110101101101000010010111001111101010011101011011100011011011000101101000100110
10101010000110000000100101101110010111010110010010010001000011111001010011101100
10101100011100000110011100101011100000010110110011110001110011111101100101010001
11010100111101000010110000001011110111001011101101101001110110010100101011000001
10101010111001101111110001000001101010000010101100111001111010101100110001101001
00001001100101100101100010001111101000011111100110111001111101001100010000110010
01110011000001001011001001111010001011111111001100000100100000011011111101011100
10101110010101100100110100101001111010110101100101111101000101011111101111010100
01010110010011101000010100001011100101111000010010110100000010001111001000110011
00010101111011001011101010011100001011100110011010101010110100011101101110001100
01010100110010010111000110011010101110001101011010110100000101111010011011010100
10010110110011101110011100100000010101000011110000000010000100110000011011010011
11010000111101010100010010000011010001101101101111111010001111111100111100111110
00001110111110110111100100010000111011010001011111101110000111000110011100010110
11011010000100010100100111000110000011110011000110010000100000001010000000110011
10010011111000010001001110100001101100001000001101000101100111111010101010111100
00001011001111101101010111110011101011000110001010000000000100000110101011000010
11111000101011000101001011010100011100011100110000111111011000010000101100011110
11110110000001110000110001001111101000000011111110011001011101000000001100010111
10001111101101010001100111111001011101111100000110001001010011001000010100100101
01010100100001011010101111101000000100001000111011001011110111111100111100010111
11111111000110011111100000011101010010101011010111100110011011110000001001010001
00010110000110111011001110011000100100111010100101011100111010000010100011010100
01010000101111010110110001010100011111111110011011011100010101010010110110101110
11111100001001100101111110110010011100110111001111011000010110100111001110001111
00111001000010000101110100110001000100000011111000010111111010101110111101111011
01010100010101001000011110111110111111100010110100100110010101100001100010010000
10011011111111011111111001101110001101011001100101001000000100100111111101101101
00100000110001101100110111111001000010110111001101101100110110101110001011100001
01010100101100111010111011010000001110101010001001011010010010111110000001011110
01011000010000001000111101011100110011101100010111110001000101110100100100111010
00000001011000100110011100111011010010110011000110010010000010001110011100101111
10011111010001010011011111011101001000100110010000001101011101111000101111111111
00000011101100111111011110100000001101000011110010110001001000011001000001010000
00101010011000010111010011110101011110111100101000011101100101010101101001001101
01000111110011001001001010011000000011010000011011001010101101101111111001011001
11101000100010011101010110101100110011100100010010100000011110111110100011101100
10101001110010111100101100101010000010010001110100100000110000001001011111100111
00000100111010011101000000000110100110010011001001010110111101001111001100001111
00000101001101100101111110010000000101001100001000011000011111110010010001100100
10010111100111111010001000001101100110111011110000111001111000000011010010110001
11010110101110101010110101000000101110100111111111011010010010001000110000011011
00100101001010111011110011110101011100001110101001110110100000010110110010110111
01010111100110110111010001111100001011011001000011100110101011100000111111101010
11011110110110001111101101111100101111101010001111100001010001100010110010100011
00111010000111001111110110111011111101111010000010000011100110100101110011101101
11110000001110010100110101011010100100000000110000001101011111100010011011111011
01110010110110011100010110010111111101000100000101111000011000000111111001101100
00101110001110110111110111000010111000011010001010110011100011000111100001100110
11001011001110111110111101100010100101100010110100111011110100011011001000100011
10000111011110000001100001110011110100101100111011000010001000010010010010010111
11100001111011011111000110001101100011000111101101010011111000000101011110111001
01111101011011000000010110101111001101000011010110000100001111100010011101001010
11010010100010101100001001001000110110101111100110010110101111010010001000111000
00111010001110100110011100001111001111010111010011111010010010010001000011010110
10111110011111100111010001001101110111110100000100001110011101001000111111011000
00011011011000011011110001110100100001101010000101111010111100100000101101001100
01110010000111001010111100010001001101101111001100100001011001011101010110010011
10010100100010100011001001101101000000010100000100001001101100111000110100111101
10001110101111010010011000001101010111100110000011000000100101000101100110110100
00110011010010010000011111101100000100101000110000111110100111100110010010100011
11010111110111001000001101011010100001101111001101111001001001100001000001000010
10111011000001100010110101100100011001101010111101111010011001001111001100101100
10000110110110011000011001011111111100110110000100001100110101110110100110010100
01101111001011000001110100001111101111111100101110101101000111001101101110011110
01000100011000100011101011011000001100001110010000010010010100110010000010000101
01101001011110100011010000001110000000110000010011101100101010100000100111011100
00101000101001111010110111001011110101001100011110011110110011101000110110011001
00010011001111000100100010011101001111010110001000011101000101110001001100001111
10101001010101100110111000000001010011011110010101101000010010111001111000011101
11110100001101110110100110111000000000101011000001001000000000100011011110000110
10100011110100011001111000000000111001101111001101110110011001011110111100001000
01110010101101001010000000000101010111100001100110100001011000100110101110010001
01100010111000000000000100000011111110111011011011011101100100011011100100110010
10010011111100000000100110101010110000001100000101010101110000110011010101111101
01101111001001111111111110111100011101011100010011111100010011110010001000110011
00101001100000000111011100000111010000010101100101100110000101011100001110111101
10110011011010110111100110010010010000111010101111111000110011100011000111000110
00000100001101010110110011010010101101111111101100011010001010110001001001101101
10111111111111101111000011000110110110100000010010110000000101011101111111000101
00001000100000001110110110011100101110011010010000001000001100110111000110100100
01110111100011011010110010011111001111101010100011000110100100001010000101000000
00101001001011110001011000000101011101011010001010111010010000100010110100110110
10010010000110001101110011000010001101011011100100011111111010011110110101001001
11101111110110011110010010011000101001000101000001110011001001010110111110100100
01100011110001001110100010111111011111010010000111010100101011000100000110100010
10011001100010111010010001010001101001010001110101101010100010111000111101000101
10001111001001010000000100100010011101001100111001101011010000111001000010101010
10101010111101001100010101011101010001000000110011110000011100011100111011110011
00101001110011100100001101110010000001010111111110110010111010001100011011100101
11001000111111001010100111100000010011001000010001100011001101010110100100011001
00101011101100000101111110110101000000011100100011100001111010000010101100001011
00011000110011101000010001001101011000101010011110101000011011110000001111000110
01000010111011011110101001101110110100001001110101110110100101011111010010011100
11111011100011101101000100110000111101010100000000100100001110100111001101011000
00010011100101110100111101000010101101110111101110101010111101011101010101110001
01001001000000111011111101101111111110001000101111100011010111001111111111110111
10101100110011000101010010000101111000001101010110011111001101011010100110001100
10101111101111000111111000011011110110011111111011001000101010101000100010010011
11100111111110111101111001100011011010101111110011010010101001001011010010111100
11100101000010010100110110000110000100111100101111000111000100101110001110110010
01111110110110001001010100101001100010101101011110111000110111101000010001101010
00101000010100100001000011010011101001010000101000101110110101111100011011000001
11110011010010111101110110010000010100111110011000111111000001010100100011100101
01100101100010011101101111010111010011000100001011011101100100001101101000111111
10001010011110110111001100011011010110111110010000110001111110101110011000010010
11101011110101100000000111110010101000000111010100010010010111000000111000100111
10110001110010011000001011111000000110010010001010000111101010110011000010111111
11101101111010001000110101101011011101101001100001000111001111001001000001000101
11000011000101110000111010100101001111100010001111100111111000100000011001001001
00111110111100100101101101001101010111101010001010001010100001011001000010000011
11010011011010101010011111000111100000010001011110010111010100011010010011100100
10011000001011001010010011001100101001001010111001101101110011000110000101010010
00001111100000110110110010100111100100111100001011101000001100011101101011010100
00010101011100001100101101001011011110101110110111010100011110100011010101110001
01001101001110110100110100100001001010101101111110001111110010100100001100110000
00110011110111011111011000110101111000001001000000010001000110110001100011110000
01011111011010010110011100000011011111000111110011001000011010010010101000111100
01110011111100011001110010111111100011001010100111111110101011010110011100100111
00001101110001100001001100000101010100111010010111100100100110010000010100110100
01101000111011010111111100000111111000100110101001011110110111101010001001111100
10110111010110101110110000111111010000101100110001011011100111010110100111110110
11111001101110000011111011110111111101100001111111000011011100101110111010110000
10010101110000101010110100000110001110000011100010110001110111011010110101100100
00001110110101001111001000010101100011110111101000101111110010100001101101011010
10110101100111110001000100111010011001100110101000011011010110011001001010010110
00100110000001111001011011011011011110000000100110010100001000011001001111001010
00100100100000001110001111111001000101011000001100101001110001110011000011010011
01001000100011010100011010100110001110110010010100100101010110001001000101110110
01101010111010010011110000101010101000110100100011110000011101001101110000010001
10111100111100001111001010100000111011111011100111000001001111101111110101111100
10100101000100011110001000110110010011101011011110010111111011110110101000100101
10110111100001010111010101111001111111011110011001110000000110010010111011100111
00100111110011111110111100010100110010010101000011000110100110010100110100011001
01010010001100100011011010010100101111010001110010100100100110010101001001100111
10011100101101101011101111001100011101111001011111011100010101001110101010000100
11110101101101111010001001101011100001001110001100011011011011010101010001101011
11010000101111100110000101000100010110000110011100100111100101101010111110100111
10111000011011110100010010101111101110100111011100001010010100011101110111100001
10010100111010001001011011010010110010101111010010110000110100000100010011100001
01111110001101011111110111010000110010100111011101001111111011100111100111101101
01010010110101010010110111011010001000101101000110011010000011011100001100110110
01111100110111010010000001110101110100111100001000010110010111011000100001100001
11100001000111100111110110000111010101110000111011001101111010000101110011010011
01001101101000100000111001001101011001001101100001000000100111101100110101100010
11100100110110011100110001100100000111011100110010011101111010110101001011100110
00100010100101000001001000110100001110011011111110111010111001101000000110110000
00100000011111101110010010001101000000000111000010010000001100000010110101110011
10000110010011001000111001001100001100110100111111101011111011010100011010001000
00101000011001110111101011101000001111100110000100001100110001011011101110101010
11000100010000011001111011011001101011100110111111111000011000010111101001111000
00001110101100111011010101101111100011000110101000111111011011000000111010111111
11100100001001100101011100001101000110101100001101101001001111101111010100010111
01111001010110011001010000001111010011100000101110001110001111000000001011101000
11111100000111100100010100010110100010110100110100101010000000111000111010000000
11110010001000010101000100111100001010011011100000110011111111111000100110001010
10100100110000000101000110111011010111000011000000000000000111001100011100001000
00000001110110110100110111000110010001110001000100101110010110111100010101111001
11111111100100011110111000101100000011110000010101101110001001010001001000100111
00111001000111000011101000011111100101011001111011101101010010111100010011110100
00001100001000011010101011000011000000000011100101100111110001101111110011110110
10110101001100110101000001100110000110101111011100001011011110110011110110100110
00000101101010110110101100010010001010000000001111101010001110010101111001111011
00111011101001010101111111011000110011110001010010101100111110111101000111110111
01110100010011010001111010100000111011011110110111010000001010011010010000100111
10101110111010010001000010011000011010011001011000010011010001000011100111001101
11110110001100100010010111101011110000110001111001000010110001101010011000111110
10111010000001100001111101101010111001101011010011010010100000011001011011111010
01010111011011100110110010001100111011001010101101010101010000001100101011010100
01011111011110110100011100111100000100011011110100011101011001100110010101111001
01000100010101010101101000000010110011100100001010001001000010011101001111111010
00001001000001110011100001110000111000100110000001100001011000110110111001100110
01110011101001100001110000100010011110000100110010101111000011010000110101110101
00100000111111000010000001011110011111110101001000010000001101100111010100001011
01000001010110001100001000101010001100001111101000001111001111110010001001101100
11101011011111011101001111100001011101011101100111100110111101110011100011000110
01010100111101010011010101101110000101110000101000100100100101110100000010111000
11111000001001000101100100100111000011001011110000110100101001010001010001011101
00011100011000010101111001000110010100011111010010101001110010000111111110010000
11011101001000000111101000010111111111110001101100000000110100110000001010011001
11011001111111010011100000110000101100101011000011100000001111100101010011010110
11010100010010010100110111001011010110101011000101001101111100011010000100010101
00000010010000000011001010111010000100011010010110000010111100010100100100110101
10101011001011101001000101100011100110100101110000110110010101000010110101100000
01101100010111101000111111010101011000111110101010011010000111010000011101001110
01101111110000011110011111001111010111101011001001010111011100011010100000110011
10011110001111100110011001000010010100010101000011010110000110001011001000010101
00011110101001011000011001111101101001010000101100000101101111011001100011101100
01010001110101010111111010111100001001000011100000100010010101100010010010000010
10111001100010101101110101101011011010010010010110000111000101110000010000010101
01101111100101111111110011001100011100111111110101101011101001011001001111100100
01000111011001011010110111101011010100000001001001101011110100011011001010110100
11111010111110111100010101010011110010010001001010000101110101011100110101000001
01100100011000001101100110111101111001101010111100101110111011100000111001011101
00111100111000000000101110110111001001000110011100100011111000100110110011000001
11101001111001100011000111010010000000000101011110101111010100110100101000000110
10001010001110011001001111101101111010000011110101100000111000010000100010001110
10001001111101111000110111011000010000001011010010101101111100000111000000001001
11011100101010110111010101101010011100100010111101000010100001001100011100111100
11111000101001011100100000110110000100011101010011010011011100111011001000110010
00100001100010010011101110101011110000101111111010010101001101011101111110101010
01011001000001111101010010010100111001100101011011001111001100110100100011101000
01010111110111010010101010111111110101010000000011101000010001101100101101110011
11101101011100001111100111011011001110011111010011010111010011010011101010110001
00111001010011101101111011010100000000001110111110011111101111111001001001111110
11110011011101010100100110000010101101001110111110011011111000101000011011010111
01011010001111000000001111101110011101010000011110000000111110110000110110100100
00011000111100001101000101010110111001100110000101101000010100010101110011000101
01011111111011110010010011100010010000100110011001010100010011000010100100100110
11110100001011000111001011011010011010101101010100000101111010111101010110100001
01101011101011101000000111011111010110011001110100101010011001100001001001100010
00010011001110100011100101001000111010101010110011101000100000000111010101011001
11010111101011001100110011100101001000110001111010111110100111011101101111000101
11011000011110100000010101100010110001001001000100000000111111110111001100100000
10100100110011100110100100011101110100001010100000101110010000110101001110110111
10011010010100000011111110100110101011100011001011001011101101001011110101100110
00110010100000001110110111111000010011001100010110011000110001111010110001011110
01110111111110100001111100100101011110000100111100100000001000100101011000101011
01000000000100100011001001010100101011011111111110011101101110000011000100011110
01110101111100000111110000001000101101111110111000011100000111111110101011110111
00100000101010010110011011101110110101011110101010011111010011101000001001101111
00011111000000100011101001101101110111011000010011000011000011110001101001011001
00011000111010110110101010111011101111110001100011011001000000100110101000111010
01000001101101011000101100111111010011001100000011010110101111110100100110001101
01011011001111111101011011101111000111000000010110100111100101111100011011011110
10001000010010010000001000000001001011000000110000101011111000111000101110110100
00100000111011010010000001100011001010110101110110011010011110000000000100110110
10111011001000010111010000010011110100101101000011011010011011011010011001001011
00001110101010100111111101001110100110100110001011111011000001011110001001010001
01011100011000011011101010110111110000000101101010110001101010100111100111001000
01111101010100011011001111110100101010010010001110100011101111010011101110111100
00011111001011110101011000000000111001110111100000110111111101100111110000110111
01010101011000010000000000110000101001001010011101010111100111111010101110100000
00110110101101001101100101110011000111100000100001001011110100101111001000010100
01100000001111100011110110101101111011101110000010101111011110001001000001011010
00100110000111100100011000111111001101000000001110001010000001101011000101101111
00001100011010000000011001111001111101001101111100101110001100110100011101111001
11101100010111111001110100111000010111111110111011010101010010000000011110001000
11101001110001110110110101111110000101010110011011010010100000100011000111011011
11010111000000100010000010000001100000110010000110001110100111000000011010010110
10001011000100001110011101001001111101101001101001100001100001100110100101110001
00001100101101010111001110001001110000011001010011010011001011110110010111011001
10010110101100111110110001001100000101110001010101111011110001100000101011001111
00100001111101100011111000100111110110110011010011100111101111110001011001011110
00011100011100110111100010110011011111111110001001011000110001100100001010111101
01110100101111010111110010001100111011000011000101000111101001111001010001110001
11011011001111100110110011001011101001001000011111001111100000010011110101110001
01011000110111001001000111111111110110100011001110111000000101011001101101111001
01011010110101001111110111101000110100011101100001000011111010011001000010101010
10101001011010011110111010100101001101110000000000000101101001100010101111111110
11111011110101110101001101100100110110111010101110001111101110010101001001010111
10000110101111010011110100111111101001000011010011011001100011110011010011011101
00011110011101111000110101001110011110000011011101001011011010100010010110011100
10110100100100011010111110101111100010101101110000101000011110001110110010111000
11101110001100000111011110011101010100111100110110001000110101000000000101010111
01000111001100111101101100111010000100111100110001110110101000100110111011010100
10011100100001111011001001100100111010000100101001111100001100001100110001101110
11110100011111011110011010101110101000100001100111110011010011100110100110000010
10110001001011110001010001000011010100010001110011001100110110001110011101011001
01001011111100011000010100000011100000100101100001010010010110101011010111001000
10101010000111001010110111010011000100111111101000000100000101010011001001111010
00101101001001101001010111100111110011101000110101101101101000111110001101111010
10100001010010110010000111000100011001000011110010111000001101011010110011000100
00110010000010000101000011001010001001101011100110010101111111000000000000111101
01100000010010001010011100110011111011001111101001000000001001110001111111001011
11110100111001100011111011101100101010101011101101011101111111100110100011101010
00000010000010011001001010010011100001100111100101111011110001100000001010011100
01101010111010000000110100000010111011100000001001110100110010011010110110000111
10100010111101011110101011110010111110011111011111010101110110111010000110010000
00101100001010110100001010011011010100001101000101010001011111000001000100101010
10010110100110001101001011100011001000001011111011101110011011011110111100101100
11100100100111101110100011001111000111001111011110010101100101101100001010000000
00010011111000011111011110111001000101101010010111001110010010010011101001101010
11100010110000000110111101000110000011100100001000000111000011110000100011010101
10010110000000100110001001010001010010100101011011100000110010011101110000011010
10110010101000001001011110100111000010000011110001011100001011000011111101001010
01110101000010000100000000110010110001010011101111100110101000110100011101110111
00100001011010001111111001001101010000111101110110000011001101011011100000101100
10011100100101101010011100101010101100100010001010110010100111101111001011001101
11111101000101110010000001010111000110001101111100110000101000010000001100110001
11111101010101001010101101111000100111010110000111000110111001011111101000001010
11010110001000001101000001111010111101110000001101101011010001000101101100000111
11011111001111101011101101101101111111110101101111110011010100110101001000111111
00100001010100101000100001111011101010010000110101001011000100110111011100111111
00000011111101001101100101010100001001111100101100110101101000011000010101111101
00011110101010110110101111111000010100111010101011100010110010101101100110011000
00011000100000010000001110101111110010010011001010101010000111001011011110111010
10011000110001000000110011111001101101101101100101000011011010001100001111001100
01010010101110011010000000000111000011001010011000000001110101010011101000100110
10110101011011111011111101001000100010001000001001110111101001000101001011101101
00010111110111001110010011111011010111111000011011101001011011011101111000110011
11100111100111000001110100001010010000110100111111010101111101011100101111011101
01010010110010010110101111001111110010110100110100110010110010101111011011001101
00101100001100110000101000101000000110001111101000010011000011110100000001111101
01011111100101001110001101100011010001110101110100111011100100010110000110100000
10100110011010000011010011100011111000100110110101101111000110001101111100011100
10101101111111000100110110011110100101111001100000111101001011000101101010001101
10010111010100000011001110101111110001001001011001100001111100000000011010111111
10011011001001110100111001011100011110010110000110011000101111111001001000101100
10010101001100000001110111110111001010110100011110011111000000100101110111110101
10010100011110001100110011101000001111111010111110100000101010011001011111010011
01101101101110101101011110001001001111101111001111011001100101001111111101010001
11101010011110101100010110111000101010101111000011110010010011101111011011101110
00010100100101001101010000001011001000001011000111110101101000101101100110110111
00111101100110110001000001001010101001101010100110000010000110111000111110000101
00101000010101101101010110011101010000001001101101111111011101000111010101010110
00101111110000011101011110001000000101101001001110110010000011001110100001001011
00010000110001101101010001111011101010011011101011011111001110001101000100110010
01001100101100110000001000000000100100010101100101010000000011010100101101100101
10010110110010010110101010111111000111100101100110010011111011111000111011010000
01010100011001001000010110010110100110011011101011011000111101010101110101111110
11111000000011001010100000111000110100011100110010001010100001011111100000110010
11111100110001100010011111001010000101100110101010000100110101110101111110010111
10010000100101001000111101101111101110110101110110000011010111110111001011011011
11000010001111100100001000001011111001101000100010010010111111111101000101011110
11010011000100011101111101001000011011111110111100101000111001111001111110111100
10000110011100011001111000101101010010000010000010000010101101011111010111111100
01000111100000101111011001111011111111010100110101100010011101111000101000101111
01010000100001001010000100001011101010101001100111110110011101001000100010000110
11011101100110110101010111111001011001010110111011010000101111101111101011100110
01111100001101100100110000000011111111111001111001110001001110100010000011110001
01101111101101010110100001010000000111100011101110111000001001001000101101110111
10110100100010100110101110110010101001111101010000001001101001110110101011011010
00001110110010001011100000101101101000001101010000010011001011111000111011011110
11110111111100111110010110110001111111010101011100111110000111111101000111000101
00101010111110111110100110101001001111100001111010001101010100000100000111110100
10001111011101110110100000010110100100110111110100100001100000100011100010111011
01110111011111010011100000110110100001110011101011110100000001101110011011101100
00010010101100101100110001010001100011111011100000000110101101100000000000000000
00011011101110101011011011011001100011010110000010000111000001000110110011111101
00001101010010100101000111001011011111001011000000001000001111100111111001000000
10010101101010111110100011011001000001111000100101110100110111111110111010101100
10101000111001101100111001011110010001000001111111010100101011111101111110101010
01011101101001000011011010010001110010010101100110011100111000010100100011010110
10000010011110010011010111001010100110001111011001001011010110110101110011010101
10011101101010110011000111101110000000000010010110001100101101111001111111011111
11001001011101100011000001100101011101011110111010110100001000001101101110101001
10101000100000011110110010101001000010001100101110100110110100010111010100000001
01111111100111001101101110101100010011101111111100111101111100111011000001111100
01001011100000000110101010000110111100001010010010010101101000010101011010101000
10010110100100010101111100110100101101010101110000111011111010001101100011001011
11001001101001010111110111100000010100110110110111100010000001001111011111011111
11110010011110101010111111000011111011100011001000110101111001100011111111111101
11010111101100100100011101111010100110100100100001110111011000100000001011100001
10110110011101100001101001010100010110110011101100000100011110100111111011110001
11100100010011001110101111001101000011010110110000101010011111110111001111010111
11111100111001011010010110110010001001001011111001011110011000111001111000100111
11100100001110100001001011001110011100011110001010100111010010001101100001100001
10111100100110111100110110001001110000111011010010001111010000000111110000100011
00001111011101111010001100010111010000001101000100100001101001100110111110011001
11001100000101111000101100010110011000011011011100011101010010101001000000101000
10000001010010000010111011000010011101111001000000101100011000110100001011111100
00110000011101110100111100000110110011111100000011110111111111000011001100111101
01111000001100110111100101000100100100101000000111010011111011011110101100100010
10011000001110000000111101010011001111001100101100100010110100101100001011010010
10110100100100100000110011111110001101001111000110100110110001100010011001011111
01111011101000100111100111100000111101001001011100001010000010010001100101110001
10100010001000111110110111110110001011010110000011111100111101111110010101001001
00101101111110001011011101100101001110100001001110000011101001010001110110100010
01011011000101011100111100001000000001101001011110000101100000001111010011000001
10110100100001100101111101111100011101001110000011111110011000100010011100000100
10110010011111100101101001110110110100111011001110011111111011011110010010100011
01111000110000011101000111011110010111000101010110000110110111101011111111111100
10100100110110101010000111010011011011001000010100000010100001100001101001100010
01010001101100000101100111000110011011100101100000101011110110110011000010010101
00000101111000010001010100010101011001011010000100100011101101001001111000110011
10000001001001101100110010110001011010001101010100111011101111011001101010010100
01001010110000001111010110011111000011100000110010101010111111101000000101010110
11100111001110000011010110110000000110101010110001010010110100010100011000001001
11111111110111110001001101010010010100110001011110110001000111110000110001000101
10010011111110000001011010111011000101000100011001000000001011111011101111100011
11111000111101101110101000101101111001111100110010000001111000101111100100001000
00000011101010101000110110011100111001010010111111110000011001100000101010101110
10110101010001100101001111100110100111110101001000101110000011110110000111001011
01011101111001001001111110100100010110100100100000101010011010110001000100101101
01101001010101011010101000101110000100011110111001010011110111011000100111011011
10000111110000001111100001010100011110011000011111100011101010001000111111100001
01010100101100110101010110000100100100101110001111001000100111011101101011101111
10101100010100111010011010110000111011100111001110111111110101001001100000111011
11111001111010101000110100011010010111001001011100101111101100100001001011110100
11001100111011010110010110001111000110100010111010001101001000100010100010101011
01110111010110110000010101111001000000011001101111000001010101111111100011001111
10011011011111001110100011000110011100100101001000000110011101001000100011111011
11100000001010001100111111110011000000001010011001111111010011011101110010101010
11100100110010100111100100101001111100101101101111011011111110001111101000010000
11000111100001011011010011001110010111110001000011100000110100110000110111001000
10111011001000010010100110001100010100111101100000000011000101010101110110001100
11011100110100100111000000100010000101110110011111000110000010100110111110110001
01110011000100000100000011110010100000110101110101100011000010001000011010011001
01000101000100011000000110101111000011101110001000011101011110001000110101101100
00001111011001001011001001010100111011111101011010110110100111110110111100110000
01101111001000000100111101011100001110000010100100100010100010000010000111100111
00011111010101011001111111001000110111101111011001111101001111101111101011010110
11110100100000010011011101010011001010010000000000001110001001111000100101110001
10001001100111001110010010110010011011101100001001101011110010101010010001011110
01001010101010110111100000101001111110111010011010001111110000011110101000010000
10011111000110000111000001010101110011100110101100001000011111101011010000111001
10001001001010000111111110010100111000010000111100111001110110101011110010011001
00100011110000001110001010011001110010000111101101001111001001000010110110000001
11000100000101000101000110001010000011101010011010001111010110100000001110011101
10000111001010111010100110011010110100110101001010111010111001010000010101001111
01111001001010101000110110100011100100100010000000110101010011011001110101001101
11101111011101011011010001100100111000111101111000011101111001110011111010101000
00001110110001010010010110000010100100010000000100001010001100011000000101000100
01100111101100000010100111010001111111000011001100001000000101110010111101001000
11110001010010001000011100010111011101111000100110111000100111110101011001111000
00110000000000000101101100110111001111101001011010011110010110011101110101110011
11000100001010011010011110111110010000111101001001001000110100001100100000100010
00000110111010011010001000101110111110010111010110110010111101111010101001100001
01000010011111110110100010011001000001111010100111000101111000110001011101101010
11101101110011110110010011110001000011101100001111111000001010110100001110000101
11010000011110001010100110000100011010110110000111100111100010001111110011011101
10000101111000100000001111001100111110011101010110101000001001111110011011100100
11111111011011100100001010000010110101000111110110101101001001001000000000010010
01011111001010110111000101110011011101010100010101001010011001111011000000010000
11101101101111010110101110011100110001010000100101011111010010100101000100001001
00111110001010110100011101100111010101001011010101011110010010000011101011000111
10001101011101011110101111100100011000000011000000100011101000100101000010101000
01001110101001010111010100110110011010010000001110011100110010101011111001001101
01011001111100111001000010100010101011100101101100011011110111010111011011000011
00001110001100000111000111101111101010000000011111100000010011001011100101011101
11111100100000101010001110010110101110110001100110001000010001100111100111000011
10011110001001000101011000000011101100001101111110110101001111011100010101000010
00011010111000000100100101100101001101000011011001000011110001100001001101010000
01100110111011000001110111010011000111111011000000011110111111011110000000011110
10011011001011101100011010101101111110000100011111000100110110001001010011101110
10000100000010000101011011000011010101111101111100011010000000000110001101110000
01110010011100011001011111100010100111000101001000011101011101111100011111011011
00011100111111001111001010000100011001100111001101010000011010111000100000000000
10000101101111001000111100000010010100100011001111110110101111011111111001110100
01011110111010100101011100010110100011010001110100001100100111101111011011001011
11011011100001011010010001111001001101001110110001100001011110011000110000001000
10011011100101001011100000100101100010111100001011111000111001111001000001110001
00010000001101110100111101001110011111110010000010101101011100101101011111001111
10100000110110110000111001101010100011100101111110011111011100101011010000000000
00010011101001010111000111100011111010100110000110110000011111111111111100110010
01000110100100000010010010100000100001110000100100101101100011001101011010000100
01111100011110110001100101110100000010011010101100111100000101001010000111110110
10011011001100111111101101111000110001111001101001010100111000011000000111001000
00110011111001111010000110100000001101111100001110101111000101101100101011000000
01000000010001001100001111010011000111010100100100110010101000011110010000011100
01100111000001000001001011111100100011000011101000100000101100111011110001111001
01111001010001111000111110010000001101111000000100110011101001011110011001001101
10101101101000011010110111000001010001011000100110110110100101000000111001010010
01001000100001001010001101000011000010001110010000001010000111010011111001010110
11000101010110110101101111110000001000101110010111011011011100000101100001011101
10110010010010011011010110011000010110010111100010001000110111010000111111110100
11001100111010010101100010000101000101011001011100000000110100011010101000111010
00000000100001000010001101001111000100111000101101001011011110001110100000110100
10000111001000100100100010000111110000000111011001010101010111111111110101000100
10010011101110000111001010111000010111010010101111000000110000011011000010101010
10001100011101010110111101000001011000010100010010011011010101100110101000001110
00101010110000011011101110100101111001000100011011101101101110111010110000101001
01101111111110100001110011010110111000110110111010001000111010001000001010111101
10000011101011101011001001001000001110111110010110101101111000101011010110000011
11001010110110000111110101100011011001100001001001101100011100100010001100110100
01100011100110001001110000010101010101111110101000001011000101101010001100010000
00100100001010001110011111000110110100100011001000010010110011011100101100000010
01101101011001000001001101101100111100100010101111111100111001000000011010000101
01000110110010011101111100111111001111111010000101101110011001101111001010101001
10100001100110110011110110011111000100010101011100010110011011100111000101101100
01011001111100100001001001001011110000010001111110111011101000011011111110001000
10110111010111001001100101001101000111001101110100111011100100100001000001111100
01000001010110010110011011110011100001010100011101000010000100111001011000011010
00101011000111101101011000000011001010101111000101111011001110001101101110101000
11111100110101001011100101000000011010101110011001001010000111011001100000100000
00000010100001010010111100011010010110011101110010010100110000001001100010100110
01101010111110101111011001011011110101110010001111000000100100111110000110001010
11110000110010010001100001111010100011001111110111111011001001100010001110000100
10111100000011011011100000110111010100100001011001011111011000111111001111100110
00100000110011010101110001001110011100001001001011110111011011110001110110010111
11111000011011111100000111000101011111101100010011111011000100101001100101101101
01000110011000000110101001001000011011010110101000100100111101100110011101101010
01101010100100111110010011110000111110100100110001100100001011110111101001100001
11110111101110110010001111010000011101110011011110100011101100110101111011100100
11101101011011011001001111000010001110010110001011000100101100010010010001000000
01100111010010101111000010000101010110100100000100001011000101100100001100100100
10110101001100000111101000001011101010000101100110011000100100000100000011100010
11001010110001101010100101010101100101101101010110111000001101011010000100100100
00100000010100111011100100010100011101101001100110001000010001101010100100010111
11011100010001010011110010000000101100100011000010110100110101010011100111011000
10001100000001001011010010110010111000101011101111010111010001100010100111011011
11100010100001010010100010100000110011110101010100101011011101110000010101110000
01110111111111101001110111101111011100101101110100111010101111110100001010001100
11101101001101111111010000001101110000101001000100010000010011101110000111010010
11100010010000011000101100110010011010000100000101001110111110100110010100101000
11001110101010111011000011000011110100011100111010110000110101110000110011000100
00011001100111101100010011110010011100001101110000110110010010100000101000110101
11110001000010110110000000001000100101111111011100111001011101101101111010111011
01001100100000100011011010111100011001000000011101111001111101000111110001110011
01111001110111010001111011100001110011100110101000100001010110111110110100101000
11110100110011101111111100001000011101111000001000001010000100011110011000111100
11000010010110110001110000011111100111100001010101010100001001100011111110001110
11000011000101100000110110101100110010110111110110001000000101011101001010001001
11111011110010100111101000101110000101111001000100100101100101000111011100110001
11111101001011001111010110100001000010001000001010010000111010011011111011100010
01001001111101010100001010110011010111101110010001010010000111111110110000000000
00010000111000010001010010010110101101111010010100101110010010010001010100000001
01110111111111110100000101000000001001010010001111010101000110001101000101001010
11111000010100010000110101111110101000100001100010110000100100110110001000101111
11000011001110000001001000011111001110011100110000000111100101001010110010011101
11100101011100110000100001101110011111101001000101010100100011111100100101000011
01100101001000011110011100010001011001010010001000011001111001010010100100011001
11010101000011010110011000011101101001110101100000011101111011010011110111001000
01110100011000111010101000010011000000111101001100001101001110010111110010100001
01101110111100000111110011001101001011000101110110000100100100011101111010001101
00100101011100111000010100100111110111001110011110111011010001100111001101000111
01010001010011010010001110100110011111011011000100111110110010100101110111001001
10010011111111100001111101010001010100111100101111001001011111001000110110000010
10011010010100101011100010100001101010010111101110100110011101011101101010111011
10010110010000100010101100010111001000110001001101110111011100010111001000110100
11101000011101011101100110000110110000000111011101001101110000110101100010111010
00101011101010111001011001111010010111110100010101101000110000111100011000001011
01100110110011101101100001001000101110100010111110101000010001010101100001111010
11000110011010010111101110111101101100110010101010101010000101101110011011010000
10010011100001100110100010001000110110101101101010010100001001100100001010001011
11101100110101001110011011111001111011000100100111101010010010010010000110110101
01111100000101001100111001100101011011101100101001011100011100101101001110010000
10010110000101001100011011000011111111000111110001110111100101100101111011010000
01001000100111010110110100011011111110001101001001101110110010010000011101011001
00000110100101111111001000011011110110011000101100111111100011010100101110001001
00110110101111010111011111010011010101100100001110010010111011000010010111010101
01001000001110100111100011010101001110010111111011110001100010001100110111001001
11110000111101001111000111011000110100011010100100111111111011011001001101100101
00000011111000011100010001100010100100011111101100001001010001011010101101010111
10001100100100101101101110111110000001010010111010011100000101100011000101100011
00000100000001110111001110100011110111100100001011010000011101010110101010001010
11111101010110011101010010000110101110010001011100000100000111001100010101010000
01001011100000100100101110010101110100101101001000001000000001001001110010101001
10110101100100000100101101011101101010010011111011010001000011100001111111110001
00011001010001111100111011100000000110100011110010011010101001101111100100011110
01000101001000011000101110000111001011000101010111100100010011010101001101101011
11100110001100001101101000110010100100011100010010011110001010000001011101011101
10101101010001110110011110000001100010001111010111101011111000111110001111111101
10001010111101100110100000101100000000010101001001100111101110011011111001110110
11110100101110100010010011010100001111111000110111000100000011001101101000001000
11100110001110101100000000101001011101101111100110110011000011111101010110001011
10010010011101110011000000110101100110111110010101000010111101100111000001111000
01100111010001011011001001110011101010011110110110010100111000101010010001111101
00010011101000001011110111011001000101101111100001110010101011100110011110110100
00011100010110000010101110101111110000100101101101111001001011101001110001000001
11100110011011110101110001001001001010001001000001101001100001010001011100110010
01111101100001110000101010100000110000111110001000000111011001111111111100010110
10011010100101000001011110011000110000110001001000111100110011011010101110010111
11010111010000111010000100001011100001100100110011101101001011001001001110101000
10000111000001111100001010101000000100010011101000110111111000111011101100001111
01101110011101111011000011000000001101010111100111110111000111001111011101111010
00011111110111010010011011001001011101111010011101001101110100000000110010011011
11000101001011001110010000011111010010100111100111010111001110010100000110001010
00001100101011000101011101110111011001100001100010111001001100101011100001100011
10111011001000111000011100110101111111010000010100110000010111000011110100111111
10011100010100101001001000111110000101010100101111000110111101110001111001100110
11110011110101101101000111101011101110010010111010000010001100111000001111001001
10101010010000011000011111011100110110110011110101101101101010111001010000011110
11001101000010000011101100110110010100101111000010000110011001111001010110100010
10000001100100001111111001011101001100001001110100101011100001011001101111111010
10001101101100100110000100110100000011001001011111110101111000011111001110011100
11000110101101111111011000000000110111100010001001001101010000010101000110010101
01100010100010110110110001100101111100000111010010110111011011111100110111000011
10011001000000100000001111001101101111101101110000100111000011011100101110110011
10110011111100100110101101110001001111010000010010001011000000011100001111110010
00001100000101000100010110110000011001010101100001100010111011110110110100110111
11011001001111011011101100001110101110001111001011011110101001101100110000100101
00000110010001001010111110111000001111111100010110001101011110100110001001100110
01001101110010001001111011101100110011100001101000111110001010111100000001011101
00001011000010101101101000010000000111010001110010001010000111001011001010101101
10001010011111110111000011011111000110010110011010000000011101000111010001101011
01111000000101111001110010110011100010110000100100100110100111110100011111010110
10001000111010111000011011100111010101101000101111011100001110011011111000011100
11001110010001101110111010101110000000111010110101110010111101101100101000011101
00111010000110110101011001011001001001111100001100111001011100011110001101001100
10100000100000111011100111010110001010010011001011100100001101011100101011010000
11110100110000110001010000010110010111010011110010000011111011110111111011010001
01011100111001101001111000100110101101000100001011101010110010111111001010110110
01100100111110111111000011110010100111001001011010101100000110011001001100110110
10001010001001111000011111001001100100001100100101010011001001111001100011000001
11110100111001111000010010011101001111101001100101000001110111101100100011101010
10011110010011110100110011010010011001000101010100100100111101010000000010000011
01100101010000100011101110101100111000001001001000000010111110001011101100000000
00010001001000001110011100011110101111100010000010101110010010010110000110010110
00000101100001100011101101111110001101010110101100001110101010111100111111010100
00111010011001001110000110011100000001110110010010101111110100111000101100110101
11110101010111101010101111011011100110101101101110000111001110010000011111011111
11100001010010010010010100110010001000010001000010101101001001101010001001101100
00001001110111010011110010110000011111000000111111110100010001111100111110001101
10100111010011101101100111001011011111001010111110110110110111010111100001110111
01111001011111101000110010101001011111001111101110111011100111001110010101000101
00101110110100011100000011001110111111111011000001010011000010001000011011000101
00101011010110010111111010110111001011000010000110100001110010110010110111010000
00011011100000001101000101000011101111000000011001101010000011100000000001110010
10011111010111001110010001100010111111100011000100001001110111000111010010110000
00001010100110000010000011011000000111000110101101100001111000000011001010001000
11111100111110000110101111001110010100001001010011000010000111011000010001010001
00101010001100100111101100111100001000010010001101011100000100100110000001110011
01110100011100111010010101111110010111000011100101110011111000010001000110101110
00101111010011110000011010001110011000010101101001011000100100011110000110110101
10001100010001010110000000100110111001000000101011110100111001101101100101100101
10100110110000000000000100110010001011000001000110110111111111001000010110011100
10001101101100010111010101100101100110010100001011010010111000000011011101111101
00011000101111110001100100110111011111111010110110000010011101000000110000111010
01010111001010010101110111110100101000101111011001011110000000111001010010100101
10111111100001110100011100100101111100010110111110001111011110101011011001101101
00010011101011111101011100100101100001100000101011110011110001011110111100100010
11110010010011010100001100100011101011110011110101001001001001101000001010100110
01010001000111001110000111010011101111011000100110000111101010001100001001101101
10011111101001101100101000100100101110010001011000010011110011100101100111001101
00001001001110011101100010011111000111100100111111110101111000000110111010011111
01110100101100011010000111001101001011010111101101111111101000100111001110100110
01110111111110111100000100100110111000001101111011011001000110100011100001010111
00001001010100011011100001111000011011110000110011011110000001011101110100011001
11111001001000010001011011100111000111001111011100110011110000101001110100011111
00001010000010001100000011110001101011011101010010011011010100011110001111000000
10111110011100100000111111100000000101010110110010100111111100011001101110011011
11100010100100111011000111110010000011111101001010000010111011010000111100111100
00111010000001011011001000011001010011111001101011010010110001111010011011011011
01011111000010000101111001010101010010000111111000101000001011101001000010111011
11110100000000110011010011000001000111101011111001111110001101001000010110001100
10010000100101111000110011110011010000010110100101100001000000101000011011100001
00101111010110000010001001101000000111111000000101000000101010110010000111001111
01111011100000001111111101000110000110111110101101011111011011101010001111010110
01111101000110010100001010000000111001110010101010001100111100110110100111101110
00010011111011010111001011100011010000110100110011100111010101110001100100001100
00010101100000101011111100110100010110011011101101111111011110110011111010100100
00011011000000111000111000001001100011001100001000101000010000100111010101000000
01000010001010110110010111011111010101000011010100101101010000110101011001011010
01011110000001101010001110011000010100110110110101111100011010011001101110111111
00010001110011101110001100011001011100100111101011101001101110011011001000111100
11001000010100110110010111110111011111100000100110001101110100010100000101010101
10001111000001011001001100011010011001101100010010100100100000010000011100011101
11010100111001010100010001100011101010110111101100001001101001111010110100010001
10100001001101111111010100100111010111111100111000010001011000011000001110001010
11111001010010001011110011111001101111101101100011111101010110101101100010100000
10000001000100110100001010111000001110001001100110101010011110000110110011110000
00011011010011001100010010111101110000100001010010010111110010110110110001100000
11010111011100000110100000001100111110001111101010111001110000100111110100110101
10010100100000011001111111000010110001010100100101001110000010111001100110001010
00011011010101100111100111010101010001110101001100010000110100001100001100101000
01101000011101000001001000001110111011111011001111010111110111110110001010101000
10000101010010111010001011100001101111011011111010111101111011001011000000110001
11101010111010100111010110110001000001001110110010110011111101001101010100110110
11100100001101001011010100110000011001001001001011111011110110010111001001101010
00111100110100011011110111101001010101010010101010110010001001010010000010111111
01110110101100010101111100110111000000001010011100001010011001110101101010110011
01000001010101000000101000101111101000100100001011000000111011011111010100000110
00101101101111111110110000111000110100010110110001101001110111011101000011101100
10111010001110001101110110100110111111101010100110001011100011100001100101111011
11110100111000110010101111000010111100100010001100101011010111001110001010101110
00001100100011110110101010111100010010101010100111011001100111001000001011110111
00011011011010000111001010001110101001111111011101011111111011101111100011010001
10111100011110010110111101001110110111100000011101000001101111110001101001011101
00010000111100101010001001111100111000110001001110010110010010111000011101000001
00000100110101000011011010000001001000100011111100010000101100100010100100110001
01011011000101101111110101111011111011001010001011111001000111001000010011010111
00001101101001000101101010010101001101101001011010111110110001010111011100010110
00101001110100110000010000101000011101011110011110111010010011001001010100010110
01010011010001001111011011001011110111111111101011001100100101001000110111111000
01101010001001100100111110011101101100111001111000101101111000000011100100101111
11101110011100101111001101100110110110001110001111000001111101001110100101100011
01010001111101100101000111010011001000001100010100011110110000010001011010111100
11101110110100100101110000001100100010101010101000100000101000110001011011011111
01000111110110101010101000001100101000111100110001100101000100011000111100110110
00010000101111010010011110010000010100000110101011001011101000111100000110100101
01011100110011011001110011001101000101111011011101111000011100010010100001111101
11101100000001111111100100100000010000101010101011111000101111000110111111111110
00110011110100100000000100101010001001100011010010001100101010000110011111000101
10100101010011011011100100101001011001101101100101101011010110100010011001100111
00110110110101111010101101000111111010000011111010000101001100001010000010000010
11101010010010010101000001011000101000001110110110111100010100011100100011101111
00001111010010100001011001010010011101011100001001000000100000101011000110111111
01011000100001010011101110111101101111111110011001011000110101001010000010000101
11001001111011100110110111110011001000111011001011010001000100101100000010000110
10111100000010101011000010110100111101000010101100011111111001010110010001010011
10100110101010101000011000111000110100000001000101110101010101011101011101111010
00101000011000010111111011001100110000011010100000000011001110110001110101000111
00110001010101100010001001111011011011011011000110111100010000110011101100101111
01100000110101001000110101011110111010010100110011101000101100111111001101011011
11100011000000100000110100110001100110001100000110111010001010011111110111000110
00100101011110000010100010010101111000010111010010000110001100001111010000101110
01001110001001000110011110111011101010010111100010110110010100001110001110010110
11010111100101011100010000000011011000011111010101001000101001110011111101010011
01110011011010001101000111100101000101000000110001111110000011101101100011100111
10100010010011001111101011011111000011100101000010011010111010010001101101110011
10111000100110111011100111011101010111100010011101010010111010000110010111110101
10111100011100110000111101101110101110001010101110100101111110101100110010101111
01100101011011010100111100100110010010011110100001010101001001101110110011000011
00100111101001100000111011010010100011101010000101010110001111100111111110001111
10001101101111010010110111001101101000111100001001101101000001101111011111010110
10011010010111111011110011000101000111100000111110010001101100110101001110100110
11110001011000100110100000001110011111001110110000001000110010011010101110100011
00001011011000001000011101001011010001111110010011001001111000000000101110100010
00001100001110110011001001100011010001110101000111000011100101111000011100011101
11111111000100011000001000011110010011001010001001011100001011000101100001000001
10001111100111010011101110010110111100001001110010111101100101000001111000110011
00101111000110011010111000001000101001010111000110111010011001111001101110101000
01000100101100001100011110100110111000100100110001101011010101011100110010111101
00010001111010001000100110111011100000110001000000101011101111101111100101010011
10101100000100111001010001100110010011110100001101110100010110101010110110011001
01111001101100000100011000010010001110110110001011101011111000110011111100010110
11000110000110100010000010111100110010100100001011000110110100101101000010100111
00011101111010101010101000110111000011010010000100101010111111111101101000010110
11001101100111110010011010110101001100000101100010011101110011001010111100010110
10001101000010001011111011100011111001111110110001011001110010100101101100000011
11111010011100011001000100100010100110100011000101011000001110000101010010000000
10111000110011110011111000101000010011110101110001101011101110010101011010110111
10000101110011010010110111111010100101011110001011001001100001010100010000101010
00100010000000010111110110011010101001111111001101011010100010100011101010010101
01000100000111111001010111001111000000100111000011110011110001000000010001111101
00111010110111001100011010110100111100001100010010101111101100000111011001101110
10100010011110000001100001110110001010100111010110111000100011000100011111110010
10011111011101011100101011000000100000000000011110101101111011010101110110011001
10111011010001111100100001010001001000111110111110010110111101000000001100011001
01110100111001110101101110101101000001101000000110111110100001011000111110001101
11101000101000000100101000111111101011000010000011000011110000010100000110010010
00000101101111110100111010101000000110100011001111011001011110001010111100101111
10001101011000011100011110111001001101100111111110001111110110101001110110000110
00000000111010001110000001001011100111111111001111011110100010110001110101011111
01001000100001011111001100100110010011010001001000011000101010001001101101111000
01000110101111100000101001100110011111100010110111100110100111110101001100111100
00011101011110001110101101100111011000100000010001000100011001000011110100000001
00101000101100110001010010001101111011001101001000111110001011110010110001100000
11011110111100011100001010001011100010000010001000110110101010100100111000011100
10110000100011111100111001010011010110100011111101111110011000110000010011100000
10011111100101001111000000001100001101100000010011010111000100010101001101000111
10000011100111010101101000110011000001011011011111011100110000011000000110000010
01001110110101100110101101101111001011000000010010111100110010000001001000001000
10000001011100110111101000010011101010110010110100010001011011001001011110000111
00011100110001110010011100001110001111001111001101110001010111010100010010100100
00010000000100011100110000011110001110100001111101110000011110001100100001110101
11100100011100001100000101111111010110100000001010010010001001100111011001000101
01011010100101011100101111000001111011111101110101011110011110001110100101110110
01011100110011111101010101001111111010001011010010000010010111000000101000111011
11110100111000101100000100001001111010000000110101011000110010101110110111100110
10110010011110111101101101111011100100011001000001110111000011010010111111000100
10110110111100100000000100011001000111101010100001100000010010110101011011011001
11000100110010011101110000001111111110001111010101001011010101101010101110111100
11011001110000110111001110011111010100011100111101000001010110011111100100000000
11001100000010010001110111000011100100101101111100101010001101010110110001100010
11000000110100010110111100100100001011010011110011011000010110010001011011000111
01101001000010101110010000100010000111010010101001011010001101000100100010011011
01101100010000000110110101001101000001101111010111111101000101001010110110010011
00000101111001111110011110111111011011110000010001101110010101110010001001011100
10110011111110011001000000110100111000011011111111001100010101110101100001100111
01010000101000111101110001010001100101010001111001110100100000101111100100000100
10111101110011101010001001110010000110110000111111001010111010001101101100100100
01010011011101010000110011000010000000010000010110001000011000001101011101111100
10111001110111110111001000100011101110011010011010001001010101001010100111010111
11111001100000111101001000111001010010100101000001000111001010111111101101110110
11101100010100101101101001110010111101001000101001100101010101110110001101001011
00011000101100011010001011000011111110010110010010010010010000010001101111011110
00011110011100011110000010001110010100001010101111111111010101011011001001011001
10010001011110100110110010110001110111110010111101111111000110110100101111010001
10000010101101111010001111100110110001010100010110011110100011001010000101111001
11010101100011010010000100011011100101011010010011010001000101001001010011111100
01111100111110101011110111011111010011000010111111110111011000010000110000100100
00011010101100100100100010000000001101000101100010010001011011100011011111111110
00100001001001111010111101110110110110000000100100001001010101111011110100011101
10000100011101100000110111101001010111101011001010011001001110001111111001100001
01000001001111001001101110111010111001101111111001010000000011111001010011110111
01010100000010010000100001001001110011101101000111011100100100010011011010001000
10000010010111110001000110011010001101001101000000111111101000000100011011010110
10000111111111011010111011101110001111111000010101111000111011000110000000000101
10100011110010000100111101111010011101001011100100111000000110110110010010001100
01011010001010000101101101101011010100110110111111010010111010001000011010010010
01011111111011001110001001100000110000100011101001100001100011010101110101110011
10011111101010001000010100101001101011100100001101011101011010011100000001011101
11111100001001011000011010000001010111101001011010101000001100110001101111111111
11000001000111000010110111101011011110110001111110001110011011001001011101101011
01001111101111010110100110100010011100010111101011010100101011000010110110111110
11101100110000111000110111101100101000111000001101101111111011110010110111000110
10001011111101011001110011100100000001001001001100000101101110001100111100010001
01001010111101111000001100111101010001000000010100100101000001011101111110100011
11111100101100111101110111000010000011011111110010001010000000010001100110000000
10010011000101111001100110011011101001001111011000101000101100010010001101001011
00101111100100010111010101001001101010000011101101011010000001001010101110010011
01111100100101011010111001000110100100011001011110011111101001101000101101110001
01101110001001001001000100110110011100001100100010000100010011010101100011000100
00101100010011101011001111000010010011100110100010101110110010010010110111110111
00111010100001011101001101010110101011000101011100000111111011000000000110101100
00100111000000111101000011110101001011101111011011111111101010111110110000001110
10001101010100101111100010100111100000100010111010111110000111111010011011110000
01110111100001000001000101011100110011010001000110010101100110010111010110101001
01001110001110010101100111110010110001100100101010001000011101111001101001000101
11111010001001110101001001001000000000100001010000011010001010010110100000110110
00000110001000011101101100101010101000111100101101001011110100010101001110111110
11111110100111100010000010011000100011000010010100000011101110010011010101000101
01001011100110101100010011011011010011101011100100001000001010110001100001100011
10111001101011001001111110000000010001011000100111001110001001101000110111111011
10011111101110011101111101000100011001100010100000000111010010010000000110100101
01011010100110010000001010110010111100111011101010111100011111100000100000101101
10011000000001010100101110101010100100100000110000110000011110010000111000111111
10101010110111111010010010101111100010111011111101011000110010111100111001001111
00110101100101010100010011100111111111001001010100110101110100010110111101001011
10111011000001101100110011111001110101010001101011111100010010110000101110010000
10101111100110000000101010011111101111111101000001010101011001000100011111010111
01110100001000001001000011000110001111101010101011001001101110100110000100110000
00101111001101100001010000111010101001001010001001001001001111100000100010101010
01100010011000001101110100110000101000100110100110101000101001011100000010100000
01111010011110001011010110000000110101111111010011101011010000001110110001010101
11111111111101001010001001000011101101110100001011011001100000011000100001101000
01100111101000001011101100011001111011011101000011001111111111001010000110010000
01000011010001101011000000100000100010110111010011000001001011000101101100101111
11001001011100001000101111111000001101110011001110110001111001001001000001011100
00100100100001000101000100010110011100010101110011010100011100011100100011111010
01100111011010101111011111001011100110011111011100101111000001000010011111011101
10001010001011001110001110011111011111111010001100111101010110111110011000110111
00110111101000110011100011100110010000001000110101100011000011100011101000000010
00010111101110001110010100111110010011110110110100011111001110110111110101100101
11011101011101101110101110010000001100000111011001100011100100110000100100011110
01111101100101000111100001100010010010000011101001011010101000010010101011100011
01001101100100000100100110000000000100010101001001100111011100100100100010010110
10001110011001010100011000010011001111010101010100001011110111101010000010000011
11101011000010011110001000000000111010010110100100010101110001111100000000010010
10100101100000101111010111101000100010010110110110101011010000111011000101100000
01011101010010110101001100011001100011011110011001010110000111110011101011111010
00101011111010100100111011001110111111111101100110001001011001111101011001111100
10001101010100000101100010101001001010001111100111011001000010001011111010101101
11011101010010011001111110000111101111011000101110010100000010101111000000110101
10110100110010000000111011110001101000011011000111011110001101111100110010001001
11001101100100101100100111010100011101101001000100000111001100001001011111111000
01000100101011011110101001101100111101001111000001001011100100100101111111000110
10010000000100001110011010011000011111111000001101001100111011010010100111110010
10110111101100000111110011101100110001101000111000101011000111000011100001011001
01101010101100000111001000011000101011000101010001010000111100110101001010000110
00100010100101111001111100100111111000110100010111101111101010101001010011111011
10111001000110100001110000001100100011100100110110111110110011001111010010000001
00000001100010000110101001110001100110011010011000100000000100100100001000001001
11000000100111101000101100101101011000011100111000111011110000000000011110011111
00111010010011110101000101111101100010101011101000011000000110110101100100111001
00011010011001111001100011001001011100110000010001011001100101100011100101011011
01001011010100110110100111111100111001100000111011010000000100110100001111110110
11011010110101101101011011001000110101111011110000000001110110101111001001001000
01101100111001001010001010111010010101101110100110101000010000110100110011001011
10100011010100110011110001010000111001010010001100001000111001000000111011000011
11111111111010100011101101010010110101110101111111010011110100101011111011111010
10100011111001110110110011101101100100110100101000000001000110011111011010110001
00011010110001101100101011001111010010100111110101111100100111000000100100000000
00001001011111100011011011011100010110001111100100000001111001011000101011100101
01111100010000011011010000110101011000010001010111010101001011111001111100100010
10001101111011010000110000101001111101000111011101111101100111111001010100011111
01111000101100100111000100010100110010001011000100100111100101111010011000011010
10000111011110101110000011011110001100111001011001101100011100010110101110001111
01010100000001000011000101110110001111111111000100001111000011010011101110111111
00000000011000001101110001100011011110110110001111011011011011001000011101010110
11110010111100000101110110001011110100101011100110011010101101001111101010001000
01000110110010100110010010011010110000110111100010011000100110001111111000010001
11000101001000101101101100001011011010000001100010010101111011111000100000110001
10101001101000001100000110010110011110100011110110011000001101111001000010000100
01100010111010110111100011010110011000010011001111001000010101010110001010011011
01110000011111000110110110010000110011001000100100110010100100001000011011001000
00111101111010110010101110110110000011001100110001101001010011101011101001001101
10111101011100110110111100110110011110000111001001111111111010111010111100111100
00001110011100010000111110001001011010111100000010100111001011001010101011111011
10101010110111110110110111101101000000011100000110111101011011001110100100001000
01010011000001011011001011011000010100111100010110101101001001011100001011110110
11100110000011011000101001001011001010001010110000100111110011110011101011110111
10101011111110001111111110100100111110001011111010011101111100111001110010010000
11011101100001111011110011000111011010011000011100101101111100110110010110100100
01001110100101110011010101001000000101111101111011110100110000000101110111000001
10110001001101101001100011101011010110100111100110110001101010001110010011100111
10010000100000011011100000111111000010001011100111000110111010111111011001110010
11100000000111011001001100000011010000000001100111001011010101011100111111000101
10110010001011111110000111100101100001001111011001111110000101110111101100101010
10011000001000101000100101001111001110011010010101010000101000100110011111000010
10101000111001001011111101110001100011111100000000101000100010000000000100000000
00011010011100010001000110010111001001110110011111000100111010100111011101101011
10000100100101001101111110010010011011011111000011010000101101100101101010101001
00101000011111110100011101110000101111000000011010010110001011101111110110000000
01011111011111101010100010101100000101101001101011001001001100111010011010001010
00110011111100100100101111100111010110010110000101001001101001100100011001001110
11001000000101111000001101010000110101000111111000001001001000000010010100001011
01100011100101010001101011111100011101001101001011111010011000100010101111001101
11101100100001110011000100000000000000100011000001011000110011011010011000111110
11000101001010001111000001100001000101000100110101100111001110001111011100011010
01000110101000100011100110110101101000010101110010111000111000010001010101101000
00000001001000110001010000001110000011101101001010110110011010010111001010000110
10111000111100110110000000011011010100010101100100110100101011111011101001101001
00101000001000100010010111100110000110011101111001111010111011110110000101001010
10110110000110111111000100100010011110010110010110000000100011000101001010110010
11010100011111111100000001010110100011001010011010110101101101010111000111100010
11001101100111001111000000010100101101000100101100101011000011100101100110110010
01110100011011001010001110101111011110010100110110001110010101000010111101010110
10001010110110110100101000110011111111111110100101110111010010001101011101110111
11110000100010100111110000011010110100010010011100111001010100101110000010010000
00100011101011101111011000111110101110001100110011011111110010010000000011100100
10000111100001100110101111110110001100011110100101110111111001101010001011011000
10011111100000110010001101011101011001011011111000111000000110011000101000000111
11110011010000100100001101110001000001000110011010000011000111110101100001001011
00010101100110001100111101001100100000000010000100000100011000111100111101100010
10000010100101011010011011110100101010010011101100111111101011001110111001011110
00100001001101111001000110000011110001110001000110011100010101111100011101111010
10001010001101010010100010100100001111110111101111111011000000110101101110110001
00011010011010010111100010011010100000100011011110000001110110111101011101110111
01011000111001100100110010100101000110111001110011010111110101001000000110010111
11100011110010000111110001010101100110111001011011001111011011110110000101111001
11100011010100110111010001110111010101100101001110010110011011110010101001100011
01001110111100101111000101001000001000000010100101110100100001000000001010011011
10000001010100000111100001010100100110100000101001001110101011001011100001111001
01001000010000001001001101110111000000011011011011001100100000111101001111110010
01010010011000110010111000001000101001001010110100101010000011101001100111100100
11100101000010100000001111100011110110101000110000011101110111101111010011011100
10000110010101001000011101100011100010011111001101000001010001011001100010100000
01111000011011011001000000111011011111001100111100011010111100011100010000001011
10111000101000011111101000111100100001100010011100100010111001100001111110011000
00010011111001001001100000000010110010000111101011100100000111001000000101101010
10010011111101001100111011101111100000100110000001111011101010010000110110000111
00100010101011101011011001010100011000000101110101001000111010100111101100000111
10100101111100001110001011101010101110100101101011010111010010011100110011001101
11011001000001111111101111011001010110111100000101001110110011011001001011110110
01100101001000101000111000000100101111101000111000111010100100011011010000001111
00010100011011110110000110000111010101001010011011110101000011000110010100111000
11001110101001000001000101010111100100011010000000100111011010100101010110001100
01010010000000000000101101001110011110100100010010100001001110011100110110001100
00001110011010011010100001010111111101001110000111111011001000000100101011100010
10011001111010011110001011111000101000100011000101100010010000110111101110001010
11100100000101111011010110110011011111100000100011010111001111110000110011111001
11111001110101100000100101001010011011001111110101000101110110010011101100011001
01100111010011101100101011111100001000011111101000011101101100110101101101001111
01000101110001100000110011011001010111111011001101011010010001001011100001111010
01110010010010000011110010010011010010101010010011101000001101111101100010110010
11101010101000010100100000101100111010000001000010100100010001011001010110110010
11110111000000110100001010000010101000101001100101001010101100101001110111010010
10110001010111101001010101100001011000010011011100001001100010100001000100010101
11101001101100000000101001101011000101100000100101100011101111000110101001001010
11011110100111101111000101010110010110000111110010010000001111111011110010111010
00000011101110010001101011001111001011101000111110100101111001101010010000000001
00110010010110010101111110001011111101100001000111011000101011011000001010001101
01001010000010000001000010110001001010010011111100010001000100111111001101001000
01100101101100010100111000011010100101000111101010001110011011001010001100111111
00111011011011001011010000000111111001111100101100000111011100111110111010100100
00011001100001100010110000101100101010000111100000000100101001100101000110000001
10110101100111000000011001011111010101000101011110110110001011101001010101000010
01001001000000100100000100101100011001100001000000101101110111011001100101110111
01000100110110100101001101111110111100001110000110111111010000110001001001111011
11001010000100011101001000111011111010010111011010111111111110110110001010011110
11101110110010000000100111001000010001101011100111101110011001010100110010110000
00010000101001011011101010000011101100111011010100100101000110110010110001111000
