80 1023
00010101001110101011100111110110111100000101000110000110111101001011011110011000
11000101011000000001001001101110100111100111011101101000011101010110110100110001
11010100100111100111100101001111010010111001001010001110111101101101001000100001
00011000001111100001011010011100101110011101011011100000101101010111000001001010
01000101010010110000100100101010100011011000000100010001111001001111101001011011
11000110001011001101001001010101000101110100110110101011010100010001000101111001
11110100001010001010110101111000111111001101010001101101001100101111100010111110
00101100001111100101101101010011011100100010001000101001100110001101111110000101
00111110000001010100000011111001001011100111001011101110100010111010010011011011
10101110111000011110010101010011010110110111010111000011001010111100111001000100
01100110001011011000010111111110001000001101101110011110110000010101010111001010
00011100011010011101011011001110111011001111010011001100000010111000001000011101
11100110100111011101000010010011011001000111011100110100010000100101011111111000
01111001010110111000010001111100001010111101000101011100011100100110000101111110
00111110110010101010001000010110111111110000001000011101000110111100001010111011
01110010101101001010001010100101110001100010100000011010001010111001110000011111
00100011011100111110101010000001011101001010011010010000001100100110001110111001
01101101000010001111101010100011100011011001001011001011001101101001100110110110
10011110000110110111110110111000111110000000001001101101000110000100001110010101
10100001011101000000101001110001101100010000010000101100011000111001000101111110
01110111001100100010001100011001001100111101111110101011000010010100110000110111
11011011100111000010000100001100010100110001110001011011010100110000011011011000
11111100101100100101111000100011111100110011111110100110000111001000110001101110
01010011110010011110010011101100011100011001101011111111111011100110111101010100
01110101110101110000001111101110000100010101100101001000011110100100110110001110
10100101110011001011011110111111010111111110111001011111100011011000111111000101
11110000101111111011111011100101100101110110111001010101110111101011011110110111
11100000110100110001000110001100111010101000000111101111010101100111110110010101
10001001101001101101000011000110011010011100000111110111001110010001111101001011
11010100110100110101111110011110000101011011111110101110111001001101111000101001
10010010011100010110100101111000100111010110011000110001100101001001011011101010
00010000011001000111011010000001001001101100110100111111011010001111010001011011
01011011100010110011011101101111011111011001001000001110010000011100101000110001
00000000000000010000011000000000111110011110110011010100011010011110110111000111
00000100110011010110001001111111010110000111111111001110111010100100111110101010
11101101000010100001000111011010000011001000100100110010011010100011110001000010
01111111011001011100111010110110010100010011100001100100111100110001010011010101
01110011111101100100010000011110010100010101101000111100101010010011001101100011
10010001011000010010001111101110011011110101101010111000100100011010011111101100
00001100011000100110001011001110000101000010111101101010001110110110101000110011
01100011100111001000101011010001110010000000011011010110000010110001110000110100
00100000101010000100101110110000011011010100111110000001101110010001001110111010
00100010100010010001010101001011000101010110101010001011100110111000101000010100
00000111110000011011110000100101100000000001011001100011101010101100100100011100
10011111110111010110111101100000101111100011110011000100111111011010011110000000
11100010111111001000011001000010100111100111011001001001111110100000110010001000
00101011111110111110011011000111010110111010100010110110011111111110101011010000
01001111000011110110100111001111111011100001111111010100100101101010001100000001
00101100110111011011101100110011101001110110000010011101110011010101001111110101
00001000010110010001001111110111111110110010110101011011000101100010101111000011
11000111101111000010010011011110110110111101101001001010110101000000011101111000
11101011101011110000100001001001110000001101001010101111111100111111000010110110
11101100111111001001010001100001110111100100011111100101010010101010100101011101
11010010110110101101010000011011101100001100001110111011101110011000110111010000
00001011011111010000001101110111000101011000111111110101110111110110001010101010
01001000011011010101001101000101001111110000111010100101111010100110111000100001
11011100001101000110000010000001100010001101110100110110010001111111000101011001
11001011010010100111100101001111010111011011000110110011100001010111111001000010
01011000001111000101101101001001111001001110110011010000110001101101011111110011
00011011001001101111110011110000111111110010101111110111010101000100110010110111
00101001001011101101100100111101110011111101101011010110100000000110100110001111
11001000100001101101110100000111011111100101110110001101010110001010101011000000
00100110110101010100100011011010010111110101110101000100001100111111111101010011
01000001011011001101100001010101011011110010001000000000001010111011010100111010
01111100011010110101010010101001000101011001001000011011000001110101110110000001
01010001011000001010111100110111010000001011101000111010010010000110000110010101
00100100110101000100101100000001111111000011110100101100110001101101001000111000
01011110001000110111011001011100000000101111111001001100010010001101100001010111
10010011001000101110110001010110111000010101101100110001110010111000110110111101
01001011100110101001111101101100000101101001011001001010110001110011000010110001
10000001111001110111111010000101111100110011010100001000100111111101101100100001
11100001111010100111011101100111011110110011100000000111000001010110110110000110
11100111101011011000110000001010100011000000001111000110011011110001010010000010
11001101010100000011011010011101010001011010010101110100001000111110000010111101
11011101111110101010110010101111100100101101110101001010000101011101011110010000
11110101101100110111001001111010010011110110110001111011100100001001110101011100
01110110010110100000110101010110111110100100011011001000100001110000010011001011
01001011001001011110111011101011101101011110100100001000111010110110101010010101
10101001101010010100001010010011110101011100011000100101110101000101110001111001
01011100000100010100011110101111110011011000011110101000001001111000011111101111
01010111010100011101010011100011100011011110010000001100110010011111110101001011
01010010010001001100101100010110010010000101111010111111100010101000111001111011
00111010100111011111001111010110110011000001011111110101111111011000011000000011
01101010100110010001000000111000000011100011001111010110011010100001001011011000
01101010001101010001100011010001000110100000100010111010011110101111011010101011
00010001000111001101000101101000111111001110110010000000110110000000010011010111
11010101110001101010010101110011101000110101101101001001111010011101110011110100
00011010001100111111110000110000110001010001101011100001001100100110111110110001
00001010101111110110000111000010100101101010001000010100101001110011101010111010
01101111100101111111001100111000001110111011011101011110000100111100111011010110
10001001011101000110001001011111101001011011111110010010010100011001110010111001
11110111010101111111100110111011010000111101100101000100101101000111110001010000
00001011110110001010000111001011010101001000001001011001110111010000110001101011
10000101111110010010010001000011000111101010011101101000010000001011110010110100
11001000000010000011111001101011111110100010010100111010111010011000100111100000
10101010100100011011010000110001000000101011111000010010111101111000001001001010
10100100111101011100001000110001100100000000111001001101101001101010100100010011
11001000110011010010010110000010011000001110001001001111010111101011011101111100
11100101110011111011010111110111000101111101001101100011111101001110011110101011
11101101011011101100101010110100111100100011100011011111110110011111010001011011
01011010111111010001010001100010001001000011011111101110011011000001010011111101
11111001010000000110011010011000000100000000000011001000000111011011100010000101
00011101001100000001001111101000000100011001011000001001110100100011111010110110
00101011001101000111001101000000010011111111010010101110111100111011001111000001
10001100001100110010011000011000110011000011000011100010100001111100111000011100
00100101000100101101100111111000000101110001001111000011000100101010000011101100
11110010001110100100010111100001010000011100101010111000100100100110100010111100
01011000011000101010000010001010011101010001111010100001001110001000001101100000
01001011010010111101010100110001101001101001110010100101011110111011101010101010
10011010000110110011000100011000110000010110001000111011000111110111000010111111
01100001100000010011010010100100100011100111100101000001001100000011010000010101
01000110100000011010000001011000001101101101110000001001110000110001001110101010
10100011011100000000110100100101001011001111101100100110100101000001111011111011
10101010100101000111110011000110110001000001110001011001100001111000001101111011
11001010101000000110010001101011111001101111010111100101111011001010011001011101
00010110000111011001100100010101110001111011110110111110001010100111010010110000
00100100010110100011010011100101111100010110001101110001111110011010101101000011
11000001001100110100100010001111000100101001001001101000111010111111111111100000
10111010010111100100100000001011011100001011101010100011010111000000001000001010
01111101110100011010001111101110010001100010110111101010000110101011010100100000
10000100111111100101011001101000011001101011001111111000001000001110001001101101
00101011111000000000011000000001011110101111011110001111100011001011011011011010
01001010001101101011111111000110101110111100111111011111011010011111001000011101
00000100100101111011011111101110011110101011000000111001110111100001001110001011
00101001101010101111001100001000010110101100000101000100111010000000101100100111
01000100110100000110000011000101101011011101101001100101100110010001010010100110
00011001101011000011101100100000101111110001000001111000110101010110000111001111
00101100110011101101010111100111100011010100110010011101011011000110001111100000
10101001111111110100101000000111100011110101011110101100101000101010101010110000
10001101011101101001011000000010100101010000000000100101010010110000010101111001
10010111000111111001000011110110111111000001011010011010010100100001011000110000
10001010011010011100101101001010100000011011100100100000011101010100111110111111
01101100111100001100010000101111001111110101001001111110111101100100010111101000
10001101010011100101111001010000000100110011101000110011111011001000000010101100
11011111101000101010000111111011111111110111101100100111001101101111001111011110
00110100001111101111011001111001111100111000111000101111101111011011011001111101
11100100000111001100111110000001011111010000000001001000100000111010101000101110
01101001011000011000000011100111001110110100101011001101110001010011101101010000
10110100101111111111110000111101001110010111101011101000010101001110100011110011
01000001111101000010010101101000010000101100111010101111110000110000101110000100
10001010100110011011110010101101010010110010000110110001010000000011101000000000
00001000111000111101101001111001111111101111101011001111000111000000111101100011
01010110100110111100001101000000011001011101100001101101000000010101001001110011
00101100100110110101100010010110101101110010111101111101101101000000001001111100
10110111001101011010111100101010100001000010001001101000011101010100000111101011
00000010110111101101110111100000100110101011010110011100000011101010100111111101
01100101101010011010001101000111000001110111101011011001110110111111111000101000
00001010111001001010101110110000010110000101011000110011110100010101101001001111
01111110110001101100001010011011110010000101001101001100110100101010110101100110
11110011100011100100101001011011100010010011110101011110110011001101110011101101
00010000001101110011110110011110110100000011010110010100010000001001010111011101
00101100010101000101110110011001110011100110000011101001110111111100101111001011
11011000101110101000001100001111010111010100010110010100010100011100111001101101
10100100010110000011110011010000110101010101101000001001000111010110111010010101
00100000100101001011000111101011111101001010010111000001000100100011001010111010
00100100000100000110111011100110010101101100110010111101000110001110101010001000
01000110011110111001011011000110011111111101111000001011000001011110100011000111
11100000101101111001011000010101110100010100010111001001101111101011111110001001
10000110110111101011000010100011111110001111001110110101010101111000101000011011
01111111000011101001101101101001111000111100110110010011001010010010001111011011
11011101000111011111001000000001000000011100010100101101100001100001000000010111
01110001100000010000111010111011110111110110111101010001110001010010000000011100
00010000101110111000001111100011101001110000010110001100100000001100011001110101
00110000101101101010111100001010111011110101011000010110110001111001100100011010
01110101010101101001110000001001110001001111101111100000010100010111001111011010
01100110000001111111001100010000001001100111011001101100110011000110111010110101
10001100110001010101101000010011001101101100010011000101111010110110000000101111
10101011010101011000011111100111000110001011011101000110000111101111001010001101
11111010000111110011011100001111100011000010011110100000000110101011100110000101
01100111000010110100010100000010011001101100100101101101110010001100010110000100
01101110010000011011110011010110110111010111110100111101000110101000011011101101
11110001100010001100011011010110000001101010110010110000100101110001111100011000
01011110111011010011000001111011001100011101000101110111100111001111010011100100
01101011010100111100101011110010001101100011101110110111110101000001101010011010
01011101000011100110011111100010001101011000110011001101100010010011111101001010
01110000000001000100001110011000101110000111001111111001100000110100000011001000
11000100011100000101001010101011010011001001010101010110110010100011111100100111
01110101001011000101101001110000110100111000001101010001110110111011000011011101
11011011011100101000001100010110011111110011000100110101101100110101010100000000
01010101100000111101010010000001010100001101000011000101011110100101010010100010
01010100010001010000111011011000110000001011111110111101101110111011101000100101
10000110111101100000001110100000000110101001111100110111110101011101000100011100
10100001100010000101000110000011010100010100111000001110100001111101000001101010
01010001010011110111101010001110101111000001110101010110000000111101011101110100
10001010101001011110000101101101010010110100000000000011001111111000001110100001
10101000101000111111111011001111000110100101000001101010011010111101010100101010
01000101111111010011010010100110011100011100110001100001010111000111011110101010
01011100100110011000111111001000000110100000010100110111111000100110000101100100
11000111111100101101100001010110011101110001001000010101001101001111011001000111
00001011111101110110101101100101111100000110010010111000110000111110111000100101
11001001000000011100011011000000100101010110011111010000110001100000001010011111
00100110000000000111101011111000100101110101101100100111001110010000100101010000
01000110111110011101111010000110110100011000110101101111001101101110111001101101
10100101101101001010100011101101010001110110111110101000101010110101100000010011
11011000000100010010001101110100001111101001010101000111000111101100101111001011
01011101011111011001001101110010101101100100001010001000001101000010111101101010
00010101110010001000001010001101111100100101111110110101011001011111011110001000
10000000110111110101000011101100000001000010010110001101100111100101000011111100
00100011000000101011100010011100011001110101011010110010010100111011000010011001
00001000000000110111100011100110000101001100001101001011100111100111110000101110
01100001101101110101110101111000111010110011000011101111001101001010100001001010
01000011011010110101101100111001000100101000001000001010101000010010110001101110
10001001001001110100001110011101111111101010110011001100000001001010010111000111
01101000001001100110001001110011101100101001000110011100010001001110111101000110
01111110010000100001011111010010101110000110101000101000001111011111010101000010
00111111001101000001110100010101010111001001111100011111110011110001001000101000
01000101001010111001000001111100011010001011000011010111010011001101011011101111
00100111001011000000000010100001100111111011011001101001111010000110010100110110
01011001011000111011001000100101000000011100100101010011111011010010001011011110
01111010011010001100110110001100111000000101101111001101011110000101110011101101
11101001001000001001001110011010111101010100111111010000010110001111110100000111
00000000101110100011100111110000001011110011010000001011110100101110100001101010
11110111101111000011100101101101100100101111001011011111111001100100111111000101
00000101010001110111010110001010000011101111000001111101001011110111010111011111
01001110010111111101111100000100010101110001011100100100111001011100111001110000
01111101001000011010111110110111001100100101111001101100010111100111010001000111
00001011011111001001111001101000011011000101100100001011100101000000110001100110
11101000111100011100110010101010010001100101110111100001001110111111101001110100
11001100011000110001001111101100000101100101101111110101110000010011111001001010
00000011101010111111110100011011010001111101100100000010100001111010001110011000
11001111100101101011001010101011000110111011111111110001101110100011111010001010
10000111010010101010111010001000111100110110100111101111000010000110010010111111
10101101111011101111111000011110111011101111000010101101011111110010111110111101
01010101101110101000110101111001011111101100101111010010100010111010111000011111
11110100110111111100110110001101000010010000011001010010000100010110010100010011
10001011110111010111010110001001101110001110011011101111101110011000100000000111
11011100000110001111000101010000111010101101010001101001110011110001101101111111
11100101111000100010110011100111101101000101101110011000010100101100010101010101
01000000011100010010100000100101011111110101101001111101001000001110001001010011
00001011010010001010010011101100010000101010110010010000001001000110100111111001
01010000100000110000101110100000110010111001110000110110010110100110110000010001
10001101101100000011000101110111011101000101010011111010011000100000010101110110
00100000010100010110010100100111000000111111111001101001100100101111101110100000
00110100110010110110011011111011110000010011110001011001011000111000101101100001
01010011011000010111100001011101011100100011100100100101011011101000111010110111
11100010001011001111111010011011010000101011111000010110101001100011010011001100
01110000001100010111110101000010101000100010110000111011000011011000111011100010
11001000111001100000100100110011110001111111110001111111000110011001001111110110
11011011101010101101100100100100101000000001110101011011110000000000011111000001
11011001100001001001001101011110101010010010011100010000010101001010101110001111
01001110001010100110111011100000011100001111100100011011011011000110111000010111
10101110111110100011001111110001011101111011010111011010111001001101000100011000
10010101110100001000101010011110111111110000001000110110010011001011101001010111
01110000110010011111010001011110010000101000111110010010000000011100100101010110
00010101000001011101000011111010010011110001111101101000010001000010111111010011
11111001010111010011001001110111101001010010101010000110111000000011001000000100
10001010101111010001111100100100010000111100100000101010000000100111011101001011
00101100011010110111111101000101000110011000011101000110101011101101110110010110
00111101010101100111110011100111011010110110001111111001111000000111101101101110
01000101100100101110111100100011101011011001101110010111100111010010100111101111
11010001100100001010000011011100000110110111000100010000110101011111000011010001
01010111111001111100101010110000101000110000000111011010011001010001111111110010
10011000001000110010001100000110001001100000011011000101111011101011010100100011
10111010011010100001001101010010111101011010111100100100100111110110110111001111
00000101111001111111010001111011000001101100101001111110100011011101101111010110
01000000000111000010000111000111010111010001000100110000110000010011011000101101
11101000001001000100010011010000101111101001110011010011010011101010000101111110
11111010111111001001101100010111000101001110100001001111010001011100111010001111
01111010000101111100110011000001010110101100011001110001011100011001010001111011
10110101110010100110100100001010011000011101101000000111011111111100000110111011
11001111011010101101011001000000110111011000010111011011011111011101100001010001
00010111000000100110010011001000010000011011101000011000000000001010100010000010
01001100001101000011110111111101001111111101000001001101110101000101100100110011
11011101100000010011101011011001000010100001101011111001110001000110110100100110
10001111011100110000011111001100000001110001001100101011000000101110010100001010
01011000000010001101010010101011011100011111001110110101011101111100100010011000
10111110010110111100100010100011101000010001000110010100111111101110000011111111
11001101110100111111101101100010101010111000100001100000101100111000010010110100
10010010100111000110011011110111110010101001111100010101010110010000100100001011
01000011001011000010100101010001100111010110101010010011011110010110101101101110
00001110001100011001001111010111010011110100110111100100010101101101100111101011
01001101111010100000101111011000101010010101001011010111010110100110100001100101
01010011110000110100101101001010111110010001011110110011110011000011001001000010
11010100011011000111011000010011010111101010011110010001100101011111110111100010
00101000100001011000010100001011111001100001100101011111101110000010111100001100
00111000001010110110100111110011010011100000110110100001100100010100000011100101
10010000110101011111111100100101101010000101111101011100011000110011100000100110
00000011111100101010111010011011101100110001110110010101101000101101101010000111
01001101100011111000110011011011011011110010000110010111010001101111011101001011
01111111100111110111010010011010000011100011100101010111001000110000111001111110
01001011001101100111011110100001100111101010011101010001100010100010110000110111
01101100110010100000011100110010000100110110010110010011011111010110000001110111
00010110101100101110100110011000010000100101110111000100100110111000001110000110
11011110000000000101111010101011110010101110101101100110111101110001001010110000
10001001010000100011001000101111100110000000000110000101111001011100010000001101
01000101000000001001100011001111011010001011100101000110001000011101111110111110
01000011101001111000101110010001010101110100100011011000000011110001000100000001
10011111011001110100001101010011100101100100010010101100000110100111010010010010
01001001111101111110110101111100010111101011110101011001100001011001111100111101
11010010100000010110101111110001110101010101111001100100000100001011010110110101
10100000001010000010110100110101000001011000001111110100101010101010101010110101
00001000110111101111001001010111101101100111001001010001000101111110000010010100
01011100100011010101100101100011110000010001011011000000000100000101000110111000
10010110000100001001010010110010110001111000111100001110001100000101010010010011
11101001111010101000011001100011011010110000101100101101101101100011010011001100
11111000111101111111100111000011011000001000010101010110111011001111001011011100
10100101000110111101100100101101111000010110101010000101100110000000011010111100
10101100100110000011110001111000000001100001110111110010011011100100011011100111
10001001110011101010000001101101100101111000100011000001010010111101000100001100
11001110011111001000011011111111000110000000011011011001011110000111110000100101
01100001010100000111101110001100000011110111100000001101010011000100111000100000
00101000000010001000100111110101111101011100110011111001011111110000000011110010
01100000001100001010110000010111101000011111110111001001011011010011000101101001
01001110001010011010001010110101001101000000101101111010101010001010100110100110
10101110010100101101100111001010000110011001110111111011111000111001000011010111
00100110000111000101011111010000011011110010100010110111010110000000101111001010
10000101010010110011001010111110001011010111110100000111011011111000010100110011
10111100010111011101111001100110100110010001100010100110110000100111010110101110
10110101010110110010000110010100010111001011111001010101001110110111110111100101
10011101100011011001101100101100001100000011110010010110010100011110001111000100
10100000101101101011010100110010110011000001100110000010001000101101010101010111
00100111000100010011000011110111001110011011001100101111111100100110010010010011
10111011001001110010111100110010000000101100100001101101110001011100000111001000
01101011000110011010001010100100101010010010001110011110110010111100010101001001
11100000110110111110100110101011000111100101100000101111110000100110010100110011
11110111010101011000011100110000101101011111110001000001101010100000000110000100
00000010001101000001010001010010101110001110101100100011011011001011001111011001
10111100000001111101111000100110100100010100011010011110101010101011001100100000
01110011000001111111001011101011101111111101111010101110111010000011001000101100
10010100100100001000010010010001100110101110101000001100000110010001100010111110
10001110000011011010011000011100101011111010101101001111111110010010110000110110
11101000000010010100110001101101001111001010001000010010111110000101100001010001
01111011001101111001001010101110100000101101000000001011011111101001010000111000
01110011101100010001010011100100011111110011001001101010110001000000110101111101
10111101101100100111011101000001011000011101000100100010111001110010010110100010
01100010100100111011000010010010110100001010110010110101101110100000000000001011
01000001011011010011100101000100011111010100001000010110000100010100000110101010
10000100011100101100000000111111110101100111001101111011000011110011000000111110
01010000111000100110001100010000111111011101110011001011111111111110100100000111
00001110111001000010111010101011010111101010110111001011101100001001000111111101
00001001000011110011000110010001011111101010101101100001010001100111001010101011
01100010011101000111110111010011100001101000101001000101000111011000110101101000
11111110110101001111011001001001001110010100011000111101101000101011111011001111
01101010111110101000100101101100011011110110011010100011110011110110101100010111
01001011011110101011010010001000010000111101000100001000110001100000010000001011
11011101111110011100111010110110001010000110101100111101100011110011111100110000
10011111111101001011000001011001110100110010110101010011101100101010000000001000
01011110100101111000011100000111011110011100110000010010111101110101011111011110
01001111111111111101011101011111000100011011010010000110101011111000110001000001
01100010011000100000100101111100110001011100100110011110011001000110111011101010
10111000000000100101100011100000010011000011111010000000001001010011101111000101
01100100101111011010111010101110001110110101010101001100110000110010000100111011
00100111000000100111000100001011011010110100100101011100100110001010100001011100
00100010110110101100011111001100001001010110111101100000011100111100011111111111
01110010000011010011110000001001101111010011011111010100011011101001011111000101
01111001101111011100110001100110111111100011100111111110011001000001101010011100
11010011001101110000000010011111000010000110101010001111000011110011010010000111
00111010001011000011000100110100100011010010010100011001111111000001100001010100
01011100011101110110100011010001110111111000100001101011100101000010011101010101
10111000011011110000110100111000001000010011111101001101000000011010100101110001
00111010010111001010100110111011101111101101011011011000000100011000110000110101
00010011101110011010111100011011101011101101000010101100000010000011010111110111
01011011101001000000011111010001001100011000101001000100111001000010111011110110
01110001011111010001010000101110010011010000011011111001001101011111001001111010
00011011000111101100101110100001000110101111001000010111101101010110001011100100
01011100101110001010100101111010100101100000100100010111110010011011010111011011
11110011100110111011110010101100111011000001101000000000011101000010101011111111
11011111110100011000011011111011111101100110011011011111101001100101101110011110
10000110101010011001110101011010001100001101001100101110011010100100101100010100
00101100100011000111111110101110010001011001010111100001000001111011110011111000
10010111101000111110010111110000011010110010000110101000100001110001010101001111
10110110111110100101100000001011111010101111001110010010010100111000010011110110
01100100101000010110100001111100111101101100011011110010100111111110110000000011
10101010011000011110011010001100101111010100110111100101100101100111110111110000
11000011011101011100110000000101110100111010001110001010101100111011101101011111
11010111111001001101010010101111101010000001010010111001111011000100011011110110
11011000010111100111010100001111011101101100001010010000111110100101000110100001
11100000111000010001101100100111101111010000111101010100000001100000001001011001
11010100110110111101011111001110001001000011011010101011111001010000110010101011
11100111010110111001100100001101010001001010111000101100110110001100101011100101
01011010101001100110001100001101110101001100111100011000100001110010101010011010
11100001010101100100111011101001010110110000000000000101111110001100010101001011
11101111110101110111110100110111001000010111010110100010001011110100101100111111
11100001110011110101101011110101010101000011101010101101010110111001010111100100
10111111101010010111111010010000101011000101011001001011000010000101011101011111
01111010101001011000011011011110100111001000101000110110010111011001011111111010
00000010011011110110011110101001111101001001000000000011100110000000101100011110
10110100011000010001010111010011101011000111001010001100010011000010011011110110
10000111111000101010100001010010111111011010110010100101100101110011000000010111
01101011011100110101111010111111100101111000100101010100011001001010101001111100
11000000011010011100010011110111000010000110101110001000101100000100000001011011
01111110110010010001001000011010110011110000011010011000000111111110011011110100
00000111110010111001011110110111101011010100000110010110110111110100101010111100
10000100011000001001011100010111101110011111111111100100001100000100101011000000
00010111110111011101001001001110010000010001010011111111111110001100110001100101
01110100110000110011101100101101001100001101001001000111100010111010111101000101
01001101101000100110111011101101100111000110010000110110111101000001101010110100
11000010000011101111011000101001011000100010100111000101000101101011010001000100
00000010011001100011111011100101011111100110101000110010111000001111011001111010
11111111111010010101101001011011000011100100000110000001011011000111100101010001
01110111011110101100110000000010011111110100011010100001111010011110001111001001
01000110001010110001100001001110000000011010110110101110001110010101110010001010
01110111111100110111101010100011000010010100101001111110011011111110011001111111
11010011011010000101100001110111000101100110000000101100111010110101101110010111
11011011100111010100111101000010110100111111100101011000110011100100010000110101
01111110100001010001111101000011101010100100110111000111100110011010011100001110
10110000000010100011110011000110001110011001110101101001011011100100101100101000
01001000101100001100100010101001111000001000000110001101001001100010011110010101
11101110010100000100000001110011110010100111011111011001101110101111111001011110
01100101110001000101001100111111010000011011000110101011101110010000110010101010
11100010110111001111110000100010001100100101011010111000101011010101100010011100
10001100001011000111010100100010100001101110101011111110011010000010101111010010
00110011011010111011001000110111111010001100010100100001111010111001100110000010
10011010001101110010111001000010001100010011011101100011000011101001111110010101
11000100001011100010000101011111001000000011001001010100100100111101101111101001
10001000010101100001000100111011001000101010011011000000011100011111011110100011
10011100101000000110001011010101011000011110000110100000110101001111010111111100
01010110111000001010101110110001111000010111110111110111100010111001111101000011
10000000100100110001100100110110101111100000100100110001001000101011001011010110
01101000000110110001010100101010111010100111011001000110110101111111011001001100
10111001010001110011111001010001000111110100111000100101100010110101001110100110
01011101110001100011100110010111110000010100100001100011010011011111000111010001
11010011110000010101100100011011011010101010010111001111011011010110110110000010
00101110001101100011101001101101011001111110110101010000000001011110000000100100
01111000000111011111010110101111001100000110100100001010011100100011111000001101
00011000110011110100011001111101000110011010110100001010010100001001110101010000
10011010110111011111110001001110101001010011001100010010111110100000100101101100
11101101110111001000110001111011000111011100001010101010001111011111100010111100
11010101101111111000000111100010001111101011001111001110100011010011011010101101
00000111000001001101011000011100001010111010010111110011101111011001110011101001
00111100101001101011101000001000100011111110110010101110000101001100011100010100
10000000000010110100000010101101001000011100100110101010001110001100011111000100
01101001101010010110111100001001111100100111100110101001101111000100101010010010
10110101010010101000111011001100111100011100000011010111111111110001010111001011
00111101010101111001100110000001000001111111101011010011100100110101001101110101
01101011100110110101100001101100001011010110001011001111111111001100000001110111
01101000000101011101000001001000100011000001111011011001011011100101100100100010
00101100100100100110101101100011101100100101100011101010011011110011110011110010
00101110111100000011011010011110101111110001011111110111110000001100010010011110
11011010010100100001000010001110001100010001110001001000100101010010110011110010
01111100011000010000100011010000010101001000100101001100011111001100111011001100
10011000010010000001000010000100101001000010111100110100110011100111011000010111
00001111011101010011110110100110001110101000110000111001010111100011101000001100
01010111000000001101101011010110111101110111100001110010000000011001001101111110
11010100101101000001010110101100110010110001010000000010110011010001000110011000
00111011101000110111010001110001101011010000101100011001000110110110000010110001
01000001101011111011101100000011111110010111001011101000010100011011100000010111
00000011110011011011011110110110010101111010000010111100101001100110110101001100
01110110101001001111000011000100001110011000000100000101100110100101100110110100
11101001100010100011000001101111111110011010111000010011101000100101111010101010
11101111011011111111000011000100101111010010100110100010001111000101000000111001
00010110101101101001001101110100001010011000111111110101000001001101111110011000
10011111011001011111101001010011101110100100011001101010011010001010001001111011
01111001101101101010100100100010000010000110101100110001001111011000001101110001
01010101101001000000001011010100001101110011100011100100100011100000111011100111
10110000100111101011011100010110100101111001011110110010010000100101111111111001
01101100101010010101110111100010110010111100001000000110000011110101000011101000
11010111001000101010011101001100110101100111001001010001011100011011001000111010
10010101100111111011101001110100110010000100011100101111000100101110011100111001
11011000000001111011000000011010001000001101110111100001001100111110110110110010
00101111100011111010011101100000000000011010001000101000111000100011010101110110
10110100110010010001110000010011011101100110010000000100101100000101010100010100
01010111010101010110101110001110101100110000011111111100101110110001111010110111
10000010110111000001101011100110010110010011001100001001010110100111101111011010
11101011110000010101111001110100000001010011101110010110101010101011011001011011
11111010101111100001110110000101000111111111100100011100101101001110010011111011
10000000010100011001100001001110011000010111011110001111100000101010000111001101
10110001101101011110010111110011101111000100110111001101001011110010000010110010
10100000100101110011011010010110010000001011100111100001010010101101110111011110
00101110111011001001001011111100111100011111111111000100100111110010101101001110
10001011001000011111111100111100001110010111001101101001001100011100101111000111
01010010110000110111101101110011011110100110111010000111001110000001100011001101
00111111110010101100111011000100011100010100011100011011101001011100001111001001
01100011101100101011110010010101011110001111100011001010111011000100011110010101
00110111111101001011011010000000101111110110100010000110110000111101000000101001
00111011011111011011001110011101101101011111011010100000110110101000001010101000
00101010011100011110000011011110110100001110101101000100011111000100000001111001
01010111111110110000110110100000011111001011111100111111001111101111110110101100
01111100010000101100101011101111010111010010100110000111110110010101001000001111
11011011110101110100010001101110011011011101010110011100010010110000101010101001
00110011010110000001110100000010011101101111100111010011001011101010000110110011
11100010000101100111101110000011110110100110111001010011111001011111001101000001
10100000101001001001111101101010100111010101100111011100111010010001101011101110
00100101111011110010110101010111111100111100011001000100100100000010011100001011
11010010110001110110100101011000001111111111001101110111101111110000001100100000
11110000011011010000111010101001011000001011001011010000100110000111000111101111
11011011000110001000111000101001111101011110011001111101111101111000101111111111
11011001011101010101001000000111000100010101010100100100101000011010110001000110
11011011110101110000111000100001000111100000110100110001101010010110000010011011
10011001001101110001001111001111011100100100110001100010111110001101001110110001
00101101010101011001101000001010110010001011100111111111011111000100110000000111
11010001010001000011111001110101000011111100110011100100101001001011000100100101
00101100111111001101100011101111010111110010011001010001101010101100100010101101
00001011110010011001101010001000010000110011011000001010011011110001101101001010
01000101010100110011011010000110110011011100110101011001000010101111101011000000
10000001101100000000001101110000000010100101111010001001101101010110101010100111
10000000111000010011111100011110100101011110001111011100010111010110101011010100
01110110100110110100111101101011110011110100101010000110001000101001110010110010
10101001000101001000100001100111110011010000111000001000111100110010110100100101
10101111001101010101111001011110011000100010101110111101000101000111101110111111
11100110111100100100011011111001011101111111100010101001011011101000010111100000
10001110100010101111111101000010111100000011100010000110110011000010100010000111
10001110001010001000010011111000100110111010110000001101011111010110011011000011
00011000111111011001110001001000100101111111100011101100111100110001010000101001
11011011001010000000110101011111010101011100101100000001111011000100000100101000
00100111001010000100110101111100111101000011000110110011010110001000001111011010
10010000010111001000010111100001110111110111011110111100110001110100001101011100
11101001110110111110000101010100100000111111100110000001111001100110100110110000
11110111110010100010010000110111100101110111011100001111001110001111111110100101
11011110110010110001010001110010011100101000111000011111110101000110111100000001
01000101011010110000110111000100110110111001000011110010000000010111100110011100
01111000101111110001110110011100001011110010011001001010011101010000001101001100
10011101101010010110001011100100001110010010001000000101011110011011110010100001
10001011100100000100100010000001110010011000111010011010001000111100100111100110
01110001111100111101100000010011011010111101111010100000111111001001010110000100
10011110101100000111110000100001001001000011100001101000011100011101000011001010
11011101111011010011111011101110111001010010000011000010000111100101111010011001
01010011001011001101111100111000111010001011100000001011000100000010001001001100
11101100010011000010010000100101100000101010101001100001111011011101110101010010
01000011000100011110010100110110011100111101111010001101010111011001010111001011
01100000010101011010000000110100001101111110100110011100100011101001100100011000
10101010011000101100010111011110011000011101001000111101100001100011101011100111
01110101011100100111101100001010100011110111110010000111110011110110011011110001
11001010001111001111110010011111101000101010010110100110111110000001101101110111
01110011010000000100110010110010010011000111011000011110001100110100011111111011
10101000100011011010110110000111001101111110101001011111010110110011010110101101
10000000000010100001010011001110011000010000010110000001001011011101001000011010
01000111100110000001111000001010001110010100001001011001101010011000011101101001
00001000000001001000110011110011010101101011100110011001010111011110101110011011
10111100001000001000101010111000110110100101110010100111101100010110110101011100
00001011010101111110010010001110111111010100001010010110011000001011111111110011
01000011001101010011101010110010100011000100001101111011101010001000101010001110
00101010010111111101101100000011010110111101000100001111001100010000011110010101
11101000010111001011100000100101100001111000110001110110011101110110110001000001
00011100000000001010000111010011111011101001010100011100111110011001011011001001
11110000001110000000001101111000101000100011000011011001010000110000000100011110
01010110000111110011111001000000010010000110100101100001010100101101010101100100
11100001000000001101100100101011010111110101100000110110001110001111100101111000
11101010101110110010000011011011111111111110011000011011111011110110001010001000
00000010110011001101101111000111101101110101011011001111011101111000010000011110
10111010111011101011000010100101100000110010001110111011001110011001110101001011
00100101000111111101010001110010101000001010001010111110010111010010000111011101
00011110001111001101001101011110000001100010101111011001101101011110000101110011
00110011111000011100011011101111101100010101011000100101001000011111101110001110
01101010001001110111010011000111111101001110111111101111001110100000110011111101
01001000110001100011100101111001010100011000001011010100010001101101110110101011
01001110010111110101111111100111111100010101111010100110101111111010110110010010
10110110010000011111000010100010100100101001001100111010101001001101000111001101
10010111101001110011000000010000010100000111010010101101000100010000100101111011
10100000001001101011110100000110110111001001001010000010011011100010101000000001
01100111101011100001000101011110111100110101110110011000011001111110001010100100
01111101010010110110100111100111110010101111000011111101010010001000001000000111
01111011100001111100111111011110111010111110111111101011000011111011000110011010
01011000111001010010100100010010011000101110110001010110010101000101101001101011
01011001110100000000011000011010011101001110101001011001001101101001001011111010
11001110011110000010000001010110001111111110011001001101110100100111111100111111
00110000001111101000111001011100000100110110111110010001100001011001100010010111
11101010011011101110010110110101010011100010110111011101100110011100001111011011
11011101111010110010001001110110101011001010100001101111111011011101001011101010
10011010011111000110000000110110110010101111110100000001010011101000010011000110
11010000000100111111001000000001010010110101111011100111100100101010001101000101
00001000100101011110010010000101110100100001000111001001011101110011010001100100
10111101010110111100111100001011101011100101101101001111000100010110001100100011
11110111001010111010011010011001001011101000110110111010010111011010001010010010
00011001100100101111000101001000101110110010000001101110101101001000110110011111
00110000000000010100101011100011011110001001110110101111001101100101100001010000
10000000000000100100001101010110111010111100000011101001011011000111111100000110
00101001011101001000110011000010011011100111101000101000110111100110110101011001
00010100101111010011111100011011101100111111100011110011001110001011010101000101
00110100000001110000000111101011110011100001100011000101110011010111100000000000
01010001100100111010100011000000101001011101110100101111000101101010111010000101
11000000101011000000001010011101100011011100011111000111000100100000010101011110
00000110011100011011001110101001010101001111100010110001100101000111101100001101
00101100111111010101011110000001101010011000100000110100110101101011111001101001
00110001110111001010100001111110010000101110011101001110101101100100101001010001
00101100111001110100001010111111000000010001000100000111000111011000111101000000
01110100111100111111101100101111101010001010101011000110010111001111100001010110
00001011000001111000010001010111001111010110011110010100100100101101110010010101
00111111000111101011101001000101111001000111011001101011000000010101101110000111
10011001001010110001000000101010001110010001100001101010100000010001001100010111
10001101101100101101001101010111001111100101001111111111111011000111010100011011
11110101101001000111110000100100010010101011110111101101100001001000101010110100
10011000100111111000101101000010001000011010110011110100100110000000000000100000
10111100000011110100100010010000011001000111110010110010000000111110000010101111
01010011000111011100001010100000000100000111010111000000100101000110101000111110
00000011100110000011110001000111111101111111001101010000001111000011100110101001
10101011000011010000100000110000101011111101110010101111010011001010000100010010
01001110100110011111101100000001001010010111100111111100100011011111101011011110
10110001101010000111110111011000101001111010000001111110100110011010101001011010
01101010101100010011011001100000010100010100001100001011010101100111111100110000
01010110010000000101110101111011001110100000101001001101010010000000001101000000
01100011000000011100100111001000011100011001011101001110010011101101101101001000
11000111001011000011010010110101100100111111011000110111100101110011101010101011
11001010101101001100101110100110111100011111000011111001111110111000111100110111
10101100000111100100011011010011111010011110101110100010100011011011111010000001
10010000111110001001011100010011111110101111011001010101010001110100100011100111
10010101101100111100101101001001101101100110000101010110010001010011100011111100
00001001010000110000000000000101111001101111001011010000010100011100100010010111
10011111110110000101111010111011011000010011000001111010000011011111110111001000
01110100011101000101101000001001100100010110110011001111010111101111010011101100
11010011001000111011001111000000011011001010100110110110110010100111001001110010
10000000011101101110100000011000100011111001011001111111110101010001000100011010
00001010111110110101111111101100111110011111101011100010011111111101001111000100
01001110110101111101101000100111100110001000010100101110110110110111110100001110
00001001001010111110000100011101000100011011101101010101110011111001100000011000
01001100010011001110010110110000101010110000001010100100100011010100100011111101
11111010100010001100111111101110000011001110110100101111100100100110010001100011
10101100101100111000011101100001000000010101001111101000010010001010001010111111
11011110100010100110111111001101100000001011001001000100110011101011100111101110
00100001011011000001011000110001010010100001111000101110001111011001000001001100
11110010011101011111001100001111111000011111111010000100110010101000001101011011
00100101011101101111111111011100011010000001110111101010101111110000001100001110
00100101110111100010110010111001000001001110000110000000001011111101000111100111
01001010011000011101101010110000001011001111111001001101000101100000011000111000
01111110000100110000101000000100100011111110100111101001011111000101001101010010
11000000100011111101111010010110100111101011010100100101111011010000011000000001
11000011100011010010001001011010100111101111110011101010001110100000100100111100
01101110110011000010010000100100001010010110011100010001101101000111001101000110
00010010011010101100011000100000011110011100111111111011111001001011101100110001
11101001010011110000111101011010010011110001010010000001010010110110011001101000
00111000000010011001000101101100010011110100111111001010110010000000110011101110
11100101001001010000110111100111111011001000111110110100110110000101111110001110
11101000110111111101101001011110100001001100111110111100100010001111000110001100
10000000011101001101000011011110000101001010000001111110010011011010111011011111
10010000110110001011111100110001100100110001110100001011101010100011110000101011
00011100110010101111100110111001110111110000111101011111000010111011110001010010
10101000111011001000010110101110001100111010011101101000011011100010010100000111
00001100011110100111000011011111000011101010111001011011100001000110001101001001
11010001110100010111000110101111111101100110111111101000100101111000011100010110
10111000000100010011000110110111011001110101111111011001011101001111011111111101
00111010100101001101100001001101001100011000110001001110010111001000001010010010
10010010011110101110111010111010100010010111101101101000010000010010100010111011
11101000110011101010110111101011101010110100110000000101001101111010101110000010
10100111000101010001011101111111001111110101000110001010010001000000110100111100
10111001100011000001010001101101001000110111101000000000100001101001101010110001
01011000111110110010011100010011000101010010110100111000110101000101110011110101
11100111100101100100101110111111111011011101110101000001011001010101001010011010
10110111101100011001110001110101011011101000011010101110100101010000001100010011
00110101000011100010110110011001101101011100000110110010010110011010011010001100
10000010011111001010100011001110100111101000110111101001111111100000110101111000
11011000001110001101100011001000001101010111010011110100010000100101000000101111
11011101010110100100001001011001001111000100111010110101110000000111011111000001
01000101000110101010110000011010111010101101100101111111111101100110111010010011
00101101110011010110110100000101100000010010001111100001111010101011011110000110
01100010110101110101101100001100101011000011100101111100100000010011100000100110
01000111011010011101010001100001101011100101001010100100011010110000010011101011
00100101110101100101001101101000000010100101010111110101010111001101101011100111
11111110111011011110111010110101000100101110001000100000101100101111101010011100
11101011010010010010110111011110000101001101010011100100111011101101000100100011
01010011001101000101110010000001101100000001100110010001101010101001001010011110
00011100110111110000110000110101111001111100001100010110101111000111001001011001
00110100010101100100000001100000011010110110111011001010010110001100111011100010
11001101111011001000110100001110010011010011100010110001001001111001101010010111
00100111111000010001001010010100111101110010010111000110000101000010001000001101
10011001101000110111111011111100111000101001010111001011100101100111111001010011
10000101001000111100001101110100010100010110101100111111000010100011011010010001
00010110111111101011111110101101111000010101111110101110110101101111111111111001
10110001101110001101110000111001011101110001100001111111001011110111111110011100
10011000110010011111101100011100100000110010111010101101000111011011011100011000
10111111010110000000011000011010101100111100001010101100000001011011111001001101
01111001001110100110010001010010111100000011110100100110111111011001010001001111
11110001011001100010101010011000101100011111011010100010100000001101000011011100
01001010011111000110011110110000010100010000010010010101011111110110011110101111
00000001110101001100010110101100101101010010100100100001000110101010011110001111
00011010001010000100011101010001110000100010100100101010001001110110011110111101
00110010100101100111101111111010001011111010011011110010110000001011001101111000
00111010100001001010110000100100110001101100001011101000001110110000100101010110
11100001100011101000010011101011100110110010011001011101001110101101111101110110
10110001010101100101110111010010000011011011111000000000101000000010001011100000
10010110111011011001101110101011111100000001110111010100001111111111111011111100
11100111010110111011001000010101110110101011101110000101110001000100100101100110
01010100011010011101110011111111110111000011011110111011110100111100100101110011
10011110100110000101100001111011100111110101100010000100010010110000010101000110
00000100101111110001001100101010010010110110110010000011010011001001000000001101
10011100000101100011111110001000001011100110011101010111111100101111111111101000
00010110011110101111110100001111011010101111100111001110111000010011100110000111
10001011001001101100010110001010100101001111000100010001011000110110000110000000
11011110101111010101111110000111111110101000001010011110111001000010011110001001
00000100010000011100001111011101111011100111010011100110111001100110011011011011
00001000100010011001010100101011000110001011110110110000010110100001001101100010
10010110111000101111111010010011100000111110101000111110000111010010000101111110
10111110001011101001000111000001011010010001001011111110001110010011011001011111
10011011110110001000111011101010110110100101011011111110010010110011100101101000
01001011110011000010000010111101011101101010011111011101010111111111001101110001
11100001011101001100010100100100100100000110010101100011010011101110101111001000
00010100010100111101111100000100111110111000010101011001010011101001110100110000
10011100101101110000110101000000110100101100110010111000101001111111011011001100
01111011111001101000000100101011101000010011011000111010000111110011100110010000
01111100011101101010111110101001111110010010111111101000011100101111000000100101
00011100101010100000010101110001101010000110100001111011111001100010011100100110
00010101100111100001010111010001100011011101111111100100110100010100001101000110
01000101110101111011100010011001011111111101100011101000101111110110110101011011
10100111111001110100101110100011101010011001111101000011101111100011100101001101
01101000011110000000010011000001001110000001101000101110010010000101000101100101
01100001101000110000100100000000101111000111010001111001010010101010100011110100
10100000101001010100010000110001011100100111101010110011111001100000111001001010
10000011101101011100110100011110001101100010110100011000001001100101011010111010
01100000001000001100001000010001111000101111100111000001111110001111011010100100
10011111110101011101110011110100110101010011010100000110010011000010010111001010
01100101111100011001110101101010101100010000000111010110111010000100010011001110
01010001110000101011101000110010000011111011101010100110000001101111100100001011
10010000010000101111010000011010000111100110101110100011111011011110010010101011
10000100100010001001010011011101000011010111011011011010100110001001011000101011
11011110000101000110011000100011111101111010101110101010101011100000011010010111
00011100101100010011101111111100111011100110100001111110000000001101001100000110
01100011111101001000011100101100100000100111110010111110111000001001001011011110
10001101000010001110100011000100100001110111111000010001000010001110000001011100
00100110111010100111101111100100110010011001110111010111101110010100011110100100
10101100111001111000100001000011010101111101111101011111111000101101111111001011
01011110111100100111010101010100001000010110011010001110110010101101000100101101
00101110010010111111010010011110101000111001000001101000011100010111111111110011
00101000101000100001100101010110010001111011101000010010001000001110011010001000
01110011011010101111100111001010001011100100100001000110010100011100001001101000
00000111101001110101001101111110101001000100010100000100111000100011011000000011
01110111000101000011011111100101001010100111110011101110001010110100100110111110
11101010111000001001100000011010101110010011111100000001000010111001100011011000
11010010110100100110011000111110101001001000101011001000110101011000111011000111
00001111001100101111110111100000010000100101100011011101000000010111010011011101
11010111101010000011000010001000001101000001011001110110110000101101001010111101
10000101110011101011100010110101001001000000010000100110010011011111101010111010
10110000001001111100011111011111001110011100110000000110001101010010100101101111
10001010111110100010100000011011100010100101000010010110000011010011110000010001
10000110000100000111010110011100101111110111001110110010100000100110010111100111
10000000100100100101111001000111100011100110001111110110101000110010001011001010
01100010000111000101100001100000111101101010111111100000010000000100111110001010
00011000110100001111001100010101011000001011000101100000101100000110001010011100
01110101000110000010101011000000110010011101101110111011010111000110010110011101
10001111001100100111111110101101011010101110101111000111001110100101011100010111
10001010001011011101000100111110001011011101111011111110000101000101110110011110
10101100011011011010100000001101110101101100010110101010011000000111100011100111
01101101001100111111101100101110001010101011110111110100101101111100100000111001
00010011001101111101101000010110000001010111101011010111001110101000101100001110
10110010111011101110001011101100101100101110011100000111110011000001001000111111
01110001111011100111010010000110110001110111111101001011110010101011000001010110
01000101110110100010101010011101011111110101001110110010001111111000000000001000
01001100100001000100001010011010101101100001010111000000110100010001110011100001
00101011000111010100001011011101000000001011010101100110011100100001101111101000
10110010000101011001010000010111001000111000011100101011000110000100101010100101
00011111111100100010110010010100101011001100100110010000100111001010100001101100
01101011001001010101001101111000011100110101010001100101010010000010010010101111
00000010111000100110001100000011100011010000000010010101000101111010001111000001
01010111011000000011010110111001011000010110011101101100101110000101101110001010
10101101101011110000011110010101101011110110111111111000101010101001000000001110
00101001101100100101001000010001000111010110110010000111010110110011010011001000
01111001011100101011011110011011011101110110001101111111110101001110110110000001
00110010010000110011100011010001010000110010011101001000011111101111101000000110
00000101001100011001110010101101101010010100111011001110111010010010010111000010
11101101010110000010011000010011011111110110001011011001111101001110101100011111
11000110111001000111100111010111111110000000101000010001010000011001111100111111
00010011010101101011000110010110110111111101010001000100111111100000111011101000
10101011111010101110001101011110101100000011010100000010000101010000001001110011
00001100011001100011110101100010000110111100001000000010011010110000001101101100
11100101010010101100000010011100101101100001010000010000010001010000000001000010
10101011101110010000111001101000011101010110000110000011100011101011010100001001
11101010000010010011010001100010010110001011011011010011000111101110100111011110
01000001101100111000010110100001100111000000010100101011110001101111011110010001
11010011010111110011011101110010111011101111110010100111011010100001100110000111
00010011111110100011000111001110011001100001010010000110101001100001011100010011
00001100100011100011101111111110101110101010011000001001011110111101100010100100
01010110111001001100100001010011001011000010111011010101100001001100011001010111
10111110010110110011010001011011110010000001010011001101011111100001101100100001
10101110111011101011011110011101000101011001011110011011111010001111011010000101
10010101110001101100011110001010110000110110100101000100110001010011101010100010
11001011101011100111100001101001011101010101100100101100011011000001111010100001
10010101110010000011100100110010111101010111101110011111101001111010101110110101
01100111111001111100010110001101111111100000010011101001000110010110010110000110
00100001100000100011000001100110110011101001011000000111000110111111110111100010
10011001101010001011000110010000010000101001000100110000000000000100100001010111
11011010110001110011001110011001100001000111001110010000100010111010010110010110
10000110010110110110000001010010110100010110011001100010001001100110101100011011
11100101001010001001110011010101011000011000101101100010101101011101001001101001
00100000110100011101110000001010101001011100000000011111101001111011100100111001
11110110101000010011001100101110000010010000110100010100010110110111101011011111
01110111010110010111011100111011100100010011111110000000100011101011111111001100
10000110100011001010110100101000100010000000001011111011111110011111111000111100
10000110100010011001110101100110111011011111111100000011111011011101110011100111
11000000110110111111111000101000110111101011101001000001101001100000000111001111
11101100111101100000011111001100111101001000001001001110110111100010100010001101
10010101111110001010100110000100010001110110011111110011011000100010011101001110
01110000000001010000100111101000000110000111110001001000001011101010000001101100
00101001011011000101111011110100100111000011010101011011000001101110110010000110
10100111101101001110011010111100000111010110011010101001101000110110100000101001
11110101111000111101101111111001100111100001001101000111111101110101001010000010
00110001001011110000001100011010001001000011001100010000001010001100100010111111
01110101000010101100111100111010111110100100111101100001001100100000111001001110
10011000000000001011001011010010111011011100001010110101101110100100000110101010
10100100110010110100011000011101000101101010100000110101100110011100010111101001
10010001000011010110101100101101101110111110010011011100101010011110111010100010
11001011011011001111000010111001010001110111000111010100010011111110100110000010
11101110001010000011110100110111011001001011001110101001000011111011000101001100
00100110000101001001101101001100011000101011010010100110010010001011101010101111
10111000111111100100110111001111000111110111101011111101011101010000010111101000
11000111110110101000010111001110001011111010010011000110011000010100000010100111
00000000100100000000101101001111001000111000100110110110110011111101011011001100
10101100100000000011011001110100011101000000010001001110111010101000010110010001
11101000110010000011010111101100010100000010000111101011111011011001100001110100
11110111110010110010010001101010100111100001001100000111001111100100010001001011
10100100001100011101011011100101100010100111000001101010101010011011011010101010
10001000101001011011000100110100010100100000000011000001101000110111110100001100
10001101100011001000110011100110010111001100111101111111111111011001101110110110
11110010001001010010111111010011010101111101011010100010100100011100111000000110
00110110110000110010101101010001101010000111101010010011100100010101010010111110
01000000100100010001110010100101010001001101001010100010110001100001110001111011
01011001011101111001000010101101111011011101111101111001010010110000010111011100
11000010010001111101010100101100110010000001111110001110101111111110110110001011
10101101110111111101101011000001110101101010101001100111111100011000101110001011
10101100010110011110110010011001001100000000001011011110011111000110000100001100
01000111110110100110010101000100110100101111101111010111010001000111010001110101
10101011011111011000101011011000110000011011001011010110010110111000001001001110
10001000011100100110001001011101111011110101001100111000111101000001010100010011
10001001110010001000110011111001000110001100000011100011110101001101001010010011
10010011000010010110011110010011110100011001100100010101100011101010100011100100
00111111000000010011010001010101001111011010011010111100000010111110000011000111
11110100000000110100000001010100001000111101111101010000011001101110100110100001
11001100110111111000110001000101111101010011001100110110110011001111000011101000
10011011001010010100001100111011000010110000010001100010001010000101000001100100
11000101000010110100000010010110001011011000100000101011011000101010011001011101
01110100111010100010110011101100110100100011101010001010010001110110111110001101
00111101000101111100100010001100010000100111101101101010101010110101000110001110
01010001101111111001011100000111011010010000100010110111110110101101101000110111
00000001011111101010101000101110101110110010101000000010111110101001110010101100
00001010000101011010101011010111000101001010010001110100110011011001000101110111
11010111101100100010001010100110011100111000101101011010000100100110000111011011
11110000010101001000010001001101101001100101111101101010000111010001001110010001
01101011011101100011110010001101110000100000010100010101101101001001101101100001
11000000000101110100000111010100011100010011000011100110111000110000110101110011
10111011101010101010001010111001101101100011011000011101011101100011101011001001
10010001100001100111010001010000000100001000100100111111101011000001111101110101
10010110001110110101100000011100011101101010001101000011101000011101100101010110
11001110011101011011100001110110001101010000010111001111101000100111011001001101
10011101100111010001000110001010100100011110011011110010101010101100000111111011
00110000101010011001111111011101010010111100111111111111101010100011100101111110
01011100001100001100001111101010001000110001010010100100000110011100100110001001
11100010010010011101001101110001111011111000000011100110111011011011110100011010
11101101001100011100000011101111111001010111010110111001110011101111100001000000
00001100001111001110001101101011010111111011101010000100110101011000010111001000
10001101111101011010001101011111011001111101111010011110110100101010110111111111
11011001110010011000010001010100001001101000110111010110111000000011111100111111
01010111011110011110001101110111101111010100111100101111010011101010110101100010
01011000000110110101011111101011110011111110011001001001100011000100010111001010
01010100111111011100010100001000001000101110010010010000101010110010001101011011
11010000111001100100110101000111001101111011000011111110100111010101010111000101
01111101001111011100001111101000011100101111101011011001011101110100101100011110
00101101111101001001100111011100010000001011100010101100011100001101010110010011
10111011111111111110011001011000011001110101000000010110100111010100101010111110
10000011111011101101001111111100010010011000010001001001001011000001111011011011
01000100110101111110001010101101110110101010100011100010000011000111100010100111
11000000110000111100110010011000110111011000110100111000110111000011101100001100
01111001001111011000011010100010110100101111001101001101110101010011011001110101
11111011001110111001101000001110101010111110011001110100011000100100001000011001
01000001101110110101001101001000011011011100000111000011101000011010000001100111
11101110001000011001001101011010111000010110110110110010010001110001100001111110
10001010110110001000101011001001101111010010001100100011100001110110000001111001
11110011111101010000000110011101000101101111000100100100111101100110111100111110
10011110010100010101100011101011001010011110000011011111111111011010111111111001
00010000001011100101110001110110010101111011100010000000010110011011010011101101
00100001001101110100100000010000101000111000000010010010000111111111100000100001
10110111001101100001100000101011111001101010000011001001110111000001110111100000
00010110010010110001000111001110111111001110110110000000110011000001100001110111
01010000011101101000001100010111001010101111001001101101010101010100110111100011
01010111000010101001011111110111000101100000111101111101001000000010101011011100
00011100100011000110110100111100100011100010100111111110101011011000110101100000
10100011111000001000011011100010011001101001010010110111000100100000001100110000
10000000010111101011100000101100111101111111111010000110001111111011100111101101
10111000100001011110111010001100001111111011101100000010100001010110111001110000
00001001110011101110001001011101011000001111110010000100111111011000001100010101
11101000101111101010100100101100011011111100000000100011000110100000110001111001
00100011100110110110100101000010000011011000110111010000000110111011011110000001
11100100100101110000001101011100000001110000111000100011010111110001010000001111
10100001001011101001111001111110001110111001010110110011010111101000001111111000
11010100101110011010001110011100110000011101110001111001111110011010111100000010
11011010110101000101110100101011000011111011100010011101001110110100000011001010
00101111111010011101011111111100000010001011101100000001110000110100001101101000
11010100000001110111011011111110110010111010111011110110010100101100011001101101
10000100011000111100011010001001100100101100001010001110111010010110110100010110
11111010000110010000100100101110100000100110111101111100101011000000110100110100
10001010001101101110100110001000110110111111011110011011111010100011110100100001
10001011111100001110011111101001001001101101001000100000110100011110011010110100
01111100010110000000110111110111001010101110110110000101111110110100100000111000
11110111100000001111101011010101101100100001011100001100010001000001001100101111
10000000010100100010111010011101111110111000000100100100001001000111100001111011
00001101111000000001110110000010001100101101000101001001001001101011111111010000
01111110101101110110110011000010011111100011110001110100011001100111000111111100
01110111101100101011010010011100000101000101101001100001000000000111110011000011
11000111101111101000100001011001110001011010000010010111000011010001011110111011
01011001110110110111001111111111000011111100001111010110110101000010110001111110
01100101011110101010011000001100101100100110110000111001101011101110110011000100
00010111110011001100010101000011010100001101110111000000110100011001111110000011
01001010110000000111101001101001010001111011000100110000111110001001000110001001
11011001101111010100001011100010011111000001011101111001101110011011111001111010
01011111101101101001111000110111111110001010001101100011011100110010000111100100
10001010100000011101001010100100110111010011101001111111101010001101000000101101
00011100000011011100100110110110100101111101111100000101101010100110011111011101
01101110000010100100001110000001110000001100010111101100011011100010111010001000
11110101110000111110011001100000001110110011100011100011101110011110101110010011
01000100000111000010110011010011110000111101111101110111001111000110010000101110
01011101111110010000001101000110111110111100111101111110101111100110000001001110
00111010001101100000101011110111000110100011111101011100100110011000101110001111
01100000100000000001110111111111111010100111001011010001011011010011001101110010
11000001111110000000100110011000011100100111100011101110110110000100110101100010
11000111100001110001011100000111001001100001101000100100101010000000001011101111
11010110001110000110111010011000111001101110101011011000001111001101010111111000
01100100010100100011011101001111110111001111111101111101011101110000111110100010
10111011100010010111001010100100100111101000000011011011001001100101110001010000
01110000001110100011111001101011101100111100100000010010101000011011110101101000
10000110110000010001000011101110111110110111011110111101101011000000000110011011
01011111110000001001000010011111100011101111011011101011011111110001110110110001
11110110100101110000001000111101000110101011011111110010110100001111101001000011
11001010100111011100111011010000001111010111111001100110000000100111100111011111
00010111110010010111111000001011010100010110011101011010100010101010011011110001
10110001010001101100100000110010001110100111101100001111000100110010111100010010
00110101000001110011010111101011011011110111101101001010111100001001100101010000
00101000001000000010000010101100101110000110111100001110011100000101000011001000
00111000111011110111001111001011110110011011001101111101100100110100001001110110
11111101100000101000101011011000110100101000001010111011011010010011111110000111
11110110000011100001010010101000001001011001111000111001010100001001101111101010
10100110110010011000111111001110000000010100111100100100111000100101001110011010
01101100010011101001100000100110111101010011101010110010100011011111010000000111
11111111001010100010101000111110100001100100100110011100101010001011100011000110
00000100011010110111101000000100100101110010000010000110000000111111111110111001
11001100001000001010010001111001100101101001001010010010000101110111110100100110
11100110001001000000010100011001010011000110101101011111011101100101000010111111
11000101000110110001011010100100011111001001000001000110110100110011010000010010
01011100001101100011001100111000000100010110101110011010001100011100111000010001
00001110110101010100101101001110010101101110101010011110100000101001011001011110
10101110110010000100011001000100000111110000100111101101000101011000010110111101
10100011100100010110011010011111001010110110111100010000111011111100010111010000
00010101100111001111111110101010100110011111010001001100110110001001101100010011
00000101010100111000000001011101111000010110111100101101011111111000110111001111
00101011110111110000100000111011100100001000001000000111111110110010101110110011
11011001000110110110010011011011011110010111111111110111101111011000101000011011
00100001001101000100001000100010101111001010100111110100110011010001000000110111
00111011011001111110000100010010010000001010111100000111101100101011000100010000
01111000101011101010110011110101110101001110001010111011011101110111101111100111
10011001101011010011100111100111010100100010101000010110000001101010111011010111
10010001010100101100100000011111000011011001011111011011111111001101101100011100
11111111010111110010101010100101000010100111100100001100111100101110100100111101
11100111001101010001111001001100000101100011010100110110001001100011111101011000
01101001100100110001000110100000000000010011100110100111101110001011010101000001
00000110111001001010010101101110110101011011011111101101110111111010011000111000
01000110111011011001001000111101000111101100010100011111101000010001111101100011
11101010010110101111001111011000100001001011000010100011001100100001100101001011
01100000011001011111010111010111101101001001110000001111110100110110100001010010
11000111111011100100000110110000110110101001110111100110110101010111111010111001
10010011000111001110011101001011011010101011111011111010110011000111101100100111
01100100010110100010101000100001110001000100110110101101011110101001111100111000
10111100011111101100010001100000110111110101011111100011001101110101011100101010
10011000001010000101010100000100011111011111101110101001100110111000010110010111
00100011010010000101010101110110010111001011111010110000111011001001000001100110
00110110110000111001101100111011101000011011111001000011001100111110100101011010
10010110010100110101011110100001001101000010101100011101111010110100001110101010
00101110111101000111001011100011111010111000100101011000010100101001011101101001
11101011010011000011110011001101101001011001110011000111010000101000001111111101
10110010100101110010001011101001101110111110010110101101110001111000010001111011
10110001010000100101101110000010000111100011101100111100101001111001111111001110
00011101011101101101011100000001110010110010001101101110010100111000110000000001
11101111000000000011101010010000100011100011111001101111001000001111111110111011
11101100000110111101010100101101000010111101100000010101101010110111000111101100
10000000010001000010010101101000001001111011101010010110010001000011010100001110
11010010110011101100011110000001001011011000100001100000111110001101100110010001
10111110111100111111100101101101111000000000101110110000010111110001010101110000
01010111011001110101011001101010011100100001101011000101000000101101101111110101
00000101011011101001001110110100000001001111010111100011111001011010110101001111
10011001111011110000011010001101110101101010011101000100001101001011100010010001
10011100010100000010010001010011001011100010010100001110011011111011111110010000
01111001001000101110111111011001100100000101101001100111110101101101111101101010
01000101001000000000100011001000111010111100011000010010010010111101001011010111
10011100001011100011001011010110000011111100100110101010000110011001100101011111
01001000111101000010111100010011110000101100100100001010010010001100110000000101
11000111011111111010111101110110111100111001111000111111011111111101111001010110
11101111010010110101001010011011011010000000110010101110001110111111011010011100
11000000011011001111101110101001110011000101111001111011011111110101001101010011
11101000100111000101100010001100101111000100111100110001000010000001101111110111
10001011001110101000110010111010100010010000101011100110111110101100110101101001
10001011100000101000110111010100101010001001110001110110001011011110101010001000
11110110100111111111000010011111010100010010101111000000110111010101101011011001
01100111111111111000001010001010010101111011001011100110111000100010100001010001
11011100110101010101101010011101111001000011011110111110010010000000110111000110
10000001101110010101001110110001100111110000111011110001000110101010001011010010
11100100110110101000111010111111001001100101010001001100000001010111011010101101
10100000011110100100011001000110010000101110100000110011001101010011111011011000
11011111101011010011110001100001101010100110111110100100011000000111110110100111
11011001100100000011010111110000011111101111011001000000000001000000100111000010
11001001000001111101001100110110000001110000001111001101000011110111101101100101
01100100010101011001000010011111101010100110110101110010111001000100000000011110
11110110101101010000111101111101000110100001011001101110000101011110100101001011
01000010000111001111000101110000110110000010010111100110010011010011111000010011
10011011011110110011010010000001100110110001000011000000001110111110010110011000
01011110100011011000110101011001010111001011100101000100000111001000010111101101
01111011000100100110101010010000001101101010110111000100011011000111010011110011
11110010010010100111001101000011110001000011100111111011110000110101100100000001
11110001111011000101111010110110111000111101110010100101100011011111110111100100
01101111001010100011110111000011011010110010101110001110011000000010011110001011
11101001011010100101110100100110110011100010100001000000000100111100100001011111
11001101100110111000011110000111110010111010101110100110110110111010010100001111
01011011101101001110010111010110010110000010100110101010001011110000101011100110
00101010100011101101100110010101000111010101000010000100101000111001000110100111
11011001101001110011011110000000110101011101111100011101110111010110100010100111
00100100110011110011101011111011000111111101001101100110101011111110110010101010
11011100001101110100111111100101011010011100101110101000001100011011111100101011
00001110111010000011000000100011001111000101000101110010100110100100000110001101
01010111010010001011101001100101101110001100010101011010010010101001001100110111
11110101010000001000100010101101110010001011011001010100111111010100000000101000
10110101100101101011101101110100001101111111011110110001001101000110111001011001
01101010110110000100110000111010010010100110010101010001000111111010001001110010
00000011101010111100010100011010101110011100101011101110001011011001111100000111
00101010111000011110010111010111101011000001111010101010110111100010001111110111
10000011001111110010001001111111100111010111011111010111101010100100001001101001
01111100011000100000110100110011100110111011100100000010010101111100111111110010
00100100000000110011001011001111000001100111110111110100101001010010100101101001
00001000001011101111111111101101101000110000111101000110111110101111000101110000
11101111001110000011110011010010110110010101000010000101101111000011000011111101
00010100010000001000001000110100011010111111000000001011101101001010000001111010
11000000011001000101100011111111010100111000001101001011001001001010001000101000
01000111001111011011001011110000100000001001001100110010111100000100011011100100
11000010000001110001111001000010001111000100010001110110111111110001101111110100
01001101011000010001000011101011010110011000111111110101110110111011011011110101
10101011011010011101100110110000100000101010011110010101100010110110001001100010
00000000111100101001110001011000101011100010000001010101110001110000110101101111
01100101101110000000100000101010010111001001011111100001110110010000010110011111
10110011010110100011001000100111000100111101100110101111110111110100110110111000
10111100101110000100011101110001011001010001100001000011101000010011111100100010
11010000011111101000101101000101001011101111111101011011110100011001011010101111
10010001011110100100110010111110110111011000001011111110001110110001100011110000
01001110111010111111101000100110010100101011001110110000010110111111010100101001
10111110001101000110010000110001000001111001010110101000111100001101100010101001
10011111001000000000000111110000100010111000101100100101001001111101110110111010
00110000001011100010011100101001001110101101101111110010010000000010010000010110
00011001010111111100000000010000110110001000000100010100001111110011010111101111
11000110000100100101111001010111010110010111111111110000110010110010111101110001
00010111111001110100000001011100011100011000111110001000001111001110010110010100
10011010110000110010000100101110100111011101001101110011011010001001010110010101
01010111111011001010011000100101101000101100101111110100111101100011001111111001
