80 1023
10100100001011111000001101010110110101110000000111100010111111110011000111110100
11100110000111010001001000101000001111010111011111111111011111101110000000000000
10010001110000110011001100000100110100110101010110100110101100101010000101111000
10000011111111111111001011010011100010011010010000000011110010100000111000111100
00001001000000011100010111101000100000010000101001100001101001100011001111111101
01110101111101001110001001111000011100101100011010110111010101010110111000011010
00111111100111100010111011010101011000011011000101001001101001101001100010111110
11111110111101110100110100100111111101111001000100101000101010111110010100011011
01111111001010100000101011010110101001101000110101001100000010100100100111010001
01010110111101010010101110010011000100100110000111010001110111110110101000101100
00111111000001000110000110001110010101111011001000110011000001110011100101001001
10100011010111001011100111111011010000001110000001110001100110101111001100010001
01001100010000111100010111010101001000100101011010011111100101111110101100111110
00101011010101101110101111111010110100001010111010010111110100100110000011110001
10001111010000100100001001110110111011111010011000001111110001000111101110110101
01010110000011110000011011100011011011010100110001101010001000010010001011100011
10110001000110011011111100110011100101111110101110010010111011011001000110111111
11111011111011111110000000100001100000011011001111111100100010010011110000001010
10111100110100111000001111101000011010000111000000111100100011011001110010100101
10100101001000011000000001010000110110100000011100000001111011111000111010111011
00111100100011110010000010100111100010110001111101000010001010110001000010101110
10100011101010000001101101000111000001100010101110110001011111101111111110010000
11001110010110010110011110100010111101011000000001011110110101000101011111110001
01010100111100001001111001001111101100110000011100010011100111011110010111010101
01111000010000101011010010011000111000100010010011001011111010011100000110101101
10110011110101100110001110100001100011111101010110101001111111000001110010101111
10001100011101110101011010010110100111001010000110111110000100011100000001001101
01001001010011000010001111011011011110001000110100011000110101001010010001010010
10001111100001011010001100001010110101000011111110000110001001000011001001100001
01111101111101010101100000110010111000010001001100101100111000000101010110101011
00001010101001000011100110010110101101100101000101110101001000001100111011001110
11111101000100001001010010101110100100000000001101001011101101100000001111111001
11110000000000000110010010111111000000100011011011111000100101010010001100010011
11100001111111011001100000001100010101100011001011110110101101001101001111100010
01000111011110111010110001001110111010111010110001110000010100111110000111100100
10111011000111000101100010100000101101100101100010011001011111111110001101001000
00010110011001001001010101001110011010000010000000000100000111101001000011101101
10011001000101111100001101111101011110010001100011100111110100100101010011010010
01111110001000101100001011100111111010001010010111010101100100101011111010110111
01101001011110000010011010110001100100101000010011011001000000101001101001100001
10100101110111001010111100100000100111001000101000010110101010001100101001010100
00010011101101010110010100110110111011010101011100010001010000101011010001101100
00000100101001001100100010010111010001011011101101011111110000100101000011110101
01100001001100101110100010111101111010111011111011110001011000010101100110101001
11110111010101001001010110110000111010100011100111111011000010011001100011111010
10011111010010011110001111110000110101001011100111001111000000000000100110100100
00111010101000011111101100101111010100100101110100111011011010010111110100100001
11110011010000100111010010111010110001001100110100000101110010111100010011011100
00011011011010010100110001011000111010010010100000001001000100011110110101001001
11111111100101101000001010100100111101001100111110001110101011000010001110001101
10110010111001001001110001111110110000001110010111100000010101100000000111010011
00100110010100010001111111111101100100110011000010111111001010110110111111000011
10110011100000010000110010010001011000001110001111011001110100000010110001001110
01110111100101011010101110001011001010111100010001100011101000111111001111000001
01000000011011110101101101010011001100100110111100001011100011111101101111110000
10000101111000001010100100011110000101000110100111010011010000010010100001000111
11100000100110101010001011100111101100100001100010001110010100010001001101010001
10001100110001001101001000101011011101010100111000110010101110011110010111000100
11010100001000001100011000100111001010000100110010001101011100110111100001111010
10010101000001100010010001100100011100111010011011100110110011000110101110010001
11100000111001010010101001010100101101001111000010111111011001010010001111001100
10001110101101111001110001011001110111100011101000001111011101001110000010011010
00111111101110011011010001001001010010110001110010101100000000110000011000000010
10010010110001011011000010000000110110111001110101010000001101000110101000000100
11101000100110100000010001000111001111101111110010001101000011011000101011011111
00010101111110011110000111100111010010111010010110011110110000111011110000000011
00011001000000111101100101011010010100110110011010001010100110100011101110111100
11000110110000110010100101111111100110001010001000000101100101011010001011011010
00110001001100110001101010100111100000110011110101101101000000110111101001000110
11101001101101100011110001111001111110011000011110010111100000111111111101101111
00011001000000110011111101000000010010101011001011101011100101011100111011001000
00100001111111101000011011001110111001001111100101000001000100000010011101001000
00110111101111111111101010111000001110110110010110101110100100111110011001011101
10001000110011110100011011101101011001100000100001010000100011101011010011001110
01101101011110011010111101011010000001101110101010001000001010011001011110011100
00111000100011110100101011100101110111100001011001101011100100110101110010000110
01100011001100111011010100111100010000110101110101110010110000111110001010000111
11000010111001111110011111111100111000011010001100001101000101010011101101001001
01101100011011111010010010110010111100000011100000111101000000001010000111011100
01001011101000111000100110101100101111111011100101010101000101100110010011100100
00101000000000001111100111001010011011100101101010000100001010010000110111100010
10110111011000010110100010011010011100100100000010100111100110001011001101000111
10110001111100111100000110101101100011111110000001101110110110100100111001010111
11011110000111101000011001000011101010010001011110101101011010100011110111000011
00101010111000010010100111111001010100000011000011100101111011100000011000111011
00110000001000001110110100000010101110110010001010111100100110011111011110110111
00011100011100111001011100101011100110110111100101111011000011011010100110000101
11000100101100011110011100110001000010101111111100000110001110110000111110001000
10011111100000010111100000110100110010111111100000101111000111101001100000101010
11011000110001001000111110101011101001000111110101110001110010010111110101110111
10110001000100000010010010001100001010110011010101000110010011010010111001111000
10111011011011101101010011000110101001110000100001100001011100001001111101011100
10110011011000000110011010000011000111010100000100111000010000011101110111100000
01111111000000111111000111011101001001101010110000011000011010101101001000110111
11011111110011001111100100110000100100010011111001100100011011010100001110000100
00101011001000011110001100011100000010111111100010101100111101100101100000110100
10100010101110110110100010100000001001011001001100101110101001101010011011000011
10101101011000000001111101010010001111101101100010101000000110001111110011100000
00010100101101110100000101000001101100100000110111100000111111001101101100010001
10100100010110001000110101010011010101000011101110001110100101101001011110010010
11110100101010110000111110010001101100111010000100101010110111000001010110111101
10100001101100010111001110101000100111011110111110110100011010101111000111101011
11101010111001111111110011100010000010010100101110010011111110000011100111110101
01110011110111000101011100101001000111101110001010110100011111000000111011101000
11000011100010100010111110101001001011101100011111110111100010010100001010110110
11101100000111110111001111011100101111110101011001110100101101011111100111110001
00000001100111110101010001111010101110011000100001100011001000001111110000001110
00000100000010111101001011000010011011110011001111000100011011011011010001010010
10101101110011000010010111011100101110111001111101100101111011011000010001001110
01111001011100110100000101010100010101110011100100101011101010110101001011000110
11001010011011111001001010110110000011000010100010001000101110110110110011111101
01011110000000110000010010111010110000101111110110111111000001001010000110110110
00111001010000111010011001110001111011000001111001010101101101100100101101011101
01110111010001001111100010100011101001010011101000111000001000110110101011110000
01111011000011001000001011100100010100101011101000001000111110000001000100101101
11010111111101111011011000000011111001101101000011000110011010111001100101010111
00000100001111010010000111011000000100000111011001110100000100110010101001101000
00010011100111001011001111011101111000111011100101001100010011100110000101101101
11110010010000101110110010010000100101010011100110010010111100010000001011000011
10000001111001010011011001111011011011001100000011001011001010010001110010000100
00011000000101110011011001001000100011100010010011011010110100100101011111010110
11111001111011110010100011011010011110100011101000110100000100001111011010001001
11110000101001001111001001100010011110010110000011010000001011001101101110000101
11110111010010000111000111010110000110010000001011001111101011100100111101100100
11001000111110101101011001111101110111110010101111111010100101000101100101010101
11100000010011001101011100010110111100100000111101101010000011111100101100101001
11100001100001010100000011111010110001110101110011001010000111111010110000111111
10110011001100001111010110100011100100110001101101110110110000101111010110111101
00111101100101010110011010111100110011110111001001101110001100100100010010001101
11100110011111100010011000001011000010100010110000100111010101101010110101111001
00000100111001100010101011011111110010011110100000011100001010111100001110010000
10111001001001110001100011011110110001000001010011001011011101010010011001000011
10100111000101101000001100100000011110100110101111110101011001010110010100011111
00110111100010001111010101001101000101000101000011100111001110001000000100111110
10100001110011000101101000001011111100100001011000011100110110011111110001111111
11101100110000111000111011111100000001011000100111101010001001101011000100101110
00000101100101010111110010001010010101001110001110100100000100010101001101001111
10101000101111110100001101001110101111111101100000011011011101000101011000101001
01000111011001100100011010100100011110010111011100001010100001101000100101011111
11111100010000010010001010001111010100001011000100000010110110110010110011101100
00111101001111000111001101111101001011111011000000111001010101110111001100011011
01001010110101011000100100000101111100100110111011100101001000111000101111000010
11000101001000100011101110000100100010111000101011011111000010000011100101101010
10100101110000110110100101101011101111010111101001100100111011011010111001101100
10010101010101001010110010000101010100111001100101000000110010001011001101101111
10110011101011000110001010100110101101100001100010011001011010010010110100000011
01100111001100100110000110010100000011110001000100010000100010000000110000101100
10000010110110100100110101000000001001010100001001111101111010000110011000011000
00110100101001100010000001110011100101100100011100110101001001000110110100010111
00100001100011000000000010111011011010100111011101101010101011011100110111000101
11101111101000001101100111001001000010001101001100001010011000011100100010111111
01001111011010111001000011101100000000110011011100001110010010000000100111111001
00111011010101101110011011000010110011000010100111001000110010101111011011001011
01000111000010000101000100011111011110100101110111011110000100101011010000111101
00100010100010000100101110100001111010011010111010110101101000110111000010110101
11111001001111011111110101111001011001100001011110101000011100000001101001010100
01110101000111011010100101110111001111101011000011000111111101011100000100101010
01001001110000000001110110011110110000101011011000011010111001001111111111011100
00001011001111010100000101011101011101011111010010100111101110010110110001001100
11111001100000111111001111011101010011110100111111100010010110111001001110100110
00111111101111010111110011001111011100000101011110011011001101111011001101001011
00000001011100011111000100000010100110000010110010011001101101001010011001010111
10101100111011100011000001000000001010110111010110111100001001011001111110001010
10100100101101110101110111010001111010111100011010101011110110001010011011010010
01001110010001111001011000111110011101110110101010111101010101001011100111101000
00101101010110010011010001100001110101000110000010100100001101001111010100110001
01101001000001100110110111001110110110111001110001011000101101110110110110010010
11110111011100110011001010111000010011001101011100110000010011111011001001111010
00011110100010010110100010100110110111001011111100101111110110010101100111111010
00011001011011110011001111100011110101110001000011100011110110100001000100110100
11101011010010011010001101011010111001011000010011101010000001001011111001000111
10011000001010001101010000110001001010010100010000110011101010010010111010001101
01001110110010001100111010000001011001001100010010000010110000001101101001100101
01000001101000000000111001000011001001011010111010111111001101000111010101001111
10100010110001110001100001101111010001110110101110111101110010111000010110010100
10110001101010101101010100010010000110111100000001011001101011100101101100011110
00011101010011001101100010110100101000111101011101011111010110001001001001111000
01000000101010100010110010101001100100110000000110011010010000001001000110000100
11011000010010010011110101000111110101000001001101011100111100111000000000101111
00110011000100010100101010010101000000100001101011111110001110110111000000010010
01111010010001110101010100001111000001111111000001100011010110100101100110000111
01111111001010010010101011111001010011101010011101111000010001001101111100000111
11100110110111000100101110111100000000100010000100000010000110110110100100100010
10111000011000000100011001010011111000111110011100101100111110111001110011101111
11000001011011010101110110101110011000100000011001001000011101100011000101000110
10111011110100011110010010111010011001010001101001100111000100101000111000110011
11001010001011010101110111001001111101110111101100100100100100100000110100100000
00100110000001001011110010000010100000011011111001100011100100000110110011001111
10110000110100101111101010011001001001010011001100010010000010101110100010111111
10011111110000000110100110111101001101111100111101000011101001100111011111101001
01011110011110010001011111101100001110111001011010100000111101101001111100001011
01010101111111000101011110110100111101010111001111111010101110000100010010111011
10101100010001111100110100001010100100011101000101011100001111001001010101011010
00101001001001111001110110100110010101010000101100011010110011100111011111001001
10110110100110110011110011010001011011110101001011011000111101001011101101110110
01101111000011000010111101011101101011011001001100110011011011000111110101101001
01001010110010000111010100111001010101101000110101001010001100001101000111111111
00110011101100001001011000000010000010000010000000100100000010111000100111010110
00001110001110111001110100110000000010010010111011101011101101010111100100101000
00000010011001101100111000111110100101001101011101010110010111111111010111001001
00101011000110100101100000000000100111011111100110101000011110111100010011000111
00110000010111111001010110110111100000101001001110001010100010011110011000000110
01000000110011000010110010000010101010110000011110010010100111111011101000010101
01110000101010000010010100110101011100110101100110110110010011010100011000010100
01110100101111001111010000101011000010101100101010000101101011001101100011010010
00000100110010010001001010011001100110110101011000111000010110011001001100000101
01000001011011000100000010011010110001110110000111011000100100101011000110011001
11010100110011011001010110101101010111000110100110011110110111111111000101001101
00100100101101101000000000000011001001110101100010000100110010000001010100101110
01011101110110110100100000101000011010101001000010000111000010001011001010000011
01100101110110000110100001010011111111001000011111001101010011011100111110010000
10010001011001110111010001100001011100101011101100010110101110011000110010000000
10011011000111001101100101001010111001111100101101000101110000100000111000001011
00011101110101011111111110010000011001011110111010100110100111100011011011001110
01000000010101110011100000111010010001100011111010001011100001100011100011100111
01111110101111000111001101110111010101001001011011010011010001100111011110100000
01011101101110101110001101100110010101010110011011011000000100010101100011001000
00000010100010100001011100001110001010101000010010101001110110000110110011111001
01011100011000111101110111110001111111101111010100100100011101100000100110101111
01101111010101000011101111101000110100101001111110100100011100011101001111010110
10010111110110100010000110110101101101110010110111100010111101010001011110011110
10101011010011000101011100101010011110000110001011010000111000100011110010110110
01101001111010101111000101000000011000000101000110100111111010100000011000010100
10010010000111000111000101110000010011000011001100100110000100100111010000010000
11101010100010011110001010000111110100110001001111001010111101111100010111110100
01000110111001111111110101110100111011000001001111011110100000000001010110010101
00000100010100001000000100100001011101100111101000110100101000101101101011100111
01101100001000001000110101011000110110010000001001100111110101000111111000110010
01011110111010010101101101011011000000010001100100110110010100010110100101110010
00011000111000011000011000101010100001000011101101100011101101100101101010110011
00100101011001011100011011110100010010011101100101110001010010011101100011010010
11000110101010000011100101011100111101011101110110100111101101101010101011010000
00101100010011111011101100100001011001100110011010111001100011100100111110100101
00011010101000110111101101001000010011110010000010011110101101010000010110001001
01001100110000001001010010001000011101001100001100011100111011101110000001000010
00001011111100111010101110101110010111011110101000001000100011111100011101000101
11100111010101000110111010001000101110010110000110011011101000111101000111000101
11111101000001101011110110101001111001010010110111011111111110100100011000101000
01011111110001101101111100111100011100001110011110011001110111110001011010011111
01111010110100000111100001110100011111100111010000010001001010111011111111100010
00010101000111111010101111110011000011011100000101101110101110110111100100111110
10111111111110111110100110101100000111010100100001000011100110111101110000001101
00111011010000011101000010010101000000110100011001010011100010011110011101010000
00011111111101000011000100110110101011001001010010001001010010010010110110100001
01011111010011101010000111101110100001011000010100100110111001110101000001001100
10111010000110100011100000111001110001011001111010010111111011000011100110011100
11010011110011100110101100011011101000011101101101110101111010011000101011111100
01011101011010111010000101010111000011111111001010011110110110111110010111000100
01010100000000001100100101010111011010100110011010001010010100010010110111111011
10111011000101111001110011100111010010011110111000011100100000010100101110000010
01110010010110011101111111101100111010101111101011000110001110000101111111111000
01011011000011101010111010000000011001101000110010001011010000011100111101011110
01010001111111010010011111111110000100110111100001001010101010100000110011101001
00100001010111011010111110011000000100100100000011001000110111000011001010101100
00110001101010000110011010000001100110010000010011111110111111001011001010000110
11001010001101010000100011010100111000000101101100100000101010010100110001110000
00011011111100001010111001010110011011101100010011101010000101001101100101001000
11111011101110010100110111010000000101110101100100100010110100011000101111011100
11000001011001010001110110001010010111010110000101011000010110000011000001110111
00011111110001110100000100101100111100000010000100110010110101111010101001010011
00000110100101111010010001011110000001101110000001110101111011001011110010111110
10101000111001001111000110100111000000101100110000100110100011010111010011111001
01011111100010101000110001110101010100101111110000100010110100010011000111001011
10111111111001000100100111010001101011101110010101111001001000001110010101000001
11011101111101110000000010100100101000010111001110001111001111110000100100000100
00100110000000111111101011100001010100001010010000000110011011000001101100011100
00111101110001101011101000110000110101011011110000101111001000010011011101110000
10010100011001111111100010010100100100001001001111010111011010111111100011101101
11000110010011101110110110100000001101001010010110001110111100100001100011010110
10010000110010100111110111011101111010010010011011110010111010111110111011111011
10101000011111000111010100101000110010011100011101111100000110111011001011111001
00100100010110101000010001111100111010111001000100100000000101100100001000000000
11100100010100000101101110111011001111100001001111100111111110011100001000111110
01100100110011110100010100111111001000101100110001000101000101101111000111001011
01010100000010101110000000000101011100101111001011100101010110110100101101010101
01010010010010100110011011111100111000101001100001100100001100001011100000110000
01011110100001111101110101100101000011010111011001110100100111010101111000001101
10011000001011011000101101101010011110100100001101111111101111010001110000111001
10100000111100011100000000010110010111111010100111001101001100110110011100110010
11110010001011011101101100010101100110110001000010101111100110000101101110101001
00010001101110100111010010100011000101001000011010101100000111111010001100001001
01001010110111011010000001011111010100111011001011100000000110011101111001000010
01110011101000100100101000001010101001001101001011110011100000101001011011000110
10011111100111000111001010000101011110111000010110000100011110000111100000110101
11011000010101101010011000011010110011010100111011100110111000111011001000111100
10110111110100110111100000110011101111001100000111010101110001010110110001001110
01110101000000000100000110111001100100000010001001000110000100111100001011001110
00001101110100001100000011110001111100011011111111000011110010011100110001001110
01101100110010001011101100110010100001101011010111110011111011111111110111100000
00111001001001001100011100100100001100000011101000001010011001000011110101100111
00111000101100001010101110110001101001010100010111000101010100010000001110100001
01110010100101101010010110101001000100011001111110111011110010110111001011101111
01001001100000010001111101000101011100101001100111011111110011001110011010101000
10001110011111110110001110000111100101000111111100111011110100101101001111010001
00101100001010101000001100010101010100011001101111000011011000010000010111110101
11111000111100110111010011100110110101010100010011111100000001101001001010101110
11011110011111101111000011011010101110110111100101100100110001110100100101000010
01101101011000000010010111010111111101010001000110111001000101011111000010010100
00011111101010010001001111001001111001000010100001000111011111010011100011010100
10000111010101110110110001100010000100111110000010111000000101111101011000001010
11101101001000111010101110111010111001101010110000100111100111010101101010011101
01000011001110111101100111110111110001000111001100111101110010101100101010001101
01010110111001101010011101011110001100011010100110000111000011011000100100110101
10001011001111101110001000000001010100100000110011011010011001010110011011101011
11100001110001010000010010001110001111101011000011101100011100011100101110000010
01000111001010010001110100001111011010001010001011001100011110100000011010111111
00000101110101001101100100111110001100110100110011001100001011000111110001101011
10111001011000100110011000110110110101101111110011001101000011001100110110011100
00000110011000111011100011000010011110000101010110001001101001010110100100110010
11010000000000111010000010010110111100111101011111011011101010100011111100101110
11111010000010100100101011001100100101101011011101001001011100000110100110110000
01111100100001110011001101111000011101000100000100101110001101001111110011101110
10110110101000001100001001101100011010000011001000011001100111010110011111001010
10001110001100110100100110011111000100011011001010111011000101111011100000110010
10111000101010011111010010111110010010000000110010001000111000000010110000000000
00100100001011000101111000001100110101111110100111111000011100011111010101101000
10001100101101111010000000011011010001110100010101010110010101001100101110100010
01010001100001101001111010000110001000110000000110111011011011010110111111111101
10110101000101110111100110010011110101110101010001011011010000011100110111001110
01001010111001110110101010001011110111100101000111110000110111010100110000011100
11100011001111101011100110101111000011010110010001101111001111010011100110000110
00001011101100111100101101111010111111111000001011011000110010100110001000010000
10111111110111111111011000001001110101001110011001011001101011011100100100010111
01100111100001001111001001101010010100001110111001100010110001001000001011111010
00011010100010010100100101001111010111111100000001101100101010000110101100001011
11110101000111001101000001100010111011101000000110100111001010110111101000100010
10000011101001010010001110001101101110100101111011011011001010001111000010000001
00111111001011101100110101101111100111011011011001000111111111100011111000111010
01101010111001010001011111011000101101000111101110100111000010111100111010011011
11111100010001011111110110110010010111011101000001010101111111110111000110110011
01101001011101010001001011000110101101100010000110000110010011011110011001100011
10000110101011100100101110110110011001000010001100010101000011110001101000111101
00110101010010001101010111101010000010011110111110111011000101111000100010011101
10010001000110111101011011010000001000001110001000011010010100111100001110110110
01100111001000101001101010001011000000011111001001001111010010110000111100001010
00100000000101011000011010110000010001100000010101001010001000101100011101000000
11101110111110101110110100100100111000111100010000000010001111010010111110010100
10001000001010000111000000000101011111100101100100100101010011101000110100100000
01011000001111011010100001110101000001011100011100101000100010001000000111000110
01111110101010010000110111111101101001101010111000011010101000100100101101001001
10101111100111111100000010111000011010000010010111010110001110100100010011110011
00111000111000000111101011011010101101101010111110101000010110010111110010000011
00100011000100100001010100111111110000111101011100101000101001100000110101110010
11011000110001100110111000111010111011001111110101001001001001111111000001101011
10000110101100110000101111001110110100010111010110110110110111111101000101000111
00011100110011101001111010001101100110111010100100101101101011110100011001011110
00110010110011000100001111010101001000100100101000011010100111101011010100010111
00101000011010000000001100111000001110011011001110011010001011011111001110111111
00010100010011001100000011100110111000001100101010110001111000111110000011000001
10011001111001110110111100001101011100010111111110000100101010110011111010010000
01011100011011000001101011100101111000001000010100111000011000110100010100000111
00101001100100000010000100010000010101000000010010100001101111000110100000011101
10111101111001110110101001111001011011100000011000010100000011011110011011011100
11100101010000000100110100110100110110111101100100110010010111101100011110010001
10110101100101010000110011011000011111110001001110100011000000000000011010101111
01011011111000101010100111110110100000011100111101001110000000000110110101100011
10111110101101100001001111100111001110100000111110000111110001111110001010111110
00100011110100110011101101000101011011010100000111110111010101101111001001010111
10011001010001010001110011101101100101111011001011000010101001001110111100001010
10010111110010001000011011111111000001100001010010000000001010010010000110111001
10110000100001010001000000001100001011100000101001011110011010110110010000100111
11011010111110011010101100010110101101000100110111011001100001001100011111100111
01100101011110100001100001110001001010111100110110110110101111111000010100110111
01101110001110111000000011111000001100000110110101111111110001101011001101111101
11111001101000101110101011011101101011110000000110011101110000101000111000001110
11100011000101110100111001111011000011111111111101100100100101011111100101100110
00111000000110000000011101001001110100110110110001101111111111000100111001111010
10011001110001011100011011010111101001100011010011111000001011110011101010111110
11001101001111010010100101111000010000100000100001110101110001111100001011111100
11100000000010110000010111100111111110111111101101010010111101000010100110100100
00000101110000110001000010011011100001111111111100010101110000101010000011011100
10001011101001010000000000101011111101011000101110100101110111100001011110101001
01110110101001010100000111110010000100101111001110101000000100101101010110101101
11111110110111110011011010010000101110111011111100011000111101100100001000100010
00001001000110010110110100110011101111101000000110111001000100010000011011011100
11010110000000010000011100010111000000010000101010010100101011100110110110100011
00011001000101100001010010010111101010001000101100001011111110001001111111100101
01101011101110101101100111001011111000111101011101110100000101111111111101110110
11000100100101100101111011010000011111001011100110100100110000010010001000011011
10100001010111000111110010111011010110100000111110111110111101001011010111101011
00000100011000100011011111100000100111110000111110011100011100101011010000111010
10100001111011010001101011111110001111111101111001100110100010111001100000100111
11001110100101111001011001100101010101011101001000111111011000001001110000001110
10011011001001001001100101100100101001011010000100000100110100110001001001110010
00010110100010000010111011001010100001000001110010110000110001110110111110111110
11100000001110110110000101001000000100001100011110000011000011110101111101110001
11001100101111001010011111000001111110000110001101001101000011011110000110011011
11111010001000101101111100101100011101111100111010110001000011000111101010000111
11111110001110110001101100000101110000011010101111011110111111100011100110010011
11000010010100101111000101100010001110101010101010111000110101010010011001000000
01000010011010110101000010100111111101110110001001100101110010011011110000000000
10011010001011001100101101110011010111011111001000000110001110011000101110001011
01011100011001011101011000100001010010111100100001111101011010110001011101001001
10011001010101110101111110101111101010111010000101000101110011101011010010110110
01111000110000110010111010010100100111010001101010101010111111000000011000010100
00001111010011111000110111011000101100001111101000111111101100000001110011110000
01110100110011100111000101110111110010101000010110001111010001111001010011011001
01101011111101110010100010011100000100001100100100011111100000000110010000011011
00010100001110000011111100000110000111101110010101001001110101110111111110111010
01001000001001010111011000110101111010100101110001001101101011111110110100000100
00011111110111001010011001101000011011111011010110111000000101100010000100011111
00001100010111001001000010001101101111001101101000111110001111110101111000001010
00000001100101000100110101100100010110110010111010111101001101001010100110001011
10000010110110111101111110100001010101101101100101010010001101001011100001011000
10101001001100110000011110010110011011110011110111111111110011111000010110010110
00111111000010111110111011110010001011010101010001100101001011010010011011110100
10100100111100110011111000001110110101000111010001110101110011011110011000110000
10001000100101001000010001001111111000011011110011111010001011111110100010000111
10010101101000000000000011001001111000110001110111011110010111101010001000000010
11101010100110100110001101010111011101000110011011101000000111001010100101110000
01101011011011001010000101100010010101100001000111001001010111001110010000111010
00011100101100001111100000000101010000000101010110100100101100110100000111000100
01100100000100111101001011111110000111010001101100101010111000111110101011011100
01111011001000010011100111100111001010011011010000100101101011100101110100110100
01000010010111000011101010101001010100001111011001011000010010010010101110100001
10011001101101110000000111011100110101001111111100001000001110111111000111011000
01111000110110000011100010001011110000011111111000000111110011100011111110110011
00010100000110010111001111111000111101111110010000110110110101100101101110011111
11011101010000110000011110110010101011000111001100110011011001111001111000000101
10111001110000110000111101000011100111100001100111001111001011111011111000000101
01101110111010001011001000010000101000111110101001010000011011011000110011010101
00101111111010000101001110000101011000011000110011010110110011000011110100001000
01110101010011010010000110001000110110010001001100100101110011101000010101000100
10001100100001110001001011111110001110000000011000100010011110011000011110001010
11100100010100010000110110011111000001011100110011111101010110011111011111001111
00000000110101001000011011100101000100010010111111100001110110010001000010011111
10000100010110101000111001010110011111011101110010011110001000110111000011001111
10100100010011001011001000000010100000001100101111010101111010110000000101010100
10111100001110001100111110000101101010101101101011001111111110010010010001001000
01001100110101010011000011000010100101100111000001011111101011110010100001011110
10101101100100000011100000101010011011101110011100111010110000000101100010100010
00111111010111110100101011011001011110100101101010100111111001101110000110100011
01011111010101100001111110111110111111101111001101101001101011001100011110000010
11100111010111010011000001110000101010111010100110010111011000000001111111101110
11000110110011111010100100001110100110001011111000011000101011101010011101000111
10001000101110011000000110111011101111001100010000110111101001011001011110001010
10010101010110011001001101000000110101100110111010100101001110001110110001100001
01111000010000111110110001011101100001000000101000000011101101100001011110001010
11110001011011010100111001111111001110111011000100000000001111110001010010110100
00001110010101000011110010100010100001100001110001100010011101111000000101101110
10001101100010011010110101101010010011010000001010001101010001010000010101110000
01111000011000010101101100011001011111101001000000101000100010010000001010000011
00101100101010010110101100000010011001000100011011111101011011101000001110000010
01100011011110110000101101111010001011111111100010011101111110110111110111000100
00101100111010000000000000001010100110100011001000000101001000001100100011010100
00010100100000010111101111101000100010010000110100000010011110101000000100110101
11111111110011110111111101111011010101000011000100010100101000111111010011101001
01000000110110101010100111110101101110101000010010000110000001010010100110100110
10000000001000111011101110100000100110100001001111100111001110110110010000101001
01000111001000010101111111100110000101010111011100110001110101101101101011110011
00001110111101110010011011001110010010000000000001011100110000001011001111100000
10011001100111111011001111011111011001000011010100011011100000000011010101001101
00110111100101010100101111110101010110111011100100110111000000111100101110101011
10000000110011101110010010100000100101111100100101000110111010011111010001010111
11111110001100011010111001000100111100001001101100101111001001011010010010111010
10100011011100110110011110100110111010101000000000000111111100011101001101011000
00100101000000011100000000111110010001101000100000100111101010101111111000000010
00111111110110111100111111110100010111100000100101110111000010001010100100101011
10000000111011111000011011111001000001000001111101110100011001010111100101011000
01100010101011101010011111111110111011100011010111100000000100101110100000001011
00001110001100010001100000101001010011000011000001110001111111000100110101101101
00110100011000100101111111111010010111000011011000000101001001110111111011110001
11010100110100010011110001110011100101011101111001101111110101011010001101010011
10001010001100011000000000101011000111000101101010000110011001111011101011111100
01101110100010011110100011011011110011010000111110000011010000000111100001011111
10110111100011000100101001110100011011001111110010001101010101100000101011111101
10001010101011101110111111111100010010111110011011000100010100101111101101010101
01000101101110011110001110101101111010000110001110111111010010000111000011000010
10101001100011000000000110110110010010000100111101101100011000010111010101001010
10100011011100110011010100010110000110101000011011011011010000101000000101011010
10010001001101001011110010010000001000011001100100101101011011001011001000011001
01101111111010111111111110000011001101100010001111111100111111110000110011001110
11101001000101001100000011110010111110100001010101011111100111111100111101001111
10101101110111011101110100111011001011010111000010100111010100111010100101111101
10111110010111000000001110010100000000100010111010110101000111000100101111111110
01111101011101001111100110110000000010110110110010000001011001000100100101010001
00101010000000100111011101001100011100111110100111110011101000101001011100101000
00111110001001000010001000101011011000100111111001101100001111100001000100000110
10011000000011011100011111011101110010111010100010001011011000001101100110000100
00110010111101000101111101100010101001100011100000011100010010110100110111010111
00111010010111000000110100110101000100001100011110011111000101011110110111100100
01111101001100111011011011100011000101010000110100110010101010011011100100101000
01110101001011011110000011010100100011011110101100001010110111001101000000110001
10110001111101010001000100101111011001001010110010111101100110111111000001011001
01010010111110100110101101010111111010010001000111010101111001010001101010101101
00011000011011011001101100011001111000010010000101001011100001101101001110110001
01001011001111011001001110001000101000000010011100101111101100101111011011000110
10110010100111100101010101111111000111011010101101110100110101000001100000111110
10101000011011000000111011110110110011011110100101110100011110011010111000000101
11100110001101111001001001111011000100111001100001010101111100111111110100101101
10110001110101010011110011100000010010010100001000000110010111101110100100100110
01100110100010001011010001110010111100100000010011111011100001111001110000000110
10111110101111111011101110011111001011000101111000011011101000111000010111011011
01010111000101000110110101101101100111000001011001110001110111011011101111001100
10011101111101001001101011110111111101101011011110000110011101101011110110010001
10111010000100010001010101100011100111101110011010001111010011111110001001001110
00010010100000011000100110100100100000111111111010110100001010100110100010100101
00101101010111010100000000010101001010000001101001101011000110011000101000001100
10000000100110010110010000110000000100100001101001101011001001011100110010001111
11101011010011101110001110001100010110001000001100001110111001000101110011100111
11101011011100010100111110101100101100100011001010100101100001110111110011000100
00011011100110010000110001111011101110000000101100000000101000111001110111111101
01010100010111101000101110101111111001001011001001000110110001011100000001011000
01011110011100101001110110101010101110110001100111010100111001110100010110110111
10101100010111010010010111010010110101011100011000000001110100000101001111110001
01010010110111010100011011100101100011000011101010101111110111011111111110001111
10000110110001111010111011001000110100101110100110001111001101101101110101011101
00010111001101110100001010001000101111000001001101010010110011010001000101101010
11011010010000101111101001110000101000001011010110111110010100110101100000111010
00101011101010111100001111011110011000111111110111111000001100101110110010001100
11010000010101010000001011101110110000011000100010100100101001100110110101001010
11001000101010001000000100111000010010110011001010110000000101110000110011001100
11011100001101011000000100101000001111101100101111111110110010000001110110100111
10101001111001111000101101000001000111100010011100010001001101100100001101111010
01100100001010011000100100011101001000011001001111011011111000010110001010000101
11011001010011100011001011100110011111100111111010010010110001000100100111001001
10100000000010101010101110000100111100111000101011001001110011000010101000110100
01011011001011001101110100111011110011100001110111111000001110001000000111001000
01011011100100011101011100011011111000000001010011100000010000011101011100100011
00110001100010010100001010010111001011110100001000000101001000111111110011011001
01110101110001100001011011011010110100111001001000011110011001110100101011010100
01010101110110000011010010000110000011010010011100000010111111110011100110010011
10100100011111100100110110011001111101010010100010010010110110001001001110011011
10101101000100110101101110010110111010100011111100101010101101100000101110010011
11110000111101100101101010110100100000111000000011001000110111110010110000100100
10010001010010011010001101011001010000111111010101000011110111110101111011010000
10011010100101011000000111010111001110000010111000000001100100111100100011110111
11000011100010001101011111000000010100010000110010001000111001011011000000010001
10100000111011010010010011100001101101110000100111100001101010011111001100011101
10101110101111010101000110011010010111110100011001111111000101111000011001100100
10111001101011111000011101000010100010010011000000101000101100011000101100011010
01100000110011100111010110011100001011101110110011100000001011110111010000110001
10001000001101010101101001000011010011110101011001110001000110110110101000011111
00001000100111011011110010101111111010110000101100000010100010100100110010110100
11100000011011000100011101000010101110001110101110010101001110111110110101111111
11100110110111110011100011011111111100001010000000101110111101001010100110110111
11000111101111100001110000111011110101000000010101110111101010100100011110001010
00101000111100011110110000001100011110100010110100010111001011101001110011100110
10100000101101011011010001100101010011001011110010111100010000110011101011110010
11001110101011001111110100010101000100011110110100101101011101011010100101111101
10010110000101101000001100111111010001011110110111010010010111110100011100101001
00001100111000101100101111100000101001100101011010110010111110010001111100000000
10100101001110100000111011101000100110111011110000101000111101110110110111110110
00100111010000100010000010100100111110011101101111010100111011000110100101011100
11010001000111111010100101011101101110000111001010011011001010110011001011101101
10100010001000011001101110010010101110110110000100000101101010001101111100101101
01001101011111110111101000010000000101110001001100001011111000111100110101111001
01100011010000110101010101111011111011111111101011101001101011000100011000110110
11001110110110111100110010100011101111100011111000001010101101001001101001010111
00010100000000111101010000100110001000011100110101111111000101101101111100111001
01001110101101000011111100011001110011101111010100000111011001100001011001010101
00110001011000100001101011100011010000010100110111111010000000110010101111110000
00111000100000000011001100000000000000100011001011001110001011010100111000000101
11111010011000110110101100111001010011011101101001111111011100011101111010100111
01011100110010000110010010011101000110101101001111000010101111001111111001110011
11100111011000011100110010011001010101110111100001101001111110000111001000011000
01010000000100010010011000011100110101101111000100000010110110101111100001101100
01101010101100100010111110110101001011110001011110010000000101000111000001000111
11100110001010001011110110110100011000010010111100110000110100010111100101110111
01000010100011001100001011110111101001101001001001001001011110110001000111001100
00110001011011001101011011000100100100101011111010100010111110000101001000010111
01100010010100101101101010100100010011001000010110000011111001010110010010111001
10101011000000100000110011001111101011000111110101011111010010100101010100001101
11000010010100000110000101110001101010001010111010010001100111111110101101101110
00100101000101011000110110001110011011111101000000011011100010001110101110110101
00000000001010111101110100010100011000000001100100010000111001001010010010110110
10101101100010010011110010011001111010111110110111111110000110100100100001111010
11101101100110100101011000001111010100110011010110101000000101111000100011000010
11000010001100001100110100011100101111111001111110101100000010100111000000110110
10111001111011100010100000001100000101011110011111010111110111100010100100001010
00111110100100101011010111100110101010111101100110011110000001011001000010000001
00101011001011010101010001001101010110010000011101000011110001000000111100110001
00101000111111011101100101001110110101101011110000111100110011100000100111001100
01001011000100110101110011110111011000010110111010110010001011011101111100101110
01010100000110111000111001011000110001001010010101111111111001011101001011100010
10101100110011110011100100101010000000111000010001010111010000010000010000000100
10101010000001111110101101110110010001000011110011101001100001000011010111010101
00010011000101110101011100100011100010001001010001101111110101010000000011011001
00111011001101011011110101111011010010110110101011010010001000110001000110001101
01001101001111110111100011110000001011001000000100000010011101100001101000001111
10110011010010010000000111111110010010001010100010110011100001100110010100010010
00010011111010110010111100001001001011101101111011010001110100111101101010001000
00011101111000111011111011010101001011010001111110000011010010011100101101000001
11001000000010110011001011000111000110101000111100100011110110010010000011010111
10110111100111100100100100100001100110000011101100001110011010000001011101000001
00010011100011001100011010000010011001110000010010100010011100010100100010011011
11111000010110101110001000111101110111000011011011010110000000100111110010011101
01111110011011111011100000010011010001101100110101000010101000011111010010001001
11011110010100010111001001010001000001000010110100111110010011111110001011110111
01100111010011111001111100000110111110101101101100111101111000010010101111111001
00111111111000010001100000101101101110101001110110100001011010110001001100111000
00111000011101001101100111000111111000000100000010000110111101010011000101111001
10111011110001101010001010111111001000100011110001111011011100010110010001011000
10100111110010000011110010011001000000000000100010000110001010001110111001001010
01101111100001000101011000001110100100001101000011101100010011111100001011000101
01100100001110110111001010101011100100100100000011111100110000010001110101000000
00101000111101100111100101001011110001011001000010110011101010001110110110111010
00011110001110111100111101011110010000111011011000111001000000110001100100001110
10110101011010000010011001101001001110100010000100011110100000100001110110101001
11010000001110110101111011110000101111101011001111001100110011111010101010111001
00100000010101001010101001011110111100110110100100110010000100011101001111000000
00100110010001001111100000000001100001000110101100100111010000011110000110110111
00110010001100110101111001111101001011011001001001111010101001110101111100111000
11110111110010100110010011100111101010111011111011001010011001000010010101111100
00001011010110110000101011011011111101101100101000001001111001010010011110110111
11100100110101100101001000001100100110111101100101100010011100011110111101110101
01011001110001110011011010001000001001110110110101000111101001101001110100000100
00011111010001100111100011110010000111101000000111000110000111100000101010010001
00000011101011100110000100001100011001001110010010101001001001110100100111000001
10010000111011111111101111000000000111100000111110010100000111011000101011010010
01001111100101101010101111101100111110101100101000111110010110001001110011101100
00101011111100010000110101011011100011110010010001010101010001111110101001000100
10001110101100011101100111000000010011110011000010101110101011010010110111101100
00010010111011010110100101111111000111001110010000000010011011110100000100001001
01100011110001110110010100000000101111010011111010010110110100110011110100111101
10101001110000001011011010111111111100111000000100000110001110101010110111101100
11011001000100110010110101010011000000001001111111000101111001110101100101011001
10111000010011010100110011110001010011000000100001101111110010001000010011100011
00101000101110000010101101010010010111110100001011110000000101100101100000001110
00000100101001001000001111010010001010111010010110100110100101011101001101100101
10110011111111110110000001110100000101111010111110010011001001000100100011010011
01000110010010100011110111001001110110011111001010111111000010111111010000110100
01001011100010010011011000101111011001110100111000111001000101101101110010011001
10000111010101111010111001111001101100111011110010001110101001100101110010011011
01111100010100000011010000010110010011111010110000011110011000011110111111010100
00010101100111110110010101110100011000110001100011101001010011100000000001001010
00100010010100011010111010100100101000110110000100100001110111111011110100011100
00100010010101101110101010101111001001110100010101000011101000000111101001100001
11001000111011111010000000000110111011110100100111001100000100100010010101011000
00100001110110111000100011111101000001001100001010101001001111001011100101111001
10110011001000010011111100101110010101101011110010100001000000100001111011101110
00000110101001101100111101101001000111110101001101011001011111100111101101011101
10001111011100001010101101110110000001011010110110010001100000000001000001011011
10100001110110100001000111011101001110001011100100101001111000001011000100101010
01110111111111100011111111100000001000100010001101100001010011010100101001100011
10110000000010000110110010000010011000110010001000011111111110110100111110000010
10101011011100101101011101110011111111101001000001100001111010011110011111010000
00011001110100101011101101101101001010010110100011101111100100011101001011010001
01010011010010101011011000111011100110100011011000010111001111101110100011110000
10110001010010000111101011000101000111110101101101011011111111110101010000101010
10110000110100101011011011000111011111111111111010000001111100111101000110001011
11001100111101000101010111001011010001110111011101010001101001101001101110101001
00011011001011110101110011111100000110000010001100001111101001111111010011011010
11101111101100011001111100111101001011000100111000100011101010011101111011110001
11010101111100011111111111010111110110110110011100110100010111101001111001001111
11010110111000101011000100010100000101001100111001100000001110100011101111011001
01000000000000110010100111110111110000101001001010101101011101011011101010011011
11011011110001100101011100001101110101100101110000100001101100000000000000110000
00111001001000100110000111000000110001000001100001101110100000101010011111010110
01110101010101100100101111111101110111010111011001100110100110100000001000001111
10110011001010011011001011010010011101010000110100001011111010100111001000001110
00100101010100011001011001001010101110011110001101100001101111110001110101000011
11011011001000011101110100110100000010101100000111000100000101110010100100011100
01010001111010101110100100111100001100011010001111111100110110100010000010100100
11000111100101001101100100001001111000110101001001111110111011010110000010010010
11000111110101001010100011001011101000001100110100000011111001100001111100110110
01001100001110101000001000001101010110100001011011010011111111011001000000001001
01111011000000101001011001111000000011100001000000111010110000010111110010001101
11000011111111010101011011011110010011111101010000001100010111001010101001001011
11110001101000011111011110110011101011010011011010000100001011100101100110010001
11100011100100100110110011111010100111100000111110100011100101000001000110101110
10101111010110101110011110110000100110101100010111001100111011100100001101110000
10000100000010011110111000111100111001111110100111001101100001010111111001101101
00100100000101001100011011001101010010001010110110111101101110100011111011000110
11100000011001000010100010111001101111111101100001110101000000011101110011001011
11101111101001011001010110100111011001100101010011011000001111001000000111010100
11001100111011101100100101110001000101001010010001000010011001000101111011001110
10011110111100111110001110011111000001011100000100100110110000011110011101000100
10110100011100111010100000000111011110101110111010111110011000111001000101001001
11101000111101001111011101010101001011101101111100011011111110010011111001101110
01110100000001010101001010001111100111100100000101110011101101100101110001001011
11101011011010101010100000011010011100101111111001101101111001000111011010001101
00000000101000110001101010010100110010010100111011000001100101011100100100001100
01010101111010101010101011101010011011111100101111011000000110010101000011000010
10000110001111111100110100011011000101110101011101001100000110110111011100011110
11101000011100010101011101001001010001110011001110101001101110111001101000110101
01111010100111000001110010110110111101110011100011000101111111100100100110111010
10100110110110011100001101101011010100000100000001011111110111001011110010100100
11000100101101111001001001101101111110100010000001101110010000011011100000000001
11010100010000011110011010011101001000000011001001101000100011001110001100001100
00011101101010000100100000111011111011110000000100001110001110110101000011111011
10110111110101010101010011000111000010100000101100010010010110101101010001000101
11111000011101000100010100011101001100011100110111110111111110000100101001000111
10001110111100001110000101001110000111100001111011101011011100111101110101000000
00010001000100000000100100111111101111001010000100011001110111111110100000111101
11000011010011110111011110110100010111011101100101000100101010100010010010100101
01111011111011101011001000000000110111110000111011101011011001001100000100000011
11001001000111101110110010001011101110011100010100001111100011110101111110010001
01010110110111001111001100001001001000111100100011001101111100010000111111011110
01011111111011101111000000010110111100000011011100011000101110111100100110110110
01111011110101101000010101100101011111000111110110010110100110010101011000100111
11000010000010001001111000000101111010011001101101011000010011000110100001110010
00101111111011101001001000000011010001100110110010000111101111101011011100011111
00001010001010011111010001100100110110101001011011101011100101101001110100110111
00010111101110011111101010001010110001010011001101001001000010000010111110001000
00000000101111100000100101000111000100111011111111101011000001000111000000001000
11110111001100001000100110110000010110111000000010000000101110000111001111000100
01001000110011001110101010011111011001110100111110011101001000011001110000110110
00011000101010011101111000000011111011011100110110100001110110001000110011100011
10101111100110000010110010111011000101011111100100011000110111100111110110101001
11110001101111001001001000110000110000110011100000101010000101111001001000111000
10111011000100100111010100110111011101010010010100101001100110000000010111110000
01000010100111101111100001010101011110111110101110011000001011010011000000011011
10011001100111001001100110001111111110001101010100000001011111011001101100101000
10000110000101010101011100000110010001110011111101010010111010001011001111111110
10110100000011001101000100010111110111110000000001011010101011011101110011111101
00011000110111111001100010101111110011110001100011000100111010100110110000111100
01101001000010001101011011011011000110011101001100111111011001010100101111000011
10010110110010001110011100111110111101010110100101101101110100011011001110100010
01001001011000011110111011011001110011111111111000010100101101001101001011100000
11011101101100011001011001101000111110111100011000110111001001010110011101010111
00101010110000001001111111111001001000111001101011110010110011101101100100001000
10011010011101001011010101011100100101111101110101000110010000001111100011011111
01001000111101100111011110010011110110110001111100011100110001101001011110000110
01001111010110100101100001100100100001000001100000100010000111100110010110110110
10100001100110010011101111010110111111010101111111010111100001111011011010010110
00101001100001111110001010111010011100011101100111000111001111011001000001111101
11111100011000110101011110110010001011110100010111000010101101000100000110110001
10001010010011001100001111010111111100100001100001111001110001111100000111100001
01101001001101011111010100001100011110110101101001100011101010011001111001011100
01111111111100100101101101111100010101011000001001010101111101101010000101110001
00011100100101110010100110100111110010110100000110011101111100001010010011010000
11011101001001010100001100011111011011011100100100100110110011111011001111101101
11100101000000000001100011110101000011100111000101011100101100101001100100001000
01110111011010101001101000000110111100100011000010101101000110110010010111111101
11011101011111110000101111010111010100000100111101011101010110110000111101110000
11001100111000110001100000100011111111000111101101100010001000011001001111000110
01001101011001011100101001011111101011111110000000011011011110011001010100001011
01001011010010010001110001001001000111100110000101101001000000001110110011110100
11001100011101000010111111101100001111010000001001110011010100010110000110000101
01100011110111100011000100101010001011100000101110111000110111111101100000001010
00100011100110001110100010111001100111111111101110101101110011001110010010100101
10100010010100011101010111001110001000111011000111100010110010111110100010001101
10111010101011010111010110001010100011110101101011100100100011000001000011100011
01000010001010111110011011101100101100101001000001110101011111100101011001000100
01011101100111100101100100011111101100101110000100011000111110000101110010011100
11111110011100111001100101100100100010011001111011010000011110101110101001111111
00001001011110101000000011010000111101001011110110110101001110010001011000100100
01011101111011001100111110101110101010011010110110101000010111011111011100001101
00000010010010001000100001100001101110000101111000011101010100100011001110101010
10000100100111011001011101001110110101011001110010110100001110011101001011000011
00001011010001110100011110111111100010111100110101000000011000000100100011100001
00000110101101011101010101111011010110101011010001011101000101101100101000010100
10010110100000000101100111011000011010110010001001011001101100000001111000110010
11001110100001101111011001001000001011011111001111100011111111011110110000011111
01010000110101101110000000010010010000001011101101111101111000111110100101100000
11000111010110000111000110100111111110010000100010010001010100101111001011001001
10001100011001100011101111111111101001110000000100110011100110110000110000001110
01110101110001101110001011101111111010101110111111001000110001100110001100100001
00000000001110001010001011101111011110011001110011101100110101100011001000110101
00111010000110100111001110100100010001101000100111011111111111101110101101001001
10010101000000001010101100010111111101110110001101010010000101110110010000100011
11110001101101101100001100100100101011100100100110100011010111110111000100100011
00110010101010000001110001010111011011101100101111101011000011001100110001100110
10000000001010100011000111110100001010111110110110100000001100111101001101001001
11001100110000110011001010010101100010001000110011110111000110111111011000001100
01011011110100001011000100100011010010010110100010011000111010100111110000011111
00001010010100101011010111011011001100111101100110000010110011000110000111101100
00101100101101100110100100001101001110001001111011100010001000001110101001011010
01011010110001100110010010100001011100000110011000101001001111001110111100100010
10000110011100010111000110000110110011010010111101011101100011110111011000101011
01010011000101011101110001011100000011111011001001111010101011011110010001001000
00000011100111011100010110101001011100000111000010001000111001001000011110100101
11110101001101100010110010001010011111000010000000110100000110111000110111101010
00001000010000111000010010111000000000110101110111000011010101101011011010010101
11011011011001011011011000111010011000110100001111011111001000010010100011100110
01111001110100000000101100111011010010111110001101110100010010100010011111100010
00010000001000010101000001001010110010110111000110110100001100111010100101010010
00011011001101101100101001111111011100100111100000001000111011001110011000010111
00000101101010111100011011010101000100101010111111011100100000010101100011001101
10000110111101111111011011111111010101010111111101001000110101110000001101110000
11111101001100011010000010010101110101000101000001011010011101100010101011111101
00110010111110101000000001001000111011000100110001110110001111011000111110011110
00011010100111100101010010000101011000110011001000101000100100001100011010011010
01110111010101000110101111011011000110100000001111110111111101110010001111011000
01011001111010100100100010000100001010101011111000111010001100010110100011010011
10001101100011100110010001010001110010110000011100101010100111101111000100010011
11110100101001111000100001100011110000111000001010111101001101010110101001001110
11100001000010101101111000011000001111101100101010100001000001111110011110100110
10001000110110000000001111011101010101110000001011101100001010001111001011000010
01000001001001100001100001100010010110111001111110111110101001101100111110111110
11110000001010100010000100011111111100011011110100001000001101001011010000110001
10110011101101111100011010001010001000100101101001011010000111000111100010000101
00111011011111100010110000010011010001111101010100101011110001110111111101011011
00100101100110000111000100100100010001101010010110001011101111111101110100101111
01101000000110000100111101000100010101000011000000100111010001110010001101111011
11111000011110000011100110011000001101101011011011000101001111001100010111010100
10010011100111000000010100010100100010110100011001001100111001000011110111011010
11001100101010010000101001001001101000000010111011101010001001001000010010101111
01011001011000010000000100011010100101110001001110010000101100100110111011001000
11111000011001111001101011111010110001011110110101100011111110110001101011011011
00101011111100000011110111111001101111101100111101100100011001000101101010011101
11010001010111100000000000001011001101001011101111100001100110101101010100111100
11100101000100101110000011100000010001001011111001111101111011110000010011100001
00001110000100000000000010101101000111011100000000100111011010100000011001111111
11101111010100011011101010110101011111111011000100101101101000100100111111111100
00010110100000010100111010011111000110010111011100011101000000111101010011000011
11010011111100101100110101110011101110101011011001010000100000100110110011010101
01111010001100010101011100001111100011000110100101001110110010100100100011001100
11110101111011110011111000100100001000100110001101010001000111111011110000010000
10111100000100100001011011001010111001011101110000100001010111100110000110011101
11010011110001111110000101100100110010110010100011110011010101111111011000000011
00110001111010111011111111010110110011101101101111011100110000110000000101011001
00010001011001001100000011100011111101000001111011001100001011110010100101110001
11110001100101010010111110101100110000110111100001101000010101011000101000111000
01111001010100001101110010111010010100001100111101000010111110101100011001001010
11110001111010111100001001101010101111001110110000000001100100000000001111010100
11100100010000011100100001000001000001011000110100110101000111001110000000000111
11101010111100000011100111010101101111000010010101110010000000101010100001100110
11001100011101100001111011000001001101111010010100000001100010111011000100100011
11111100101000101101010001010100011110100101101111101100100100010010101111000111
01100010010110101000000101000010001011000101000010110111110010111111000101010011
00101010101100111000000101000100010101110110100111110111010100000011110100111101
11000001100011000011001100011101110111000100010101101000000010000111011110101010
01110001000011000000010111000011000110011000011000100110101100000111010100101011
10011011000010110011011101110111000101110101100111010111101111000010100000101110
00010110011101100110100011000001000001001011001111010100011011010000101100110111
10001000011110010110001100011001100110101001010001101100110110110111010101110110
00011001001111001101000001111001101100111010011101000000100110111111111111100011
10001000111110111001101101101100101111000010111011000101000000100000101110000111
10011100001111101000111111000000111110010001010011111111101101100101111100100110
10000001111110111110010011101001110010000110001001110000110010110011111111100101
10001110101011111001010010011011101110111100101000001101010010110000110111011111
11111101000000100111011001001001111001011100111110110000111111000101010110101000
11001000000110010001000010110000111100010111101100101010100011101000011011010101
10110100001111001001010101100110000110111100000111000101011000101110110000001000
10011000000011110011111000001000101111101010001110001111110101101100110100100000
10000111001011100100010000010111110001001011101101101001000111001010100001010010
10000100111100101010011100101000111011100110101100100101010000011100011010111011
10111000100111101011110010110101011101111110011001110011111010011100010000000100
11100001011100110111011101101111000001010010101111011011101000111100000101101100
11011011011000011100001010001110111001101110101111111011111110001101000100110100
00011110101110001010100011010000100111011101100000010011101110100000011010000110
11100001001111100111010100010011011110110101101010011011010100000101001010111100
10101001101001011101111101100110001110100100101010101011110011111111111100100100
00111010101011111100011001001111010001011000111100100110111110010100010001011111
00101010111000110101010010111001010111000011001000010100100011110000001000011110
01101100100111110001010001101001110001010010110101110010101010110001001000011010
01110010010100111100101011100000000101101101000110011011101001110111110000100100
10101001000101100111110110111001100000101111011011110100110000101011101001110111
11011000100110100111101000111100111000111000001111011101110010110001111110011000
01011011000011110101010101111111101001110001010101110000010101110001010011110101
10111010110010100100111001000010110011011101000001111001000010000100100110011111
10110010100000010111001110010100001010110111101101010000101000111000111010110101
11000101000101011011000111001101100011011000100101001000001110011011101100111110
00111011010110011111001011110100110101001111111010011111110101110011111011011101
10011011000110011110100011000000001000011000011010000111000000101010000001100110
11100001000111101001011100100101100111011001100100100110001001101101100000100010
00010111100001110101000100001011011010110000111000101101100011011011100100100110
01011011101100001101111110001000011110110101000110101101101001001001011010000100
00001011111111110100111010010011000100101110000101010101111010111011100001011111
10001010110010010110010001010111110100100111100101100110111001000101000011001101
01110010010111100100000000010001000111111001100100111100011010110110110011011111
11110001111111000101010010001010010100011110000100100111001000100101000111010010
00000010110101001100100111001111001000100011101000010110111110110011010001010001
10000000000010101010011000110010010011111101011000101010111010100100010000000011
10010010000000010111111000001000010011011101101101001101001000010000101000001011
00000101101001110100110111100110000100100010100011000100001000110000100000101100
01100111001111100110011100110010000100111010010111000001110010111111000100111101
00101111111110011110010000011101110111011000011101000001011101010110110110100101
10001110010011011101100100111110110001011000010011000110010010001000011011011111
00101100100110011111001011010001111100011010011011110000000000001101111101100001
11110001001111010011001101110000011110111001001000101111111110010100001001010000
00011111010000010100010111000000001001110101101111001011111001000001110011110100
10011110010100100101110000010010101110111101100111011110011111010100100010110011
10111100010001110110011100100010101110100101011001010010111001000010101010001001
00111110100000000000111100001010010010010010011011101110101110001001100101100111
11011111001001011000100111111101001110000101110010001100101111011000000001100101
10100100101100100100100100011001001010000100000110011001100111010001010010011010
00110010101111000010110010011100111111001010011101110111001011100010010110000100
11101001100101100110000110000110010010000101101101110110100101001111001011011111
00000011000111101100110100001001100100100001101100000101111101010010011100011011
10100100101011010001010001011001011110000010011010111100101110110001010010101010
00110101011011110100110110010101011100111110110010010011011101100111111000011010
00100010101000011101100000000101011111110100011101011110000110010000101010010011
00101010100101101111000110011000111010101001100111111100111010100001011011101001
00000011110100110111100110111001110011100010110001000110001100011101101100111100
01100100111100000010100011101000000000100011001010010110100100110010100000000011
01101101101001000000000011010011111010011101101110111101010011110110000010100001
11100011110000010001100001011101000001110001000100000000010001000101000111000010
00011111100110101101001010001100011111111100000011001100101001010000110100000011
11111101000000111010111100100101010011001001010101001111111001011111101110000000
00001011110010010101110011110110001110011110100100010000001010100001101110001011
11000100111101100110111111111100000101110101011110000001101110010000011110110100
10010011101111001111100101101001101010000110111101000001011001010000000000000011
10110111010110110011001001111100101100111001011100000101100100111101001101011001
00010101100001110001010010110000100010101101111000101001010010111100101000011111
11001111110111010111100010101011101001001000011111101010101000011111111111001010
10101101100101000011010001001010100001001100011001011010000101110100101101101111
10011110111110000111011111010010100001011010100001101000011010101110010100011101
11000001010100110110110001110000010001000110100101011101000011101000110000000111
10000101011000010001101000000011100011100000010001100011010110010000000000001111
10100101011101010111111101101001010111111001010100001010000111111001111110100011
11011100100100001000010111111101011111111101110000110001010001001111110011001100
10100100110000011010101110011011111100101101100001110011100100111000001111110101
00110100000101010101111110100011000110001100000001100000010101100101110010100101
11110011111100000001010110110010001110100111110100011111010110111100000010100111
00011110101000000011111100100011100110100111011100000100101101001101101011111111
10101010110110110110010000001110001101010101011111111111001010011011100100111001
01111110101100000111010010101101010110001101001011101111101100010001010000110001
11000011100001011111001110110111010000101001011110111101110011000011100000101001
01001011100000010011111010000001010011100101101110011101101011010110011000101110
00101010000011111001010100011101110101001111110101111110011010010111101101010011
01101010011101111011101001100001011110011100001000101000101100001110110000111110
00101101111110101110010001110010111110010010110111000110001101111001100010000011
00100100111110101001111111111100110000011100011110010111001001000010100101111100
11111100101010101011111101101000001011011100011100100101101010011101110000000010
11111110111011110111011100011111010001000100110100011111001100010011001001000100
10001000010001001101011001001000101111101010101111000100101101100110100101010111
00011001000111110110110111111000001110111101101110110000101111001001001100000011
01111000010101110101001000101110111010011010110100000110011100110100110011011001
11111111000001000010011010000001110101100000001110101001010100001011000011110010
11100010000001110111111000101000110000000100000101100001000111101110100101001110
00001010110111100011000011011000010011101000110110001110111110011110100001001110
10110011010101101110010111000101011011110101010011100100001101011110000001110000
00110101110100101001011110001110000001110100111000101100101110101011010010011010
01111000010001111011001000101101010110011111001000110001100001000001000011110010
00000001011101011110011000110000110100111100000100111110110010100001111001001101
00000110100011010010100111011001001010100111100100111010011110011000101111101100
01010101001011001001001000110101011001010110010011100101000011110001100001111111
00011100110011111100001101000011001111010010001110100110001001000110111001111001
01001111111000111011111110011111000000000001110110011000110100101100111011100111
10000010011010111001110110100101111110111100001000011011110111000001111110010101
10000001001100111100011111001011010111001011010000101110011100001011100010111001
11010110010010001111100000100110110110011111000011100111100111011110011001100001
00001000010010100100111110011010101100101001000101001001000110001100001100001011
01101010111111111010001110100101100000010001000000001000101110010100010100000110
10011001010010100100000110011110111100010100001110001001010111101010111110011110
10101011101011101101111010110110110100001101101001101101011000001011101111110111
00101110100110001010110000000010010011110011011011011100111101110100111010111000
01001011000100110010110010101111110100000011100111101001111110101101011011111100
00111100111010111100101110000000000001011000110011000001100111110001101101110111
11001010100011100011100001001011000000000000011101000100111100101011101101111101
10000001100110011010101011000001000111101011010111001101100101000001101000001101
11011010001001001101011111011001100011111000011010011101101111100000010111110001
10101010001011000111111100110001010010010110100001101011101111010011011001010100
00101010001100000111010000111100110001110111101000101101001100101000101110110001
11010100011011100101111010111110111100011001000110100001001001110110101101001100
11010001000011100101000011101010101000100011100110100001011000001001000010101100
01101111110111100111010101110011100111010101110101010010101000011011001001111011
10111011001001000010100110011101000001010000101111100000101100110110010110110001
00101001001010100101010001010010111101111101000111111100110111001111011111101011
11101001001011111011111001110100010111111110011001110101101101100001010110000011
01010110110011011111110001001000001110101011101111111100011011100100000100010011
11111001000011101010110000010101010010001001000111001101000011100001010100000011
01111101001010011010000010110010101110101100101100001110000001110100011011001100
00111011101100110110010000100110111100111011101000001001111000010001011000010111
01001101101101110101011110100001100111110010011101001010101001101110000010110000
01010011101010000010100001110010000101010111100111000001101111101001100101010010
01101111011110110010001100111100000100011111101110001101111000011100010100010111
01001010001101000100100101011011100011101000110100001110001010100110101101011010
11011011110100110111010001101111101110110111010110110000001011000110110010000001
10101000000110101100110001100111000010100001111000111000010010110110111101111011
00000110110010001000101110111000101111100011111001111010010001001101011100000111
00001110011110000010000010011011100011001001101101011011000011001100110000000001
00011100000000110111000100101110010100011001101101111001001000000101111010110110
01010000001100100001001101010101101010111101011100101000000001000010000010111001
01100100000110101110000111110111010000011001111001101101001100010000001101100100
11011100110101100100001000101000001010111101010111100101010001010100011000110100
01111010110001111001010011000101000100001001101111000100001110010111000110110000
01001110000111010010011001001011000111010001110111010011011010110111111011110010
00101011000001011011000101111101110010111011101001011111001101000000101100101111
11010000100111110011100000110111001011011100110010100000111010011011011010110010
01110001111100110100001011010100101001010100110010101001010100011011100010000111
10001010011110010001011110110110010111100100111001001110011001000111101000111111
00101100011010100111111010110011111010111101101101000101110110000000111110111111
10111101010101011100100100110011110110111011010011101010100001101010101000100111
10110001001110011100111100100101100001000111111100111100001001110111001100011011
11000111010110100000101100100001110011110001000000010110111100110011101110100001
01011000001101000100011010100000111110110011100011011010100100101110100011001000
01010011000100110011110010010110000100010101101000110011011110101101001101000110
00000010010001111000101100000110000110011111100011011001011011001001011100101111
10011001100010111111011001000101011010111101000011000110100111100010010101100101
01101111100101100111000110111011101010010010001011000001101001010011010110111111
00111010000011111010101001101011001010100100100110001000011101110001001110010000
00101001010011111101010010101010001011000110010011000111001100111011110010001100
00010000100000001110100010100110111011010001010110110111010110001000100101101000
01010100011011101100111111100000101001010001100001110110011010100101100111110001
00111100000101100001101111110110001011101110011110100011111000110000010101000110
01100100001110000100011010111101000111010011111011001010110111110111110001001001
11011001010011010010000111010110111110111000010110001010110010100010110110010110
01001000110000100100110001110010011001010101100000001010111010010101010010010111
11011011011111001011111101000101010101111010100111001101101000000011111010011101
11001010101101010111011011010000101011000100101111110011101000000101000011101001
01011000111011101111110000001100101001000111111000110100111001100001100111000011
10110001111101011110111011000101011110011110111100011101000000001111011101011010
00010101001011001000100111001100001011011111111110100110100111110110010101110111
01100010100000011100100101111111101101101111100000110100100101011100001101100010
00101001001010010010000000001100111111000111001101010000001010111010100100000001
01001101110001111000001011000001000110100111110000100011101110000101101010101001
00111011001000011011010000110000101011101010001101010100111100100100100100100100
00000100001001000010001000011000010011000000000000001001111011110101000010101000
10111110000110111100001001011100011100101000110101100111101010101101110000110100
10011100101001000001110101010010100001111101011000110100101111000010100000101100
11000101111010110111000100101101111001001010011010101110101001110111111101101010
11111000100001000111011100111000110000011111101110111100011110010101011111100011
00000100110101000110001011001101110000101011000110101111010000101010110010010001
01001110000111100111110101100001111010101111100011010010111101001111110111001011
10101111111100000010011101011111000100010101111001110111011111100100010010100011
11010011111111101000010000011001101100001011101001110111101101111010011010011100
00111011001101111011000101100010100110000101010110100010000100101100001000001011
11011101001101111000000001001011110001101101111101000111100111011000100011000110
00010001110001101110001000010011111101110000111010110100011111101001101010100000
10001101100000001101100011011011010001001000001001111111110111011111101001000000
10011110010101001011000101000111101110011000110011101101110000011001101110110001
10111000010001100011111100110010000110111010011010110010110110111011010000110010
01010000100101111011100011001100101111011011001000101101111011010000100100100111
00101100110011101111001001011011001110110000110001010011110101001110110110111000
00110010111110111000001001111000100001110110011111000110101101000000000100111110
10100010011010110111100100011011110011101101010111000000100011011111111001111101
10001011110001110011111000001101000000110101101000110100111010010110010010000010
10101000011111000101111000100100011101000111110011000010001110011010100111101010
11011111111110001011000111111001011110010000100111111100111100111010100010000010
11010110110001010101100000010011001111100111001111111010111010011101101111001010
01010000010111110011000010110001101000101101111101100010100010001000010111110011
10110110010100100010010001011111010101101000011110010001001001100011110011011111
00101110100111011111110110101110011101110100011111110010001101100000000110010100
10110001110000111110011101110100111011001100110111101100000110110111111100000010
11010111100011100010110001111011101101100110010010100110111010011010001001110001
01100111000111110101000010100001101000111011011000101111011110010011000011001100
11000000100110101000101110000110111001000111010111011100001110001011001110010010
00001110000001001010010000010010001011010011111000001001010000100001000101111100
10011000100000010100011111110001110101110101110111110010001010001101111011011001
