80 1023
11000110110100010010101100011100011100110001001000000100011100001111011111110010
00010111011110111011110101100111100010110010101101100111110100011101011100101100
01101110001110111011100010111010000010011010100001010100110101111001001000010111
00111101010111110001000000100001000100001011111000100111010000010111111101101000
11100111011111001101100100111001011111011110000100001001101001101101100110010001
01001000001000110000111001010011000101010101101001111001010100001110110100100001
00001011011100100010100100111110111000000111100011011111110100100011001100001110
01100101101111111111000111111110011100000000110010001110001100011101011101110011
10101101101011101101010100101000111001111111011101000010011001010000101000110110
01010000101111011101100000011111000100111000101100110100001001011001111100001110
10110011000001001110100001111100110100110111111101100001000101001000001000110111
10110101110000111111010110110001110000101000011101111000011111111100011000111000
00101011111000010101010001100010011010100011111011000010001011001011111001110010
11010000010101100100100100010000101111100111100001111111001001111101001111010010
10011110100000100111110100000111100100010111110000011111000001010101011010101001
11110000011000011001010000000010000011100010100110010111111110010011111110111110
01111101101011110010100110011001100000011110011111011010110111010100101100011101
00110000001000101110011000001001110111011100000000001001001101001000011100010010
01110011110001010110011111101000101000000001010011010111000000100101110011110000
10011001110010110000000011011100110110111100101000001011111000111111101010101011
00100001110011111110011100100100011101100011000010101110001001110010010101011001
10100110010101001001011011111010000000101010111111001101011001000010001101101111
11011000010100111100110111110001111110001101011010001011101011110100000011001100
01110100111010000010001010001111110111000000110001100100100001001001111101111111
10010110001011110001110001100000110010111111111101101100010111101100100100000011
10111010001011000100100010000101011010101111010110001110110011110001010011001101
10101111000011101110011111101011111000010010001001110001111000110010011011011010
01011101101110010011011010001111011110111010000010110110011100001011010000001001
01111001011011011000011111001001011111010000011111111100011110101101000011111001
11010110000000001101011110111011000001110000110111000010110000000110111111000001
00111110101110100000111100001011100000111011100110010011110001011110110100011111
01101111001101111100000110000111100010100011111111011010010110111110111010000000
01110010000111000010101001000010110110011110100101101110000111011011100111110110
00001110101100111000010011000110001000110101010110011011010111111110101101111011
10101010110010111100010011001100111000011000101010011100001101110000100001000101
00011010010011010111101000111000100010010000000001110000000010100111001011001001
01011011110001100000110000011110111110001111100100010110001010011001000010010001
10000010110111110110010001100001110000010000100011110100111111001000010001100110
00001001000000000000011010110100101000011010001100001010000010110100010110001010
01110110111010101011010101001001001001111101000111011101011101111100101111011001
00011001100011010110101010100011101100011010010101010000010011000110111010001110
00100100001111101101011100110011101110001111100000010111010110111100111011100000
11111000000101001110001011110111000001000011000101100100011010000011001010000110
00111001111100100011010100111100000100010011100010100001111100110011011010011110
01110001100110011000101000000010111101010001100010110111111100000111101000001101
00100000111011110100101011001111001111100110001000000001110101101101110110000101
11100111111110100101101110011100111000010010010100001000100010110110101100101111
11010110100011111101111111111101010101110000100100001000010010001010100100000110
00000010001011010110010101000101000100001000111011100010010001100101101110101011
00011011111100110011010000000000000010101011001001111110010010001101110010110111
10100101010110000010111110001100011110100001011110000101100101111101001110111000
11111110001111011010000111010011011001001100101110010111010101011100011010110111
01101001110101011011100000011000001011010000011110010100111101011010001011010101
10110110001110100100101101111101000110010011011000111101011110001110100010010000
11011010111001100011111100001001101110000010010001111011110100010001101100000111
00010000111011000001111001000000000010111101001110000111000011001100110000010100
00111011100011011110100010110000111100110101011111101111101010110110001011100001
00110010000011001100010001010001101010100001101111110110110011111111000110111010
00101000100110100001001100100101100011010001101110010001011111001111111110011001
10111010010001000001001001011011010100011101001100000101011101011011110010110100
01001011001001110100010001011010101100000010101010000101100010100011101100111110
10110001110001011101111110011001111111010010111111110111010011100000101001111110
01001001001111101000000001011100001011001011110000000110101010011000101010100100
00100000001001110110100000110111101011100000111101011100111000010111110101110111
11001011111010111101000110001111001011101000111010010011101010001101011111111011
11101001001110000011101011000111011011011111001111001011111011001100111111101011
10001101110100001100100101111111001000001011001010101001000110100100101000001000
00110010010110101100111100001011111100111001100000100100000001101101011111011110
10010101000110001110010001000110001010001011110000111111101111010000010100111001
01100101010000010101000011000100011101101111101011111000010110110101000001101111
11110000101010000000000010010000001111101100111011011000111110100110100001110111
00101000111001000110001000100101010101001100000010010001100111010101101001001010
11111100000000111010100000111011011110100111111100101000011110000111000010000011
10001110001110000100001101110010001010000011101001011110101101100010111001011110
10011100011100111010100101001101110010010101001000011001100110110000001111001010
00001011010100110001000001111011101000111100000100010001001011000001110001001110
11011111110001110010101001001110100111100111011101000001000111111110001110100000
00110111001100110011000011111000011111010100000100101001011110100001110010100000
11011100110111110000111000111110000100110100010011101001010010010101001100101110
00110101101100000110101111110110000010101001011000111111110101011111000011111100
00010011001101111000110000111111000001010110011000100001100000111111000101100101
00010100101100110111011000000101110001010000010110100011101011100000101110110000
11000100010110010111111011111101011111010110010011000011000011001101011110010101
10011011001111111101010100011101100010111100111000100110000110000110000011101001
00000000110000000010111111001101010000010001101110000101100000010100000111011000
10000000101010101000111110011011111110011110110011011011110110111110010000111010
10000011010111100110111101001001101101010111111010100111110101111110101101001001
11010100000100111111111100000100100001000010111110000000100000001001000100101011
11101001111010000111101000010110010011010111001101101101101111000110101001000011
00010000011001111100100001100111011110110101101101101100010111101101000100101010
00011001110000010100000100100100000000110101101001110100101010001011001000101111
11100001010000111001001001101111011010110110000110000001110011010011111101110111
10010000100110001011010010010101000000101001101001010010111011010001011001111001
01011001001001111110100110011111111000110000010011100101000010010010100011101111
10011110110111000000101011111000001000110111001001011000101000111111011101111001
10101111010110011000101110001010001010100100001111011010001111110011001111011111
00100100011000111010001110101101010011100000101111010001111001111000011011101111
00011001110011011110101000100010110010110100001010100010001010111111011000100011
00111111001110101100001100011001001001011110111101110110100111110100100111000000
01000001101010100100010010000011110101011111101001111000001000010011000001001110
10110010011100001100001010101000100001100110101110011000101001010100111011001000
10011010101111001100010011001111111011101110101010111000000110001100110100011100
10000000111100011001100000011011010010100000011100101000101110100010100000011011
00011011000001011001011100000011000011101111001100000001010100101111110011001100
10001110011011100100011011110000010001011100101101100001100001100111001100100110
01000100110011101100110110100111001000000110000101111001100011111101010000001011
00010100110011101010011100110101010100100000010010100101110000101010001110101001
00000000000100100101111111010000110111000000100011110010101010001000011100000011
10101101001000110101111110111100001011101100111010011001110011011100100110110100
11100011101010000111010110101000101010010001100001011001000000010101001101110011
10011111010101111101100001011000101010100100000110101001110101001001101100100001
01110000000110100110111101011000010000000100110010011100010110011101011110001011
10100111000001100011000100001011100010011010100110101101001101110111101011111011
01110110111100111000111000100010011010000100001100000011001011001000011101101001
00111001101111101101000010000111000100011110000000110100010101111011111011111100
10010101010110110111000100011110000010101111000000000011000000010100010111010100
11111000101000000101000011101111101101010001000000001101101010011010000101110110
11010100010010010101100110110000111000111001101010010101110010111000111010110010
11001011000000100001100010111101001110001010111010000110110010111101001110000101
01010110111000001100010001001001111100110001010100001111100111001110001000110100
11001011110110101101000100111111111011011101000101100010010001001100000011110110
00100001110110001110100001001010000011110101111111000001110010001110110100101001
11111010001011101101100101110111010000000010001011010000100111100110110001000111
01010011001011011011101111101100110111110110010101100101010100010000010111110111
01001001100111100101011110111100111101101001110000011101001111011110001111000100
00011111111000000000001100010001111101100100011011000101111100110100101011010001
00111110100010010100001111000111111011101010010110111010101110101010010001110111
11001110110010011000000000101111111101100010011101111001101111001000101000101011
11011010001101011110100110101110111110010111111001100110000110001011101001010111
00110100110101100110000111101010101011111111100011011111000110000110000001000101
11100000101011000011110010011101110001001000110010101111011000010111001011000000
10001100101011001011111101110111100010000110111110010001100001000101001100111010
11100000100010010011111110010011100110111010110111011011100011110101101111110110
11100100111111101110011110110010110000000111110101101100011010101011000001101100
11111001100010111101111010110110011001100010110101111001010110010111000000001010
10111110010101000010000001010101010001011111110101010110011101110110001011100001
10101011010100100000000110000011010100110010011101001111110110000010001011100010
01101010011111110000011011101100000001000010110100001110000111101111011111101100
10001011010010011010101100010011001111101000100101101111001101101010011100001010
01010111110110111100001000010110100000010011011011110011011001010010001111001101
10001000000010110100100110001010111010111011111100010101011001110000111101101110
01100001101110101101000001101000111000111100001101111001001110100101101001011110
01011001110001011100111001000011100111111111011001100011010100010001000111100100
00001101110010001100110010000100011001111100001010111100001111100000011010011000
00101010100101011010011001000100001011010011111111100100111000100101001000010110
00010010101100100111111111101110000100001110010010011000001110100000111101000100
10010001001110011100010000111000011101110011001100101010100010100110111101100011
11100101010111101111100101010111011110111011010111100100010111010111001101001010
10010110011111101000111110011001110111001101011110011110010011010110100011010100
01010010111111110000101000111100010000001011011001011100100110000001100111110001
00110101101111011101010100011011001111111000101010011110001100011111000111110000
01010011111011101110011100100000100011100010010111110000011110111001000100111011
11111010011110110111000001011101101100101000111100111001111100001000101100101111
10100101101110011100011100011011110010101010010010011101000011111110010101101001
01110100011010010110000001100101110010000000100110000111010110011011010010010111
00010000110001100011101000011100110010110101101011001010000011000101101001101110
11001101100000010100000011100011101010110100000001110110110110001000111000010010
11100011010110010000100011101100110111101011010000000110111111011001010011110010
01011001100110111001010011001001011110100011010110000111011111000111100101100010
00110000101100011011101100111110011111000100100001001110000100010101000000011110
01110010111000110010000010011010011100011111000011101111111010110100011101000000
01010010110000000001000011101011111111100011001010011101000000011110011001010100
10001010000101110110100001000101000101010011010000101110111100001101110011011001
10101000000101100101110001011100101011001110001001010000111011000111101110011110
01100000100100100011010010011010010111000011010010001101011110111110111000011010
01011010111010011001001001111100001101010000011001101101010000101110011001100011
10111010010011000111001111011110100001010001011111110111111110010001100000011010
00001111110001000100100110011011000001110001010001011111101111000000101011001000
00101000100001011011001100100111011101010000010101100100000011010011111011100000
00010000110111011001101010010101111101111000101110100001100111011011011011111110
00110010110001000000011110111001100111110101100110100011001001011000111100110001
10100110101001111011010110101111001101100100000111110010000100100101011010000101
00011001000011011111000011010100011001000011111110000111001100110011000010010000
11101100001001011000000111000010000011010011101010100000000010010001111100111111
10001000011011000001100011100000110100000111001000101100101000110001101000101001
00010111101101110001111010110001101011100111010010110111001000011011000000001001
00011101011101001001010101111000110010110000011001011011100110110101100001000111
01010100011101111100111010111001001110111011011001010100101001000011111100010111
10011100111000001001111110101101111010110000100101010011111111010000110010011001
00010001101110111101011110001100010011010100001100010000101100110010101010110110
01010000010000011100100100100100111001000001001100000010010111111100000011001001
11011011111100110011010111001001001010101110010100100010111011001001110010001100
01111010100111011011011000011100111011000000011010111001111001000111101111111010
10001001101000001111100111001010011011000001011001011001011011000100110010010101
10111111111010001001100000000000000001100010111110010010011011001011000011011011
11001110000110110011001100010000111110110010001010110111100111111111110010010100
01101101001001111011111011010011110010101001000111111100101111010101000111101110
11000010111100001000010100100101100111001010100110100111010000011000000011101010
10000110010000111111010010100011000000110111010011110110100010011100111101100100
10011001100110010011011011101011100011011110010100100101110111010100010001101111
00111100010001101100000011111110000000000001010010011100100001100001001010011111
01011100010010011100111110001000001111001111111000011000100110100010001101011111
01011001001110101011100101101010101000000011111010111110010000111011100110010111
00100100011111011111110100110100011101001111111101001000001100101011011100110010
11101100100111100010100001010111001100111000001010111110001100111011011100100110
11110000011101110110000001110011000000000110100010110101011111001111000101011000
10101011110011100010101000111100011101011110001101100000101000000101110001101011
11010100000011100111110011100101100011110111110001000001010100010010001000000100
01101001010101111111101111100000101111101110011110011111110011001111101100010011
00101100001101000011001000011010111101101110101111101101001110000001011111001011
01100101110111011110101011111010111101110000110101110101011101111010000101100001
11011111111011001000110101111011011000000100011101011100100101000011100100011011
10110110011010100011111111000000111100001000001111010010110010010110101101001000
01000000110100100000110001111100110111000100010101001001110011010100110011100011
11011100010010110000100111000111101011101000000011110001001111101111101010100000
01100011011011011110011100010001001110011110001110100110001101100111101111000010
10101101111010110110010011111111011101100111110000111110010000000100100011100101
01001010011010000010010011000101100101010011000100100101000111001000110000010100
11000010000011100000010010101101100100000001100000010001101011100101111000000000
01000010011100111111010100101100101111011110111100000001010110110111001100001100
00010011010110101000001010000000010101111011101111011010010001011000101011111111
00101110100011000000001010000000101000100000111110011001110011100010000100110110
00111101000000010001100001000010001001010011001010011011001001110111001111111111
11111011010100101010000110000110010101010110001110110001100000001110111100110110
11001110100110110100100111011100100100110100001100011100010010011001011011011101
01011100000011001010001111100010001011101011111110110010111010101110111110101111
00101111111111000010100101101001100001010110100100001101000001011001111111111010
10110010110001110100111111001101000000110000001100000010011011101011111111100101
11000001111101011010100001101111011110101001000000010000100111100111011101000110
01101010001010101011010110110110000111000111001001100010010111001000010000101110
11111110011110101010010110011010101101111110100000011100101110101110111110100010
01001111011000110101110110010110010101100111000000101101110111001000111010110100
11000111101111001111101111100000110000101101110111110010110001001110011110110011
11110100010101101100111010111000010100010110110011010001010111110110001110001000
10000010100101111011110011010101100111110110000111111000010101001010100010100110
00101000111110100001000101011000000100000001010011111000001110101011101100101100
10011111010011011010011000011010111101001101000010010101001010101011001110111010
11111010110001010111001100110101101001110010100010111110100011011011010111100110
01001010110100110000001111110110001101101101010010110001101101000100001110011011
11010101111100110100011100011011111000111110100001000110001011101111100001001110
00101011101110100000111100110010001010001101011101000001010011101110111110100111
01110001001010011011011101011000001100001110000011011100101000100010001101001011
10011101001010001101011011100010100001001011111100111111011100101010110111111010
01111100110010000000011000010011000110001010110110000000101010010001110000110000
01100011011011100011110111000001010110111000111111001000101110110111001000110011
11110000011011101000100100100001101110110110110101011001110111001001001101010000
00000101000010011110100100101011111110011001011110011011110001101001101010111000
01100000010001001000110011011111100011011110000010100011100101101100000110111010
01100111110010001110101011010101000111111111100100010011100101111001010011011000
01010000110011010011001001000001010011110111011011110011111000011000110001001000
00001110001000011110111100110111011001000001000111010110101000101111001111101100
00111000011011111000101001000110100111001100111101100101100010001000110110000000
11010100000110001000010110111100001001111001000100101011011101101011011000110101
01111101100010010011100101111011011000101010100111111110001011100010010001101100
10001001110000110011001010011010000010000110101010000100101011000110011001000101
11000010000001100010111111010100110011001001100010101110111110001110100011011010
10010011100101010001111001100001010011100001111100100100110111000110110000111111
10011010100110010110011000000110010101010110000010110101100111000000101001010011
10110111111110110111010011011101011011110111010011101010011011000100010101011101
01111001111111110101101000010010100111101110010111000011011000110000101110010000
10100010001010010100101100000011011000100011101110110111110110110101101100101000
00110111011100110111111010001001111010101101000111101110111110010111000100110100
01001001010000101111111100100000110100111100011001111000011000010111101111001111
10111001100010001011100001100100001000000100000011001110110110111100000101100001
01010111011000010011011011100001100001001010111000100011010110000111101010100010
01110000100110101011101100111110011000111101001010111001000101111000000000111100
11110100001100011101101001100010111011010011011101111010000100101010100110111001
10011110000111110110001000100010111100100101101100001000000010000011110000011110
11110000111010011000110101100001110010100000010110000000100100101101101000000110
11101011110000010110001001000101000011000000111111100010110111010010100010101000
10010100011001101101111011101111101100011000111101101001011010001011110011101001
01010100000111010101011001111011101011000011001100000000100000010101000011000100
01110100001100100011100101011101011101101101011000001011110001111010011011010101
00100011100111111000001011110110011011110000111010111110000011111001110101110000
01101011001001011111110010010011000010101110101110100011011110010000110000111110
11001101000111011100000011011110010001011010011110110011010000111010110011100101
00111101010011100100011101100001001111111001101000011010001000110000100000011010
00111110001100101101000111011000001010111111001110000000111001011111100000010110
10000110110011101111010001101110100111000110010010011110000110001001000100011000
00001000001111100100110111001110011001000100111100001000011100100111011100011000
00101110001000111010110110000001101111010011101100001111011110101000001000111111
11011101100101111100111001001101100110110100011101111000001101001101111000111110
10100010111111011100011000011100011011010001111010000010110001110111010101100111
00011101111111011010101001011110000110110100001101010000000100101111111001110011
01011101001001000011000101111111100001110010001001001010010011000011111010000011
00110010110000010100101111111111001111011100001101010101001101011010010000010001
01100100000110111110001000010101010001000110100100101100101001110111111110001101
11101101100111110101011011100101100011000100100001001000011101001110011011000110
10100110100101111011010000011010110101000111101001011101100000111111111010100001
10010100000101000001110000011010101100000001101100110011110110011000000000101101
11100001111001110101000010000110010011111101101010101010101110111111010011111001
11000010100111000111110010001000101011101110000110111010010001001010001001111010
11001101100010000111110101100001111101111101101111111000111001010001100001000111
10110010010010100010010011000100001001111000001000111110100111011010100100111110
11110000011010010110001111011011000000111110100000101110001111001000110011010101
10001001110100100001111100110000010000001010101100000001011000111110100111000011
11110110101101011100110000001111011000000011011111110100010010100101100011001011
10100100101010110010000001100010110110001000000110001010101000000000000101011001
00110000100000010101001111111011100011101001010000100000011100111111101100101111
01000010001111101111110011100010001100101100010111100110100010110101001111111001
00100110000110100100110000111111010001100010001001000011111010101011110011000100
10001010111111010111101101110110001011111110111011011011011101101010111110001111
11010010001010110001110111110000010011110001111011000101011101100111110101010110
11110000101000011100110001011001010101011101010001000000001000111101111101001110
00000111001011111000011000001011110010000010010001010001001100101111011111111111
11011100000001101110000100110101100000100011010000110010100010100111000000100001
01000011001111011010110011101010000111011001001010010100010001010001111101001010
11011110110100100000000100001101010011000010110010011100101000101111001100111010
11010110100110001101011100011011111110011000000101010000111100111100111000101110
00100101010010010110101011000000011000101010011101010010101110111111011100010100
10100101111110011111110001010111000000100001000010001110001010011100110110001000
11010111110101100011000110011001001000110011010101011111111001010000000001100111
11011101001000110010100010010011100110011110110101010010011010011110010101111111
01000101111001011000010111100111100001001111111101111110111011110001001111100001
00011001000011011111001111111000111111101100010001100100010000001110000101101101
11111101100000110010001000010100111111000011001010001011001000110001100101101001
10100011001001010101111111100111101000101001100101011101110000011111011100000111
01000111011001001000101101010110010110000100001100101000100001000101111100001110
11010110110011111000101010101011011010110000110001001111011100111000000000110100
01000011001010110101001101011110101101111000000001100011101101000001100000011010
00111111000001000010010010001100000011001011000000101110100001101110110000011111
00101010001111011100110011011001001001100001100111110110001011101001001000101010
11111111111001011001111101010000101001110011111111000100110010001100111001100001
00001001000010111000011110110011110000010101001011100100001110011010000001101001
01101111100000110100000011001100000000010110000110010001100011100111100111110110
10111000110010000101010101110011001110101100010111101011011011010011101011100000
11100011110101111000100100101111001000001000100101001101101101000111110000010011
00000111101100111001100111110001010011000110011010001000101101101001111111100101
01001100100001110010000001011011111111010111111010000100101011000101111010011111
00011010101111101000100010001101110000110001111111010111101000011011101010001001
00111111010001111001100011000110100100100101011100110001010010011000000010001001
10111101111001110110100010010110001111110110010110000101101110001010001000000001
11011001001001001110101110101100000101110100111101000100001101010010111010110001
11101101101011110100101011101011001101001100011110111000101110010100101000000011
10010110011110100100111101110000010000011100011000100011010110100111110000100001
00101110110100101101111110000111010100101010000011101101110010101011111010110100
11111110110101010111100100001001010100011001110111010111110100001000111100001111
10100110000111000101101011111101000000011110101010101100001100101101001011011011
00011011110011011110101001010111011011001000100011010010111010111001000111000000
01001101000000100000111100011011011000101100001111101111110100000000111100111000
11010010011100011110011000001100011101111111110100111000100011111000110111111110
00101101010100010000100010000101100100100111111001000011101111101000100000011010
10010011110100101110001100011110011101111011001100110100111101111011100110011101
01101000000011011111011000110111100000000100101100111101000111100011010010001011
10000001101000100010110101100100000111110001100101101000010111001011001000010000
10011001101111001010100110100110101100111100110010011000000000111100110000000110
00111101110011111101010100110110101111110110110011111111001001111000111110011011
11011111000110111101111100001110011001001110101101011000001010111110101010110111
01110001001111101000010101101010001000100110001001111101000011001111111001000111
11010110010010111111100001100110000000010000110100001001001011000010011001110100
01001100110011100010010001001110011000101111101101111100001011000011101110101011
11010011000001110000100000010000110011000111010111000010110101001011010111010010
01001100011001011101111101111010001100100010100000110100101000101010110000001101
00000001110001011011110000101010101110011010000001100010011101010101111101011000
10001111100110110000100011111011100011000000101011100100000111101010001100100111
01000001010101000010100010001100011110010011101001100000010010111011001011100010
10101000001011010111001110110001011001011111000111110000111111000111101010001111
01100000010111101011000100111001110100000011011100001110101011011000100011111101
00111010101010011010011100101000111100001001000001101111001001001111011011111100
11110100011010100011111000100101000001011111000110001110101111110000110001110101
11111100111001001111100110011111101001100101111001000110010101000111010010110100
10000100110010001100100110110110100001111100100111000110011011100101101010001000
01001001110010100110110100110110101111010110000111101001011101100000111110100100
10111010110000000110100100110011011000101100011101110101110010100101001011011001
00111101000000011101010000110110100111101101000111110011000110100110101101010111
00001100110111011001011000000101011001000110110011110001110010111001000000100010
10000101011101101100010110011111101110111010000011111001000010100111001110010001
11100011011010110100101110101010111011100000010010001111001110010111101101001110
01001001111101100100101010011111001100010000011010111100010010100001010011110001
10111110001010010111110011010111110110011100000000100101100010110010001110011111
11100000100100110100011001011101000110100011101001000100110100000101110111100011
10110100001000101001111100101100000100101010001101110011001110000111111101000001
01011100010100111010111111111011110001001001001101000010000001010101000010110101
00010001011011101111011001001110011111010000001100111101111100010010111101000111
01111001001000100011111000010100000110111001100010000001101101000011100101100001
00000110111010001101011000111001111001111000010000110011110000101001010001100011
01000111001100100100011000111000101110110001101000110100101100001001101000001111
10101110000101010101010101001000000110000001011000011110001011100110010000010101
00000111101010110001110010010000010101010010001101100101100101011101101001100101
10001100101011001011010001111111110000101001111100001100011110100011111000001100
11000101011101001010010111001100100110011011110111000000111010110010100001011001
11111100100100000111101110110110100011000111110101100101100011111100001101000100
10010011100110001100010101111100110101100011001010111110001101100001110100111000
11110000011010010011001101010011010000100111011110100000111000000111100101111110
00000010100111000010000010111011100001101111101001101010111010001001000111111110
11101000101000000010110101110111100110011101101001110101101100010001000100000011
11110001000011111011010000000011101111100000011001101010000010110100101100010111
01101111000001000000100000110110100100000110000011000001100001000101011010111100
10101001011111111110101010000010110000111000010101111100110110100100001000000001
10100000000100110011101001001001111000001000000011001011100110101011001011111110
00100101001100001000000001100011001111101111000110001110101001111010111100111101
00100100101001100010000101100101111100011111110110000100100101011111111011000101
00110110100010000011110011110101011011010111010001010101011000011000111110001011
01111000011100111101100111100101001000011110001111110101111011000001001110101001
11011111110010000101010100010101000100001011100000110100001101010000011001001111
00101000011001100101100010101011010001111011100010011011100100100001010111111000
01010010111100010010101111000000000010001101010111010001001101100101011110101001
10100101011100100110100000010001010110101000000000100011111011111011010011111010
11000010011101010100000000101000001001001111011000011010001001011010101101001010
01110110001010110000100000011000100111111000000111111111110111110101001000100001
10000001011010101001110000000110010011110101001000011111100100110000011101010010
10111000011101101101101011111010011011001011110110010100101110100100100011000001
00010011110110111011100011100001111110100111101111000000100001011001001010010000
00001100010111011111100110001011011101111011101001101011000001100111100110001111
11000000101110011101100111001111000101101011000000110011010011110010110000010010
10001000001001001110111011010110010001001000001010100111100100111100001001111101
01100001000110111101000100010111011111010110011111101111001111101011100000100100
10101001000111100111100100011011010110110010111101011011110110010001101010101100
01101110001110100111000010101111101110010000111011111111000101101101111011110011
01010101001000010110111001000001001111101010100110100111100101010110100100100011
01010100011011101010100111000111011101100101101101110010011101011100110100010001
11000010111001110000101010111001100101100000001010110110000011101011001011110001
01101100011101111010010001110000111000010100010001000101011100110011001101101100
01101000001011110111010101011000001011101110000101100000011101011110110001010110
11000110000111110110101000011000100100100100011110010010111000011110111010001001
00110001111101100001001100000000110101100111010100010100100010010011111101001101
01101010101000010101000000100011101101110001000001010100100000111000011111010000
11111010111100010001011101110011111000011011010111100000011101101001001100101111
10011001100011111001000100000000001001011001110111110101010000000000010011010101
10110101011101010011010101011101101010101010101000100100001101010100011101011111
10110100110000101010111010001010011010111101011011100001011011000001000011110100
00010001000001100011011011000110101010010110110101111111101101001111000101010111
00001000100000111101100101001100110100010101010011100100100101001110101000100101
00011100001000111101011010011101111011011001111101101101110001100000100111110111
10100011101100011100110011001010110101111101010100110010101011000000001110110101
00010000100000010111110101010101111100100010101111001001011110001010111010110111
10111111010001111101100100110010001101011101101010100010000100000100100001000111
10101110100001110100110101110001100001101010100001011100011001100100010000010000
11011111011110111101111000101100110001010011001101101010100000111011011000100101
11011000110111111111111011001111100001001110110011001110011001010001001100001110
01110001101100100011011110111010010010000111111100110100010000001111000010111001
11111010000101001011100111000010101001101110010111111101001100111100110101110011
01111010001100111010101011111010011100000010001000011110110011000101111011010101
01011010010000101111110101110101101000110101101000000110000101000001001001011000
11011001000010111110100110111010001101100111011000000001111011011011000110000110
00111110001000101101100111010001110110010100011000100100011111110100101010011100
11011110100111100110101011000110011000010000011011000110111111010000000001000110
10101010001010111101100101011010111100111100100100011011101110000100110001100010
00101010010001111101100001100011111011111011111000010010010110111100001010111100
01110100000101001110100100110100110100010111111110101011111010101001000111010001
10001001100101101110111011110111101001000111000111100110001010000111011100010010
10100110001111011110011101111110100011001001100001110011000111001100010011101010
00100111110111011010100101110110101011010111101000001010101110010000000111110101
10111001111010011101010000111111001000100001110100011100000001111010111011101101
00111111101101001011100100111111110110010011101011011110100010011001100100111001
00001011010110110100010110011001100111011100100011100010111000000000110100111111
00010011101000100011111000000110001000111110011000011001001011111110001111110011
00010111001111010101010100010000000101101110011111100001010010101110101011001111
11111101111111000101011100101110001000000011111011000011111001110110011000001011
10101010000101000101110100111011000110111011111011111101110100010100111111000101
00010100110001010111111011110111101001011100010001111100000101011100100111100101
01011010000000101001010100100101110101000110111010011000100110100111011110111001
01001001100101000111001111011000101110100110100000010010110000111010111111111010
10111010111010001100100010100000011101100000000011100111011111100000000100110001
00011110010010111010000010101000111111100011001010000000101011110110111111100011
00011100010010101110111110111010000010100111011010101110110011010100011011101100
11101110100110010101100011000100010101000001011100111101001101001011100010101011
01001010001010100100100001010110101000101011000100100110101000001001011000001100
00000000101011010111110111000101000101001101011001101001100001101100011101111101
01010100001111100011001001110010111111111110100010011000111000100110100011001101
10110111100001011110000000011001100010010010000111001110100010101111100000001101
11011100101011111010110001100010000011011011101000101111101010010101000101100011
11000101000100000011000001000100111000111000101010000001000111100101000100100101
10010001111011001110000101111010010100101001010010110110000001111111100100111110
00001010110010011001110101100101110101000101001011110001110010111101111001011001
01010111101101101000000100001101010111001001111001000111101000010001111001101000
00101010001110111110100001000111011000001100010100111000110000100000100000101000
10111011111101110011010100111100011111111010010111100100001000100111111010100011
10010110110001101000001101010100110000100111011010110110111000111101111101010010
00101000011111011001010001001101111111011100000011110100111001110111110011011111
10100111100000001111101010001101100111001011111011111011010000100010010000011100
10010011000100000111100000001011110101101100111010111010011011101111110010000011
01111110101111001110011001000001010111010110110000010011001101100111001001111110
10011111000011101010010000111110100101101010100000010110110010011010011111101111
01010111101111001000110001110111010000101011011110101001110001111100001100111101
10010110111101000011101111101010010000000000101110101111000100111101101110101111
00001100100111110001111100111101110000110111110100011101000100110000110001010100
00110101010001000110011111100101101011000011011101111101000001011111111011011100
01101111111011111000001000000101101000101001110000101100100000000010011001011100
01110000010110101010000010100011001101001101100000110110011010011001111101001101
11101001100001010111110110100111000101100110011001000111101011100000110000011101
10000001101010010111010001000000100010000011110111001101111110001111100011111000
11011011011000001001010000101111110011100010110101101001011001010110110111110101
01100001011100000101011110010010010001111111001000011000011001111000011001010100
00101101010111101011110111001011110110110010111111010100011101100111100111100000
11010010011101000100110110111011011000001110000011001111011010101100101010110010
10100100011101110111000000111010101101101101111110101001100011111000011010100110
10101010001101101001010011001011110101001111000101100111100101111011010100110100
10101100100010010100010100100011000001011011110111111101010100000000111101100011
10000100111010100101010100100101101010010100010100001000110111011010110010111110
01100110111011010011010100111100101011000011001000011000011110000110000001011100
11001100110011010101101011101001101110010110101010110010001100111100110101010110
01011001000100110000011111001110111000011111111011100111101001110101110011010010
11110111010111000100100011001100010000100011001011011100111100001100011110110111
01111011101110100000111001010001001000000010111111011001011010110011001011100110
10101111000100100001100011011101011000001010011010001110101111111010101101001111
00011000001010110101000001001000001010110101001111011000111000100010010110111101
01110110100011110010101111101111101110001011010111101101100011001001010011100111
00001100000011011110110101011010111011110110001000010100111010111100010101110100
10011111011101011010011100100000000001011110101011000010000110100000110101111001
10111101100010101110011111011011011111100110101101000111101000111101001011010110
01000101010001001000001111101111100010100000010100110010011100111011100010010000
01001101100000001100001100101110101000010100001010101110011011110100100000001101
00011010110011101111100110110000001000101101100010110100101101001110000000010100
00100111010010110100110100100101100010111001001000011000011110000010111101101000
11010110100000000111101101110110101110011110010010011000010001110100001000111110
11111000101001111010111110110111101110000100100011101001001101111001010001000100
11000101110101011010011010001000001000101100011001110101000111110010010111100111
11011111110000000110011011000000000001011010010100111010101110011000001100001110
11000101011101111001011101011011010111100110110001100001011100100011001000011011
10100011001000111100110011000000111000010011001101111000100101101011111001010100
11111001000100011111100000101110011110110111110110010010100111000110100010011111
01100011001101111111001001101010100010010110001111110100110100110100111101001011
11001001011100011100111011011000101001011000100000110001001000110110111000001100
11010011100100000101010010111010011111001110101000010111101000110111000011100100
01100100010001001111100110010000111101110110110110101011011110000101110010100010
00010001101000110010010110011110110011111110111000011110101101010100011001111011
01011011101011001101111101111001101110101100101000010000011111110111100011001100
11100101010001001101011001000001111101110111011111100011000000000111010111010010
00110000010100100101000010110000001110001110000011100001010011110000011100010110
01111010011110111101001101100010001110001011010010011101000001100001111001000110
11001101110011001101001101010111010110101010100111000110100011111101101100110101
01010001101011011010110000101000001010101010101001000011011101101010110010010010
10111010011111110110000111101001110101101000001001011100011000011111110101000100
00000011000010001000000011001000111111001000011101100011101100001111100010101101
00000101000100100101111000100011111011110001011111100000110100011010010100010001
10110110101010001001111010111010000011000101111111111111111100001011010111010100
10100100100000000011001100000011011110011000000000010011011111110001110000000010
11101011110110000110011100111001010011010010111011110111011100110000000001101100
10011100100011110101011111100110100101000111110110011111100001111100011100011000
10000111101001000001010010100101001101101011100101100111100011110100101001010110
10111010110010110001010100010100110101111001110011110010101010001101000010011110
00001001100100010001001011000010000111100101010010111100110101110011000010101110
10111000111011011111011010000000000100001010001010111100100111100010010110111111
10110101100001000010010011111110010110100111101100100001101001101110100010111100
01001010001010111100110101110001101011010101000100101001011001011001110011010001
01000011010001111101110011100101000100000101001001100110101111001010101010010000
00011101100101000110001100111100010101101010101000001110101011110111110111110010
00011001001111011101001000111011000100011010011111111000000000101000111000111100
00110110111000011011000000111001010100100001000110000011110011100010000100011010
00001000100011100011000101111000001010101000101111111101111110010101000101010110
10110110011001101011101110111000001001111010010001010011101010101011011010110010
10111001000111010101001110111101011100110000100010010000100100001011000001010000
11100100101110101011011110001010011011100101011001111000010001100001001000100001
00100110110001100111110001010111001011001101110011111101000110100011111101101111
00011111110110110101101101000100111011101101101111111100000111111100010000110000
11110001111110101000110010110100110000101010000011111100100001100110100111010111
01111110011110111001101010100001001100010100000001010100110110110111011010010101
10010001001100101110110111100001111110101001100111011110011101000101110110100100
10011010001100100011111101001000111010000001010010010110101001111110010011000100
00011000101000111011111001000010011001110100010000110101100001100101101011011000
00101001100011100000111001111001011111010000110110001000001010100110110110001111
10010100011110101111100001010001001100100101001111011011000100111011011010011000
10010110101011000010111110000001101111011001001000010000110111001110001111000011
00101000100001111110001110011110100010011100100110100110011111010001011100100110
00000111010100000010101111111111011101101000101101001101001100100101010101100011
10100101110100111000001101100110001000000100100101011111011011010100100110100101
11111100011011110101111000110101000101100010010101111001010111010101111010001101
00000111010111111111101001011001011010000001000110001001110010101010011101011111
01001000110010001101010001001011010110010111101000011010111000011100010001100001
01011111111101011110001001101111001000110111111001110011100110011111011101100101
01100101011011001101100110011011111100010111100101101010011010100010100001101000
10011001010111000011001110100111101000110101000110110001010001101100000101000010
01010001001010100001000111010101111010111010100100000111001010110001000101111100
01110101010001101000110111101011001111111111101000000100000011101110110000100011
11110001100101101100110010100000100000000111100111111111101110101001011101110101
01111110100000011100000001011011001101010111111110001000111100100101000111110101
11100010011111011111011111011110101011101110011111100011111100010100000100100001
10110101110110001011101011010011011010011110000011111101110001101101101010110001
11101110101111110111100100011011011010001111110100011101010100101010010101101010
01110100010001001000011101111010101101001011010110010101111000001000010001110010
11111001001101101101101000011011011101010110000001010100100100101100110100100000
01100100111101011101110101110111110101111110010100111111100000010111101001111101
00001110110000111001100101110110111011100010110001000101110010100000100010010100
01100100011001010100011011101111001000010011100101010111100111111001111010100001
00110101111010000111011111011100110111000011100100011011011100011110010101010000
10001111100000111010000101100011001111011111101100000110001000011111101110111001
00111000000101001000011101111011110000111101111110000110011111010001110100001001
00101100011100101000010001100010001101001111010110000111101110111110001010101000
10001000010001001111010100111001010010111011100001100000100100011011010011101000
00111111000010100000100000100011100111001001101000100111000000001110101110100001
11110100000101100101011100101010111110011011100101001000000000000000010100010000
11000110101111011011011001011010101100000100100000100101000100010010100111000000
00110111100010110111100111010000100101001101101100010111101110001000001100011100
10001110000000011111010001011001001100000101110110010010001100011000010010001100
11011110101111000011110000100000101101111011000000000111110101110110010100111110
01110011001001011001010101001010110100101001010111010010101000100011110001110010
00101010000101110001111101100101001010001010111011001000001100000101111001011001
00011110010001011010011110011111100100110011100111101101011011101000100001101001
10100101000110011010001000010010000001100111011100101000001011001110111001000111
01101001100111010100111010011010100011110000101010011010011010000010000111100101
00110001010010001000110010000000101101001100001101011011100111110101000100101110
01100011100111001001101001101110100000101001001110001011011010011011101010010011
10101101001101111011011001101101110101010011001111110110000111001000111001111011
10000011010001001111001001111010100011101111001101011101101010001000001111001000
00110000101000010011111111101001010000011000010000011010001100001001111011000111
01001010011111111100110010111111100010011101110110100000010001010110001010110101
01010100000000010000011100001000110100000110001011011101011110000111110001110100
00001010101010001111111001110111000011101100001111000101110101001001101110110001
10011011100010010101001010000100111001011110110000100111010011111100000101101011
10011010011100011100001000110000111100010101011011101110011100110001010111101000
11101011101110010101111110100010010011111101010110000101010011011110001111001100
01010111001000110110000100110010000000100001011100100001101000100011010110110110
11001100111001010000011010000101000000011011110010000110000100011001000110111000
11011101101000101111001011001010111110110001000001011110110101011000010010000010
01110000100111110100010100000001100011100110000111111000100010001111000101010010
10010111111000110011010101001010100001011111010101101111000100111010111111100100
11011100100011101100101001000101110011000111110001011111000110000101111100010010
00000110001110001001111100010111111110101111100000110010000111100001100111001110
01110110011110001111111000011111100010001011011011111011001001011110100001101100
10000011011111111111111110111110010011111011011110100011100011000111000001011011
11000111011000000010000101000111010000011011010111000101111011001001001111011000
11100101111101001010010110110110000010001110010110011001010110110110101101001100
01011001010000111111111110100111000000001011010010001110010000110001101111010101
00001101010011111110000111110010010101010100000101111100110100011100000100011011
00101000010011011000001110101110111101010111110100000101011110010011000101000110
01110010010010110011111101010110000010111111001010100110111001101100000111101001
00010110101000101000001101000101111011011001000011101001011000100011011111010001
10010111011011110000001011110110001011101110011011011110100001000100001101011100
11011000010010010101011110000101001010010110100011100010101110000110000010001110
00001100000101011100010010111000100011110000011000001101100001101011000000010011
01111010011100111110010010100000111000100011010000011100100110100000100111110110
11100000110110010000010011000110011110011101000000110011011000110100001110000101
01000000101100001001111110110100100111001001011010000011010111000111111000010010
10100011111001110111000000010011101110001011101000100100010000001111101100100001
10000110000100100111111010000010001000111001010001000110101110101101010100101110
10001000001010100010110100001000111100110100010101110000111101001111100011000111
01110101101101110010001001011101001101000000010100011000000010010111010011100001
00101111000011011011000100100101101100101010110001001101010111000100101101010001
00111100011000001001001011001010101100011011100101001010101000111100101001000101
00011100011010101101010011000010110111001110011100010011101110110011110001100111
01001000011001010001110000110101100101110100111101101000000011101000101111000001
01101100001001111011110011000000111101001110010101100110101001101100010001100001
11101110001010110101010000110000100110011110011101011111011010110010110101011110
10000011011101110111101011110101101011110111001010100110000000111010110101011010
10000110010011111011101010010100111011001000001000010000011011000011101110100010
10010100000001010100001011000100011101111000110010000010010001101010010011010010
01010100110011101010001110100100100000011101010110111010000011110001001011011011
00010001011110011001011011111001101000011011101111110011111010100001001001010000
01101001101000101100010111100001111001110111101000000111011011000110101000011000
10110110001000111111000000011011101010111010011011011000001010111011110111101010
11101000101111110110011111110111111100110110101001110011010101011001101100010111
11101111011110110011001000000000111000111001000000011000000110111001100110011001
10000010100011010110111110000010111011011000100111001001111101110000110100101010
01110111010000101101110001000101111010111000000110011010110111011101011110111111
10111010101001001110010110001101000000110111100010011011111110011000001000101101
10001010101111111101101110000010100010100111110010100101101110101100111100110111
10000101100101111001100100110001100100001001101010011111101000100000101100111001
01010100000100110110110100111100001000010101000010110011111001101101111110010001
10010111011000010010011110011011100001101101101101011110010011000100101010001000
10100101010101110101001000110101010000001101110110100110100000010011011111010100
01000111101101000001110110101101110001001110001110101001100011011010101010100010
11101110100011010110110111101100110111111000110001010110100001111000111000111111
01010100110001000110010000000100100100111111011100000001010010111110100010001110
11101001011100101101001111001101010101000100100101111011001001101010110011011101
10101100000100011000111011000110110111100110110100111000000110100110010010010111
01001000010001100100101111001000010010110110001000110000100101011010101100110111
01101101101000110101101110011010001000010000111100001001110001111011001000110101
10011110001101000111000100101101010011011001000100100000010011101001111100011010
00110001111011001000111100100110100110011000011011100111010111100101101000000111
11011100000111101110001000111101010100001101011111011111000100011000000101010111
01000100101101101111001011101011110111101110101000011100001001110000000100101000
10011111111010100000100111011100011000111111111100000011111100001010101011111010
00000110101000101110011101100111000001001111000010000000001110111111100011010001
10100100011000000111010111101000111011000101100111000111110100001000011110001001
11001010001000100110000101011111010100101011101011011011001001101011001001001001
11110100101010011100101010000010000100110100110000101111000011001100110101001100
00100111000110001010011110001110000011101011011111001101010100000000110100000001
11000100011111001011101101011110011011001110000000101000110110101000001000111000
10110011011111011000100101000001000010110000011110001111110011100000000001101011
11011110100101110110101101100001000010100000101101000011110111110101000011000010
10101010101001000000001110111011011101100111110000000001011101111100101111001000
00000101010011010000010001010101101110100010010101001001100010011000000100100010
00100110010100001000000010110101111000011110001100100111000100100111101010000000
01010100100000001111111100010110101010001001010110110110100011110010010111100110
00100111000100011010001011100100000110111001001001011110001101110111011001110011
11000011101100001101010100110000100000101010110111001011011001010010011000110001
00100110010100000011110011011111000111101101100101001101010100111110010100000101
00001010010010010010001100100111101010100000110001010100001011111000010101110100
00100100010101001100001000001001011011100010000111001110101010000101110000110100
11100001001001000011111001101100001110110010100101111011100011110000111000100000
10110011110000110001001111010011100101010111001101100100101101101000000100110100
01100011011111110011000001011111101110110001010011010001011000101110001011011111
00111001011000011000101010111001000100100101011110110011001111101101001100110110
00001111001001011001111110101111110001101100001001111000001011110000100101010001
10110011010111000010111100101101000011110111100110101101101101110100011000101101
10111111110100101011010101010110100011111001100100110000100101001000110100111000
01001100111101100110011001111011110110101010100011001010010110000100100101011110
10000110111000100011100101101100110111101110010010001110111100001110000111100000
10010110101101010000111101110101011110000001010001000101010110001011001001110111
01110010111111001111111001000101101001010011110101101111000101100000010011000101
01110001000011011011100100111010010110010100001101111111001101101011001001000111
00100111100101011110001000010111111000100101010001110000110010010100110001000010
11110100100101011010011110110110011001011010010011110011011000111010110001111101
01110000110101000010001000001101001010101010101110000111010000100111001111111110
10110010100101000110011010000110110011001000011110011001000100100001010000010001
01010100101001001111000110001111101001010111100100000101110011001111100111011010
10001011101101010001111010010010101111010110001001111011110111111111111001111110
11101011011110010000011101111011101001100001010011111000100100111100001000100100
00001111101100010101110000000110001011001100001101101101111011001100000111111101
01011100110101000101010011111000111011010010100000001111011001001101111011011011
01001011101011101100110111100010111001000100111000101011100110001000110101101000
00010110101011100110111000100110011001101100000110010111111010010110010000000101
10010000010111111101000000101111000001010011101100101000101101000001001110111101
11010010001011110000010010111101010110111110001100001101010010110101011000001101
10101101001110000000111011110001111011000111010100001111100100000010111110000111
10100110011110000111010010001000101010011101010111011111010011011111011111000100
11100001000100110011000110011101011101111110110110011000101011001011110110011101
00001001100100010100010001100001011100111000010110110111010011010011000110011001
00110110100010110101001111011000011111101011011000100011000000000011110111010010
00010011111000001111110110100010010011011111010110100010001110011000111011101111
11010001011111100100011100111010011111011000110100111000100100110100111111100110
01100001101100100110110010010110000111100111010111111000110110001100010010111011
01000000010010011100010111010111111000111010001111111101101010001110011010000111
01010100101111000010111010010101111110001011110111111101000110001100100000101010
00010001011001000000100111101001110011010000110100111010000111011111011100111001
01110101010111011001001001111111100001111110111111100100110011111001001110010011
00000000000101010010110111010110000010100001000110011000111000111000010111100000
01110101111111111101111011010000001010001110010111101101101101011100001100001101
00001001111011110111011010010100001111100110111101011011000001011110010001100101
00010000001101110110010101000000110010101000111101011111010111101000011100110111
00010110011011000111111001011100000010000010111111000000101110101101101100100011
00101110001011110111100001001110100111001000011010101101111010011100001001011100
10010011011011000101001111000000111111000011100101101000000010000011011100000000
01100011100101011001100011110001100010001101011011100001110100111000010101110101
00111111110010001111101000010011111011111010010001011110000011111000010100001110
00111001111110001010000000110011101000011000010011011000001010000010111111101001
00001011001010001001010001101010101011011000111111010101011011111010010001000101
11000111111110110100111100010100100001000100000000000000011000001010000011011101
00111011110111111101010001101001011000010001110111011000111000101001111101101001
01111000111110110110100111000000110100001111010011010001010010101001111011110001
00001001101001111011101110101010011111011110011010001100011011101101000101101001
00000010011100011101111011111000001100111101000101101111010100111010101010000111
10000111010011110111000011101001000100010011011110111011010101000100111111001110
10011001111000111000100000101001100011001101000110111011101100011110000011101110
00101111001100011110100001011010010011001010101010001010001101101110010110110111
01001001011100001011111101010110100111000111111000100000100011010110011010010100
00111001100010010001000111011101011110110101001111111001000110101011000010000011
01110100111110001010010110000001000011000110000110010111001100001000000101010011
01100001011111111001110000001010000001010001110100001000000011000010000000001001
11101110000101011111100111100101011010001100011110011000001001001110011111101100
11000001101010001111110001111100010011100101000000101001111110010011111111100001
10100110011000011100111011101011000000101010011011000100100000000111100111001000
11101001111010000100001011101010000100001110001110110100001100010001110001101001
11000000011000111111110100110110111100001000011011111101111111101111011011111011
00000101110011011101110101100100000100010000101100110011101111111000101101000110
01111100100010010111100101111010101100100011011010000110111000110111000010101011
10011010010101001001010010110001010110110111101110000010111010100001110110110100
00110001011000011010011101001000000100011100111011001000011110000001011011010001
01001100101001110010011111000001100011110010000101101001110001011101100011100010
00010100100010000001110001001000010000000101101110100110100100011010000011010001
11010101110101101100001010001101111111111111000001100001001000000111000011011100
01110110101001101100101011101010101001000011110110010110001001001111001101000101
01001000101000010010100011111011110110001101110101110100100111101100010011101001
11000111001011100011011000110011100000100100011101010010000110101111010011100111
01001101101111010110010001000010110001101010110101000110001010011001000010100110
00101010011000010110010111010101000100010100011111110010100111100111000010110110
11111110100011011001010100110001000010000001110100111001101011010000100111000100
10100110011111011100010100100101001111000000100000000110110011011011010111011100
00110011000100010100100101011000010011011000111001110001010011011010101010111100
01001101110110110111001111001001010111110110001101011010000000101111111100111001
00111011010110100010110010001001101110110011000111111110100000010110110001101001
01100000101100100101101110010011011000000010111100011011000000001100000000000111
10110001000001100011111001111010010011000000100001101110101010010110100000001001
01001001010110000000011100101000111001011001110011111100101111111110101010110101
11011000000000011101111011000110010011001101101011001001100000101100011000110001
11101100011111111111100011010011111100101111110011000111010011011000110011000010
10111111101010011010110110110100110111100010111001110001100000011110101011000110
10010110110111011010111010110001100010100000000010101001010000010110001100000011
11000111000100100010110101000010110010101000100001111101011100110011110001001111
00101001011000000000000001101001110011101001000000000000011010111100111010001000
10000100101010111001000000010110101000010010011000111011110111110000100110001000
00010000000010101111011101110111000000011001111110000101101001010010101011101011
11010010100000001011110000001101110100001011000001010001000011101000100001111110
10110111110100100100111100111000001001100010011000100011000001101010001110011111
11101010000001010000000100000111011011110011001100111100110100001000011100010001
00110101101001101001101000010110111001000010010110111110000011001101001110100000
01011111100100100101000011101110110110000001101001010000111111111011001101110111
00011001101110011101100010111000001100001011011011010000010000001010100000001000
01010111000011011011110111001111000110001100110001111001010011001110010001110101
11101001111111001101000110101011110100101101110100110010011011111111000010110011
10000110000111111010110101101001000011000000110111100001111101001011111000101001
10010110111111001001111101010111110001001111100111100010101111111111110101101001
00000001101100111011111010010111000100000100101100010100111010010110100010101001
01101100101100010101001100000110110001001011001111111001010100011011100101111111
00111101001111011110111001001101000010101001100011010110001001000101111000111000
10101100010101110011010000110100110111000100101110111101000011101110011010010010
10100001010110011000110001000111000000111000000011110101110010111111000010000110
01001111101110110110011100011011110100100011001001001100011110001000100000111000
10111000110101010000111001111000101101001111001101111000110011111100111101110000
01111111010110010110000011111010001010001000100000000010000101010011110001011010
11101100010010001010010000001011110000101001010001111101101111010001111101011000
10011111110000100000010100010010111000000110011000111000111100001011001001101011
00111011111111000110000001010000110110011110110011010000110000100001000111111101
10100001101010101101110110110001111100100001100101010101111000111011011011010110
01101011000000011000001001010010000110100111000011100010100001010111110011001100
11111110000000001011110001111111101001010100101110001110000001001001101111101100
10111100001001011101100111000101001101001001111000110011111010001011010110010100
11111001100000001101111101111001000001000011011011110001000100110010000110010100
11001100101111100001110010100011101110000001101111011000001000100111000001000001
01111010000100010110111011110011101101101000100110000001110101111101001011110011
00110110011010010011101101010100100001010110101101010111011101000000100001011001
10000001000111111111101011111101111011011000001000010110100011101101010011101001
11001110101001100010111000100111000000111011111011000100110000000100100001001001
01111101011001000010110000011100100001101110010011000000010111010101110001011001
00000100010100010110000100110110010011111111011001010010000011010011110111110100
01101111100010101100100000110000111000010100011000100110000100111110001100101011
00110110010101010010000101111011000111100011001011101001011001000111100101111011
01110111000110001101111000011000010101010110111110101110111100101001001001100011
10000110001001001010100011110010001001100101001100111010111010010000000111110111
10110010000101111101101011101101011010010011100110000010011100110011110100011101
00001011001001011100000111111001001101100010010011011011110011001111001000010000
10001011110100101011011100111101011001110110110111101101110000000110110011010000
11101101011101000001111011111001101011000100000100011010100101011101011000111010
01001001100101000000101100010001001010101001010100000001110010011001111011100000
00110110001110001110110000001100001000111101011011101001111101111000101100011111
10100111011111000001010000110110011011011101100100001011001111001000010101111001
00011000111001010100000000111011110011110100001100011000010000101000100100110001
01001000101111100000111001010110110011110001110010101011110011110111111101000000
01100101110011101001010100110011101100001000001111110110110001010011101110001011
11110011001110100001100011111100111010000011001000010100100111111100100100101001
11010001011101110000100001100000100010110101000011010011000011011100111000000001
00010011100010111101001110111101101010001111010110001000100011011001001010101111
00001001011001010010000010101110111100001010010100000110110010011001001110010001
11010001111101001011100100010011011000110001100110111010010001100101100101111000
00111111100110000110000111011010110001011111111010101110101100110000101010010110
10001001001011011111110110100010000100110010110101000111011110110011111011001010
01011011011101110101010110111001110011000010110011011101001110111100001001000100
10111011001010011101010001011010100111000001111001000100111001001000001101100000
11100101111101111001011110001100010110101010110111011001111111010111011100011001
11101100100110110000010011101110110100001000101101001110011011111011010100100101
11000001010001010111000111000001011101010010101011000101001000000001101100111001
11000010101010010101111001011111001011101011000100001111111011010011101101100110
11100100010001011100010101101010111111100010010011000001011001010011101111100111
10010011101111001011111111001101101001000000111011101001111101011110100001000101
00111110001010100000011101010101010100110010101011010011010011110010010010001101
11100111010100000101010100010100111110110110110011000011100110101111101110101101
00000000101110011100101001001010011111001100101101000001100101101100010101111101
00010101000110100011010100011011010000011000101101010100100010110111010100110100
00111110010001011001100010110101111001110011010101000010000011101110101000100010
00101010000110101001101001111010111111101001100101110110000101100101001101010101
01100110100010010111000000111101010010110011101001000101111000100011101110101111
01000100001110101001100101110100010001001111111010101100101100100100001111110101
10100000100010000001101101111101101110000100001001110001001001110001010011111001
00100011110100000101111001011010111011110101011010111110110011101000101010001111
10010101101011001110100010101010011101001000100001110101011000100010100110110000
10000011101000010100001010000101000001010111001000100011011101100001011010110011
00111100100110010001100000011110110010011001000011101000000001110001010001100001
10101001100111001111110100011000101101011000111101101100001110001101110000010000
11001010111011010100100101000010001101101110111010111010110000111001010011010011
10000011011111101100011010000001101000011101101111101110100000101101001111001100
11010001011110001101111101111111100100110011001011101001011100010011110000000010
00100010100100000011101110100000100101101001100011010010111111110001010000001011
00100110000001001100100111110111000111101001111100010001110000110000010111010100
01101100100010110001111100100111010010000011111100111011001010000111101010011100
10110001101111101011000110100100100010001001011001110000101110100000011011011101
00101001000111100111101110100100111001000100110001010100110110000101001011011100
01100010010110100100001011011010101100101011011000001111000110111010001010010111
11010011011000000010000101001101011000110010111100100100011010011100100101111011
11110000111100100100000010110001111001010100001110100010010000010111001111101011
01110100101010000100111011011000001110001011101101111110110100110100000110101011
00011111100101100000101000001010001011000001001001000001000110101111010101001100
11000011011101100011001011010000000110001011111000011011101011010110010001101100
00011010000001011111100101001001100110101111001010000011101001100100111111011100
01000100110101110001111011110001010011111111110011000000000000111111001011110011
11011010001010110010000111100100001001011111000111110111111101101011011110101011
01110101011001101001101110111011011010000111000000101100001101001111000010100001
10010100110010000010111101000010001001101010100110100011001011111010100110001110
10100111010010000101000001000111101100110010001010010110110110111101001101010011
10011010001000101000101111100000110101010100101101110011101101110101100101101111
01100100011000000110011010101011011111011001100111010011000101000011010011110011
10011111110010000001101010011101101110010111110101010101001100001101000101011110
01110000010111000111111100001001010001010101111100100001000110010101100010111111
01110101100011001111101100110010011110000101000100011100101001111010110100110100
01110101010010110111011101000000110101110010000000000100011110011000011000101000
11100000101000110011010101110011000110110000100000111111011111001110000001111101
11011100010011001111010110010001110111101000100101000001011111100101000001011111
11101110001110100011111111010001110101000110010010100000101111111001011100010000
10101010000110111001011111010100111110000010101010011001101011011110001010011101
11011001010000000100000101000000001010111111000000100001101100101001101100110001
10110010100111000101010100111110001010010010110011111011110011011111011000111100
01100001011000010101001111111111010100111101010100001001100011001101011001101101
10000111010111010101000011100001110100001011100101001001010001101111101101011000
10101001110101100010111011101101100110111100000110001001111001010100101000101101
01111011101101010100010110000011000101100100001001000000101100010110101101110100
00010000100110110101110000100011101100010110100110010000110011011001110110100011
11110111101111000011110000011000110001000100111010100111101000111101010101101101
11101010010111110001110100100110110001010001101100100100011001111010010010100000
11011001011000110010111001111110000100100111010010110101000101010001010100110111
01010111110101100101010011001001100111100110110111001000101111010101001110111011
11110001010001100000110011100110111101110011101010001010101010010011111001000110
01110000011011010101111001010100110011001101000001110010101100101011101110101111
00111110101011100110100111101011001101101000101111111100001111011100111111010010
11110011101001110101001011101000000111101101001101000101110010110100111010111111
00000001100001001101011011101100101101001001001011100000100000100111110001001000
11000001110110011011100100001110010110011011001110111101000111011101011011101100
01010110011111010110111001011001100111011111100110000111110001010001011100110101
10101011101101000110001110001101100100101001101101001000010001001110101100000101
11011000001001111000010101000110000101101011010110011000110110001111001100101011
00100001111011001100011000011100010110001010100111011101010110010101110011100111
01110010001111100000010001001011110101011100011010111101001000101000001100001000
10010111001010110101101101100011001000100011001011010110000010111111001110101100
01110000111110111011010000111111110101111110110011000000011101011001100011011110
01000110010011111011001100011000110010110101100100000111000000110000111111101011
10100011001111110110100111011010011110001110000010110101111110001100101101111011
10011010100010001010011010101101000100010001001111001101000111111100001001111110
01111101010011001000100101010110101001010110110111110111001001001101111001011011
00101010001101101101110011000111110010100111000110010001101010101001111111100010
10010110100111011001011011110111110010011011100010101101100100100000011010001001
01111110010111100010110101111100100111011100110001101001110011010011011000001000
11110010100000110010000000101010100000100100110101000110001010100011100000100110
00100110011100000101010101110000111001110010101111110100101000110010100001100110
00101000110001111011111101001011001100100111111010101000010000010101111001110000
11110001000111111110101110011000000001010111111101000100110110000100010110010110
11011110000110100011110010001100001101011011001000101110000101010011000100101010
00101100100011010111011100001100000100001101110011101100010100001000010111000010
10000011000000101001010110011111000100111011011101101011111100101111111000011110
11111000100001100010100110110000100111010111011100111111010001000011110000011110
10101010011010101001010001110001100011111110110100000100111110110101000110111110
00001101111010110101100100000111101010001110001010100111010100011100101011101111
10001001101111100000010001001001010000001110011110111100101100010101100011000000
01111110111111011111110111010010111010111001101101000010100010001001011010001001
11100101111110101111100010110111101000000011101110000001111001000011001000011001
11000100001101100001011101111001111100011111000001000100111000001110011000111000
00001010011010111111010100110111001011111110111100100110110111100000100000111100
00011010010101100000001011000000111011111101001000101000111011100101100100110010
11001011010010111111111100111011100101110100000010110010101111101001001110010011
10100100010011111010101100001111001100001100010101000000110001110101001111010000
11000001111110100011010000110001011011111100000101010111011011100010111000111010
01100100010000000000000100011101010010001110110000001110001110101000101011001000
11101010111010110111111101011110011010001100101001100111011100001100101000011111
00010010001010000101111001011100011010110010111110001010110111100010111101001010
11110100110110110110100110101001001011011101010111100100001110001110100100010110
01101001100010000100010001110000101100001001011010011100000100100110000011000010
01110000111000101100000001110000010010111101010011110111100010010010101001010001
10100010101101010111101010101001011011101001111000001001011011000011011101010111
01100001111000111010110110101111000011110011101111110001010001111000100001001001
01110111000000010001000001111010100101111111111010000110111100010100111001010101
01001001111111110000000011011000001110101111000101010111101000001100001011101111
10100001000010111111001001011111010111000001100001110011000011100010110110010001
00111110010101101000101110010010010001101110011101000101000011000011111011001011
00110010010111100101110011000101011000100010010100100010110000001111110110100010
11000010111010100001101111010011100001010000101010011011000001001100101010110110
11000100000010101001110100101110001011001000101100000010101101101011100001011101
10101010000001110011111010110110100001101011011100101110101010101001000010010000
10100000111010001100010100101100100100011010001101110110011101011100111110101001
00001100111101100110100000101001100000001010000001101011000101101000101110100001
10010010100110110111111111001111011011010011111101100101101101100010100101000010
00101111000101000001011101011000010011111110011101000101110000111011000000001010
10101000010110110110110110010111111000000101001000001110010010100100110100001001
11100000100001111111010110011110111000001101100100101001110001101001010100110110
11011101000001111010010000000000101010101110001100101110010010001001100011110101
10100001101110011101010001100111110011001011110100010000001010111010110000111101
01111110111011101110010001011110010001000011100100101011101000001011111011111111
00011010100110111011011100111001000110001101010100110110001111000111111111111110
00101100111101110111101011000011000100111010111010011100111110100110101100011100
11000101110001001000000111110100001010011001100011110111110010111011101010000110
11111011111010111101100111100101001010001111100111010011001101111110111101110000
10000111110010101011100110111011101001110110000000011000000111111011110000000111
11011000110111111100100001011111111110100101010000000010101000001000110000010010
01001100010010001110010101001010100010110000101100111111011001110001000110111010
11111000010111111100000000100111000101010100110010110011100110110110010011011110
11001001011101101000101100100110001001000000000010001100010111101100000001011000
10000100000111110000010011101001110001101110111100001010111111010000001111010100
10101100000110111100111101100000101010101011001011011110011100100000100001000101
10111111001100101001100111000010011011010001011110001001000010101000110110101100
00110010110011110001001110000110000000001010100101001001111011100100111101110011
11010110011000011100001111011000100000010111101111110101111000000100100011000010
11000001010000010001100101111101111010100011100000100110000000011010001001100110
00110000010010001000100011001111111000110010000100010001101000011011111011010010
11010111000011000010000111101111010101101110110010101001110110001100000111001110
11111011111101101110110000011101100010010110111000101011000001100110011100111111
00110010101100111010100001010100111110111010000110111011110101100011010011111101
10100110101010000111001101001001110001010011100001111111000110110000111100000100
10111111000011110000001011111001011101000001001101110011111111110000101011110001
11011000001010011000001100101100000111010111001000110110100111011010011110110011
01100010001111011011111101001001111011111110101111110111110010010101001110001100
11010011110001111001000110111001011010110100101110001110110010111111111011010010
10110110111100101000100001110001111001011010111011011000001101100010110110000001
01100101111010110011100010111011111101000011111111010100011010110100100101000001
11101110000110001100100011101100001001000010101000101010011000010101011110101001
10000001011100000110100100110100001101010010000110011001001101010011101011011010
01101001101101010001101001010011101101001110011110110100101011100110111001110110
11111111011011101010010000100000010001001001110010001110110111010101001010001100
01001100010111111001001110001101000110110010100110110100101101011011000001100011
00110100111011000100010111000011000001100110011110100101111001001011100010011001
00010111101101000111001011000100010101010111101000110110111110100011011001101000
11101011111111000101111000010110000001101010001100100010100101110110101001100110
01010111010011010101110111111000101100000001100010010001101001000001111111000000
00010100100010000001101101010111101110111100001111100111101110111000010001000001
00010111101011010101110010000011011110000111110110010111111101000110111000100111
11001100000111100110101110111000111110000111110111100000001101110000011110110111
01110001110111010010001111001100011101010100010000111111011001110110011000101000
00110111001011110101011101011010000111101000101101101100110010111111100011110010
00110100001101000101101010010101001011001100001100001001001101110100000100110101
10111010101011110100011101111110011101100010011100011111100000000111101111000011
11110001101100111010110010001010001010101001000110000111110110110111001010101100
01110000010101100011011100110010000001010011111010011010001001100010001100011110
10100101001101011100011000001111001111010000110110111001011000101101000010111110
00000010010100111010111101011101111000100011000001101000010011011010110010000001
00100000001100011010010110111101010010000010111001100000111110110101011110000011
00011000111000011111000101011100111101000010010011001001100110111010010010100100
10111110110001000111010111100110010111100011110101000011111001111001111000100110
11100001000010010110110101101000111100000111101011000100010100100111001001001011
00011111001111101101100110011100001000011111101100100011110010110111011110010000
10110000000110001001001001111111111111010111101010111111001001011010001001011011
01010010100100111101110001110001110001111100111000010101001000110001011010101101
00011011000011100101110111001001100001010001000011000011010000011100000011000010
10001111011011011110110011001111001001011111101111100001110001001000000111000111
10110011100011100111010100011110010111110001000110101000100000000010100000110110
10110100000100011001101010001101100001110010111010100010000101111110110011110011
00011110011011010110011100100001011100100011000101011111001111011001110110110011
01111011111100100010110010110010111011100111111110011110001111011111001101011101
11111110001111010111110011011110001110001100111011111010100000111101100100001101
01110110011001000010110001100100000001110000011011000000111110101001001111010101
10011111100100010111001011101000101101100000100100000100011111001100101011100110
01000100100100101110001110111101010110001000010000001011110000001110001011001001
10111100011101100110101101100111000110111001011100000010010110011011001100111010
10100011110101000000110100111001000011111011011011000011101110101101110010010011
10010001011010111011110001111011111101111100101001011100110101011111101100000001
01000010101000111001001001110110010011101111010111010000101110000001110000111111
00001100000110011011011000011101111101101110001010111100001010111110000010001101
00000001010010101010100001010101001110001011110011011000111100010000100001100111
01001010001101111111011100110001000101111001001001010000101010010011011011111001
10000101000111010100010100000011010011101100100111101110100101110000101100110101
00001110111011111000111010001100010011001100011101110001010000101011101001110111
00111100000100001000110111000010100011111100101100001110100111010001010001010011
00011010011101001101000000001100101110110100110110110101111100100000000011010101
00011001010011010000101111100010011001100110100100011001110000110001010011010100
00100011001101110100101100000111111110000111000111000111001100011110110111000111
11001000110010101110011000110011110111010101001110101100100011100011100001001100
01100010000111111100011110111111001101001100101000011111011110110011100111010100
00101110000001011100001110101101100000110101011111001110010111101110101011111011
