40 127
1101011001010011100010011100000100011010
1010110010000000001101110011000010100100
0111011110100011011010011001001110011101
0001010111100010100110100010101101111011
1001111101110101001000111011101001100110
1011101011110000010000000101011101001100
1010010001100100001110010101101101010010
1111001001010001011011101110000111001100
0000101100100001101001001010111110111100
0101100100101011000111000001011110111001
1101101011000001101101101111101110100011
1000101001011001011010001101111010001010
1001100000101111011011001011101011101011
1000000010010000010100010110111111011101
0011111110010001110101111001010000100101
0001110000000100010110111000111001110101
1110111111110001101011100111001100100000
1000000101001111000100011011001111111111
1011100111101010010100010011110111011010
1111110001010001011110010010111110010001
0000000001101100100001101110111101101011
1000111100000001100000000010101000111001
1100001101100100101000010001110111001010
0011010110100100011111011011000000011100
0001111001100100001000111010110010100110
0001001100100110110100101001010000011000
0011110101110111000101110110000111100110
0001101011100111000000010111001111111010
1100001001000100000100111011111111110011
0110000101111001000000110010001010101110
1000000001011100101100111100100010111010
1100001110110101001101000010101110011111
1101111010110000100110110111101100011111
0010110111111001001110001000100011111100
0000110000111000110111110111111110010010
0011010001101111110010110100101100110010
0000000111101010010101010011001111111001
0011011011001001100111101001000011000010
1100000111010111110111010010100110100010
0011010111011000000000110001001100010001
1010111111001001100011111000001001011011
0000010101011101000110001101010011100101
0111111011001101011011110111111000111000
0111100001001111111001001000110000010101
1000000010001100001110111100001000111110
1111000000011001011101001110001010001010
1011011111101101000101100001110101001110
0100101011111101010111101111100111010100
0101000111100101101011001100011110110100
0001000110011001110111111111011101111010
0110101010101000011110000001010100111011
0110000011001001110010110111100011111101
1000001001100111101011110100000010011100
0011010001101111111100001101001001000111
1011001001010111101100110001101001000010
1101110110001010100111001101010001000111
1010011010011100101010000111110110110000
1101011100011011001010000001110111010100
1011011000010110111100101010111001111010
0100110110010101011000101101001110111111
1111111001001001010001010000110110101000
1010001011111101110011101011000001010101
0000001111011111110000101000011111011001
0000110010111100000100010100100111100101
0101001010001100001000000101101001110111
0111111100011001000011001001110110100111
1011111101101101011100111001100000100011
0000101100111010010001110000000111011010
0111011100111100101100110011101000111101
1111101101101100101100001001000001110001
0010110001010000011100101000100000000111
0000101000100001100111001100000011111111
0100110100010101100011011111111100001001
0110011111111000011101011010011110000100
0010110110010010001011000101101011111100
0011110110000000100000100001110001101110
1101000100010000101000101001010100100111
1110000101011100001111011000111011110100
0111110111001010110000011000111100101001
1000111110000110110010111111111101011101
0011000000001100111001110011010000111001
1101110011010000111101001010101011111100
1000011001101100000101111001001100110011
1100111010001001101100000101011110000100
1100101010101100100110010001110011101110
1000010000110110101011000000110001011000
0100111111111110110001011110011010100111
0111111100000100111011111111010101101101
1110011001110100001001001111110010001011
1111000100111100011101000101000110001110
0011010000111000001011001100010010001110
0001011101111100111100000001100100000001
1010101100110101001111011101100000101100
0110011000100011001011101100001010001000
1100000011011101000111001011000111100000
0011110101100111110010110111011000100011
1001111111100100011011110111100100001100
0010110001000100101010100001001010101110
0111111101111001101101111011100101110100
1000001100101101011011011000111001100100
1100011001001010010000001010001101101010
0011101000110011100100010110101110101111
0100110001011001000111011100100011110011
0111100000110000101111001111101000011001
0100110001110101001101001110010011011100
0010010000010010001001111001111101100111
0111110011001110001100100010000111000000
1110100011010110111101011110101110110110
1110110011101010111011110110100110000100
1110001010001011110111011011011111010011
1111100000111001000010111010100110101011
0100100011111101001100001000111011010010
0010000001000001011110101110001011010010
1110001000111010110101011111101010001101
0000101001010100000111010101011001101110
0000011111011110000010000100100001000001
0101100110101011110001101000100110001101
1011001110010010001010010011100011001100
0000100000100101011001001111001111011110
1100010100010001101010010000010110101100
0100011011000110010100110110110011011110
1010000001000100101000111010011001111010
0110011101010110001110010110111101000100
0011110010000010010001001000000111101110
1111001100111100101110111110110101000100
0110000000100010101010000000000011010111
0101000011000110010110111110011010111111
