40 127
1001000010100010101011101010001110111110
0011100111011110001100100010011111111111
1111001010100000111100000100111010111001
0111111000000010101000110110110001000101
1000111010110110100101101000111011011110
0011100110001101111111010011100100100100
0001111100101011100110111110010001111001
1111111010111011010010010010101010101001
0000111110100010001100011001110010111001
1110010110001110011000001000111011111100
0010110101001100010111111110010101110001
1010110100010000001001000100110101000011
1001001000100100001111111100001000000000
1001101101010010110101000101011110011110
1101111011000010000101000000111010111001
0110100001101111100101001111111001100100
0010010110111101110011101111010111001110
1001110101110000111101010000100001101001
1000100000101111001001101000101100110000
1000101111110111000000110100000010000000
1101000110010011000100000110101001101100
0001000011111000110000010001101010110001
0011000000100111110101101011011111100000
0000101101011110001110000001110101001100
0111110001000001011100110011100110000100
0111111001101011111000000001001100101111
0010001100011101001001101111101011010101
0000011101110011110001100001110101010010
1000110101101100100111000101110111001101
0111110011001111010101110110110000110100
1110111001010001101100100000111001110111
0110110110100011101111001110010110000100
1011000000001100001001110101000111001111
0101100001100111100101101001100110000010
1010011000100100011111101010001101011010
1110001110110001010000101100100111111010
0011101011110001010111101010100101101010
1010000000101001001101010111100011110111
0000001101110100011110010101111111011000
1000111010011010000001000101111011001011
0011000101010001110110001111011010000010
1011100111011111010110001111100001011111
1010010001111001100111001101111000011001
0001001000100100111000001011101011000001
1101100010000011000100110000100001001000
0111011000000001011001011011101000000100
1100111001110000101100100000110110111011
1001100101101001100101110010111111000011
1110100111011000110001000111001101111010
0101000100100000110000000001111101010101
0101000110100001110100011000101000010101
0011100100111001011011001011100100010111
0101001000111100011011110010101000011011
0010111010011101100010101001000110111000
1010001011110001111100000001101000010100
1110100001001000011100101100011110101010
0000101110110101010111110011001001101110
0100001011000010100101101110001000101000
0111010010111000000110101011001100110101
1100100011010001101011100010010000101011
1000100101100000100001100101101101110101
1010011010000000001100001110000100100000
1100010100001110110100110101101000101010
0000010100111000110001100001110011111000
1000010011011001011101000011000100101011
1010111101001010110111010101111101010011
0011110110001011000001101111110011100001
1100010000011011100111000111011101001100
0011010000000010010010100010001110100001
0101000101011010110110110010000000010010
1011111100101011111000100001011110100000
0101101000011010101110011011001011110010
0001101011101001000011001000001101001100
1110010011011111000110010011011010100100
0010001111010010011011010011100010101010
1111101101000100100101011001001001000111
0001011010000010111001011101111111110000
1101110100101010110010101011001110111101
1110010111101110000110101101111001111100
0101010011110001010100110000110000000111
1011111111010011001111100010011001100001
0001010011010011110100100110111100100000
1011011111101000101010100101001000111001
1000010001010111010111111100110001001011
0110100101010111010000111110101111010000
0110011110001101011001000000111001011001
0110110100010101001100001100101010101010
0100011000111011010111010111011000011001
0000011110001000110111011000111101111100
0000011100101101111101100110111110100000
1010101100111111100111010001110011001100
1101101010001111111110100000101100101110
1111001001101100011100100110100100110110
1001001100111110110010110001011100000011
1100001001100100010101000111000001011010
0000001010110111010100100110101111010100
1001110010011010101101110001100111010111
0100100100110101101001101000011011011111
1111100011100111010011001101001100001010
1100010110110100010100110001101100010001
0001010111101110101110101111101010011011
1111011011101000111010011001001101011101
1011100100000000101001010111101001110000
0101000000000001010111001111111000110001
0100100111000010000011101101101011101000
0101110010000001000001001100000001100001
1000011000101000101110001101001010110110
0010100000001000111110010100110001110010
0010101010111110110101000011110001001010
1010000001010101001010100000111001101110
1100111100010101011100000111110110011000
0110001111001100001101001110000011101100
1111001000100011010111000101000011001111
0011101101011111110011001000100011001100
1100111110110110010011010100111011000000
0100011010101100001100001111100100001010
1001100111000010100010011001110001110110
1010100010001111010001010000110111111001
1001101010111000010101110010110001010101
0001101010001000110110010000001010101001
0000010110110110000100001101000010001010
1011101001110001110111001001011101111000
0100001010000111000010111001111111101110
0111000110010100001111011100011011000011
0101101000011110000110000110000100110000
1000111101010011000001110100111110100110
0001101110011010011110001000011110000111
