40 127
1100011010111101111100010110100101011011
1001011010110100110001111111000010001001
0000101110100111111110110011101000101010
0010111100111001110110101101110000100111
0101101100111110000100111100111110010001
1001110101011011000010110010100110100111
1001100011111001110100101111000000001100
1001000001101000111010100111011111000101
1110001001100000111010001000110101000101
0011001100001010110011110000011111011100
1000111100000110011011100011011100000010
0011010100010100010001001011110100100001
1010101110101010010100010101000001011011
1000000111110110000101010101100011100110
1000111011101011110111110101010000000101
1000110011001011110011011001000010001011
0000100011100001011011011010001010111111
0101010101001010000100110110011101110001
0110111111101101011001110101111001011100
0011110101111101001101110100111000010011
0000100100101000011011000101111010010110
0100100011110101100110111010011011110110
1111110110111011111000001100111001101110
0110001110100111100011000110001100001010
1111111100101011010001101001000001000111
1101100101001000000101110110000000100101
1111101110111000010110001001101110011010
0000000010110001011101111100101000000011
1101001111110010110010101100100101011101
1110011010111100101111001001100001110110
0101111010011110110000011110111101011100
1000001001010011011001001010010110100010
1101001100011010101100011101101110111100
1110001110101101001000101011001111101101
0010010011001111110010101110000111001101
0011111110011101101011010101001111110001
0111101110000111100000000111011101110110
1111000100100011101101000000010010011000
1110101011110100010100001101110011110100
1010001111010111111001110010100000101110
0110000011110101001100000111111011010010
1111000010100001010011100100100010110011
1001100110000101110000001001011101000011
0000001010111111101010101001011101101011
1011001111011010110100111111101110001001
1011010101100000011011100001111101101011
0100111110010010110101000000000010011110
1111111000001001000001000001001110001010
0100100011000111101101111011010111110010
0000110100001110110010010101101111100111
1001100101100101110111010101111011011011
0111001111100011110000111111001100100010
1101001001001111100010111011110001101110
0000110000111100100010001011100110100011
0011110110101011101101011011011010111110
1010001101100000010100000010001011111101
1111110101100011100001001101111001110010
1111010110011111000011100001100011111011
0110001000101010010010011110100000110011
0110100010111010111110101001110101000001
1000010010110100110001000100011001110011
1011010010111110110000100101010000011001
1010000011010110011110101111010110111110
1111001011000000010111001010101111000011
0100100111101110100111100000010101100010
0100011111000000110011001001011111100000
1010110101110001001011010110000001110001
0011000001101000011101100111000110001010
0111000101111111101100010011010100100000
0100111000101000101001101101100001001111
0100100010100000110100101111100101010000
0100001000010000100000111101011111010011
0110000010000011101100001010100101011000
0100010111010100111011011111001111111110
0000011010010100010010101100100011011001
1101001001110010001100101111100010011001
1100111010101101101101000010101001010001
0011010010010110110010110101011100001110
0010010100100010100001011001001010010000
0001010010101011010000101010111101000100
0100111001111000110111111101110110001000
1000111000011100111110100001010011011011
0011100100010110010010100001010111100000
0010000001010100111010000001101011100011
0011110011110000000000100001101000101011
1100000010001011101100111101111000110011
1111010101101111111111100101111111011100
1001001101111001000000011100010001001100
0010010011111000000001011110100100010001
0110001101100011111011110110111101101111
1101100001010101000011010001101101001110
1010100011001000111101101010000110100101
0010111100100111010101110101110000001100
1100000101101111001101101011111101111011
0010100010010100111110110110110010011110
1100000110101101100111101000000001110111
0101000011110110010010100000000101100100
1000110001111111001101111001000011001010
0111111010010000001111001101110111011011
0001101100111101000110001110001010101101
1110100101010010110110010010111000101100
0101000100101011011110010000011100010100
1010111101010001001100111010111001111000
1110001101110010111100010001101110101010
1111101111011011110110011010111001101100
0111100110001110110011011000101111110111
0101110010000110100100110010001101010010
0100010111011001010011101001110101010010
0110011110110011110000111000011001010111
0011000101100101011100011110010111011101
0110010001100111100101110111110111010001
1010100011101011000010011111011001100110
0110111100110101110110011000010110010000
1100001110110010001110100111000011111010
1111001110001111111110010010111111001000
1100101100011101001001000001010000100111
0001110011010010101000100011000001011101
1001001101010111000001111111001010100010
0101101011101101110110010010010110000010
0001101001001101011010001110011110011000
1011111010100110011111111100110101111110
0101100010111010111011110011011100011001
1111111101100001010100110110011000110010
0100110001001111011111110001001100010101
1000111011010101101010101111001100110111
1000110101110101001000101010001001101010
1001010111010010010000011111100101101001
