40 127
0001001110111000001100101001101110101111
0111001101100010000010110011000111111000
0011001110110100101000010101000011000110
1110100111101110111111010101011110110000
0000000110011001100101100011100000111001
0001001110110001001110101101100101010001
0000100110001011111000110011010100000001
0110001011010011011011100001110010110111
1010101000011000011101011110000101101110
0100101011000110011000001111010111001101
0000101001110010101110110000010001000001
0100101110001000000100000100111110110010
1011011101000000101100100001110111111001
1100100011011001001110001110100000100011
0011001001101100000001011000011010011111
1111110001111100100100011110101011111011
0101000011010011100101110101011111110001
0000010110001010000100000010001100000100
1111100111000010100101101100110000100001
0000000111100100001000000000001111101101
1010010011100101011000001011000111001000
0000000111111001101110110011010011001001
0010000000111111101100110100001100111001
0111001100111101110100111000010000110110
1011100100100101011001111010110011110010
1010010011000110101010110110011000001110
0000101101010100111100000010111101101101
0010110100011100110011110010111111010000
0100111011110100111100100110001110001101
0010100111101000010100001000000000001110
1001101110111000111110011100101001000010
1100110000000110000110001001100010111010
1010101001010001000001011111111101011001
1111001000110011010010110100010111101111
0111011011111010110100101000111111101010
0100001001001100101100110000110101000011
1000001110110111111110100110100000010111
0111100110101100100111101010110010110100
1110000101101111011000111100110100111110
0100000110010100010100101111000001100010
0100010110010000011101111000111100010101
0001101011111010010111000110100001001101
0010000000111000111111011111100111100010
0101111000010110000110100000100011101110
1111001111011100000001010001101000011100
1110111100111100001001000011100111100010
0111001101111010110001101001110010001011
1001000100100000100110110100111001011101
1110000010110100110100010011001001000010
0000011011011101100110100101010111010101
1001010110010001000001111101110111111011
1110100110100111000010010110011001010101
1110000110001101010011000100101111001111
0110010100100010101110100001100010000111
0100111011011011101001111010010001111110
1111100100111101110001100101110101101001
1011010001111001100100010010010111001010
1110101100000101110010111000110110110111
1100000111010110000011110001110100111011
1000110100010110101001110101110011100110
1110111010101111011011101100101010101100
0110100101001111110001101011100000101111
1001110001000100001100101001000000111111
1110011000011010000100100101111111101011
0111011011111111001001100010100001111110
1000100101111111100101010011001010111110
0011000101110000100001001110000100010101
1101110101000001011111101011000000101000
0001101110011101010000110110100100110111
0000111111101000010011011100111100100011
1101111110010100010101000110111101101110
1110000010001010000010010001001111011110
1100110000111101011110111111111001111100
1001001100001101010111011110100101001010
0010111110000100101110111111101010001010
0001001110111111100110011111101111100000
0100011101010101100111111000001011101010
0010100110101101110001010100100011111110
1110111110100100010110101111011100110100
0100111001011010101011110100011010110000
0000100001001011111111101001111110110011
1000101001010000111010100101101001010001
1101011000101010000001011101010111101111
0110110011101110001110101110000001001100
0110001011111101111011000010001100100000
1110010110111000111101010011100011010011
1010110101101110001010101011100110000111
1001101011000101101100001000000010110111
1110011011111001010001101010001100111000
0101011110111001011010101010001011111010
1100110101010011011011011111001111101111
0101100000000011110000111000010110001110
1001001010000101101100010111101100001110
0111011110001011001000100010101011000101
1010010010001011000111011001100101111000
0110000001110100011001011000010111101100
0110010101100101111100001111101011000100
1010111100110010111100100111000000100111
0010000010011000010010100000110011001110
1111100111100111010101110111110001011101
0011101111100100101011111001000101011010
0110010001111001101011100010110101011011
1101010010010111010010111000001011111100
1010000101001110110010111011011111100010
1001010101010111111111001111010111000111
1010110011111111000110011100010011001011
1111101100110110001011111100101110001101
0011010011000011101011001011111001011001
1010011101110000010110101001010100110110
0110001111100111010010111100100111101101
1010001010110001111100111010101110110101
1100111000001011100100101001011111001010
1101111000000110000010101100011111010111
1100010000000101000111100000010101011000
0011011000011100011011001111101100010001
0000100010000101010111010001101011011000
0100010000010101001001110011100101001110
0001100011001000110000001000010011110101
0010011001100011001110001010110001111111
0101011100100110101110111100101101101111
1110101100000000011011110100010101111111
1001010011100011011111110011110011001010
0100001000011100000100010100011011111000
0101101011100110101001100011010000110001
0101000010011010011010110101100101010111
0110000110011101110101111101001101110110
0001111001001101110101010010010111010100
