40 127
1010010000101111100000110101011011010111
0000000111100010111111110011000111110100
1110011000011101000100100010100000111101
0111011111111111011111101110000000000000
1001000111000011001100110000010011010011
0101010110100110101100101010000101111000
1000001111111111111100101101001110001001
1010010000000011110010100000111000111100
0000100100000001110001011110100010000001
0000101001100001101001100011001111111101
0111010111110100111000100111100001110010
1100011010110111010101010110111000011010
0011111110011110001011101101010101100001
1011000101001001101001101001100010111110
1111111011110111010011010010011111110111
1001000100101000101010111110010100011011
0111111100101010000010101101011010100110
1000110101001100000010100100100111010001
0101011011110101001010111001001100010010
0110000111010001110111110110101000101100
0011111100000100011000011000111001010111
1011001000110011000001110011100101001001
1010001101011100101110011111101101000000
1110000001110001100110101111001100010001
0100110001000011110001011101010100100010
0101011010011111100101111110101100111110
0010101101010110111010111111101011010000
1010111010010111110100100110000011110001
1000111101000010010000100111011011101111
1010011000001111110001000111101110110101
0101011000001111000001101110001101101101
0100110001101010001000010010001011100011
1011000100011001101111110011001110010111
1110101110010010111011011001000110111111
1111101111101111111000000010000110000001
1011001111111100100010010011110000001010
1011110011010011100000111110100001101000
0111000000111100100011011001110010100101
1010010100100001100000000101000011011010
0000011100000001111011111000111010111011
0011110010001111001000001010011110001011
0001111101000010001010110001000010101110
1010001110101000000110110100011100000110
0010101110110001011111101111111110010000
1100111001011001011001111010001011110101
1000000001011110110101000101011111110001
0101010011110000100111100100111110110011
0000011100010011100111011110010111010101
0111100001000010101101001001100011100010
0010010011001011111010011100000110101101
1011001111010110011000111010000110001111
1101010110101001111111000001110010101111
1000110001110111010101101001011010011100
1010000110111110000100011100000001001101
0100100101001100001000111101101101111000
1000110100011000110101001010010001010010
1000111110000101101000110000101011010100
0011111110000110001001000011001001100001
0111110111110101010110000011001011100001
0001001100101100111000000101010110101011
0000101010100100001110011001011010110110
0101000101110101001000001100111011001110
1111110100010000100101001010111010010000
0000001101001011101101100000001111111001
1111000000000000011001001011111100000010
0011011011111000100101010010001100010011
1110000111111101100110000000110001010110
0011001011110110101101001101001111100010
0100011101111011101011000100111011101011
1010110001110000010100111110000111100100
1011101100011100010110001010000010110110
0101100010011001011111111110001101001000
0001011001100100100101010100111001101000
0010000000000100000111101001000011101101
1001100100010111110000110111110101111001
0001100011100111110100100101010011010010
0111111000100010110000101110011111101000
1010010111010101100100101011111010110111
0110100101111000001001101011000110010010
1000010011011001000000101001101001100001
1010010111011100101011110010000010011100
1000101000010110101010001100101001010100
0001001110110101011001010011011011101101
0101011100010001010000101011010001101100
0000010010100100110010001001011101000101
1011101101011111110000100101000011110101
0110000100110010111010001011110111101011
1011111011110001011000010101100110101001
1111011101010100100101011011000011101010
0011100111111011000010011001100011111010
1001111101001001111000111111000011010100
1011100111001111000000000000100110100100
0011101010100001111110110010111101010010
0101110100111011011010010111110100100001
1111001101000010011101001011101011000100
1100110100000101110010111100010011011100
0001101101101001010011000101100011101001
0010100000001001000100011110110101001001
1111111110010110100000101010010011110100
1100111110001110101011000010001110001101
1011001011100100100111000111111011000000
1110010111100000010101100000000111010011
0010011001010001000111111111110110010011
0011000010111111001010110110111111000011
1011001110000001000011001001000101100000
1110001111011001110100000010110001001110
0111011110010101101010111000101100101011
1100010001100011101000111111001111000001
0100000001101111010110110101001100110010
0110111100001011100011111101101111110000
1000010111100000101010010001111000010100
0110100111010011010000010010100001000111
1110000010011010101000101110011110110010
0001100010001110010100010001001101010001
1000110011000100110100100010101101110101
0100111000110010101110011110010111000100
1101010000100000110001100010011100101000
0100110010001101011100110111100001111010
1001010100000110001001000110010001110011
1010011011100110110011000110101110010001
1110000011100101001010100101010010110100
1111000010111111011001010010001111001100
1000111010110111100111000101100111011110
0011101000001111011101001110000010011010
0011111110111001101101000100100101001011
0001110010101100000000110000011000000010
1001001011000101101100001000000011011011
