40 127
1101001011101100111011101110010011011001
0110100111011100010011100110000110100111
1100111010111101101111110011001001101001
1111101110001111001110010001011011000010
0100000101110001000001000110100011000000
1010010011000101000100011100001111101111
1011110010011101001100101111010011011101
1100000000001101100011110001110110011010
0110100010000000110011001101011110001100
0000011110001101000100000010110111111100
1010100101100111101000011111110110000101
1101001010110001011100100111000100010000
1001101110001010000001001010100001000101
1000010101011111001011111101001110000100
0001101110011101011011100110010000000100
1100010001010010001010000100111011111010
0000000110011111000101010001001010101110
1011010001110000101101010001011000100010
0001010011011001001100110011001000001011
1101111110110000101111010001110110001111
0100101000001001101000101101111010011010
0000011100110010010110111100010010100100
0011100110010111011111011111000000101001
0000000000100110001111011101100100001100
1100010110001000111101101010000110000101
1011100110000111101001000111100101101010
0100101010110001111011100011010101000010
0001011111111101100011011000001000111110
0000011010110111111101001111010101001001
0000111000100101001000110110101110101101
1011010010101111010011011101110100100100
1001010000001011000000111111110100101110
0010101111011100010111011100001101100001
0010000001010100000010011101111001010011
1100101010100000101101100101110111111000
1011001110010010010001001011100101000100
1011010101101000001011101000111101111001
1000100000100011101110000000111101001000
0111010010011100000001010100111010101010
1111001001110110001110111100111111001101
1101100001001010001001111101010111011101
0110011000111111111111101001101111000001
0100010100011110110111010100100110000111
1100110000011011111001100000111100001011
1111001010010000011110001000010110011000
0011101001000100010100100110111101000011
0000111100100100100001110010010001110101
1101110100011100110111000111000110110000
0010000011110000111110111100110100000111
1010000000101000010101000010001111101001
1101101111001010100000100110000010000011
1011101111010111101011101101010110101010
0011010010110111001010011001000010100101
1100000001000110010111111101001100111010
1110110111101100101011110011100100100111
1111100111001110101000101111000100111111
0010001011111101111000101100111110101101
0100011011111100001101001101001100010010
1001111000100011101011001011011010000100
1111100011010110011100111100110011001011
1111010100000001110001011101000100111100
0010100110011000000101100000011110000100
0110111111010110010101010100111100010001
1100111001100011001100110110110111011001
0110001011010011111100010110011010110110
0101101111101000010100111100001111111010
1000001101111111010000010110011101111100
1011011100111001000110110010111010110100
0101001110000110100000110010001001011100
0000001100110110011011111101110001110010
0100011110110010001010100011111111001010
1101011011000110100011110000101100111101
1001111011001101011100010011011001101101
0001111010110011101101111110110100110111
0000100101101110001010110101110000100010
1010000011010111100010100011010111111010
1011011100100101111001011111011110000111
1001000111010100111011100010100001011101
0011100001001001101110011001001100000000
1001000010010110000100010111111101100100
1010001100100111010010011010100011001101
0000010011110001110000101010111110011110
0110000111011101110101001110101010110010
1000101100000101000000000111101101000101
1101010011110000010010111001110101001000
1110111100100100111000001001111001110100
0110110111000000101101111000111111101011
0011001001101111011000011010111010001110
0010111001010011100100010001110011101111
1000000000011001100010010110001001010011
1010100001110000010011100101010110110100
0000000111011010001011101100111110100001
1100111111110101011000000111001101000101
1100110011101001010101100110011110000010
0010000010010110001001100000100000011010
0011000010101100110100100000111000110000
0101110001011000100100010100100100000000
1001101001000010010010010000111000100010
1100110110110011101001010110110011011001
1100001000101001000000001010100010111000
1111111111000000110100011000110100001010
1110010010001111011000101100001111110100
1101011100010111101101111100000010100010
0010010111101011001001111001001101001001
1001110000010000001001000111111001101101
1100010111001111010001010001110100010101
1011010110000001011001100100110010110101
0010100111110111010011110000010001101110
1000011001111111110010100000101000100011
1000011110110000101001111001100101110000
0111110101100001001101001111110000101000
1101100101101001101101001111001010100101
1010001011000001101011100101100101010111
1110110000101101110111001001000001101001
1000010110001110110111010001000101100101
1111000011011001000110100010011101011110
0011100001110000110000011110100101000000
0011001010001110110001110010001110110000
1111001010110001000011011001001000000110
1010110000011111001100011110100010011011
0011010011101000000010111000111100101101
1110001000101111010000110010001101110111
0111001101001000110001010000011110111101
1111101011100010100101111101101000011001
1100111001010101011010001101000101101100
0010000110011111111000000111100111100001
1001101000101111100011011111001001110010
