40 127
1001100111100100011001000111010011111101
0111000100111110100010000000101000101010
0011111100100000110110100011100011010100
0101010110001010101111101010100101101110
1110110111110001100011011000110010110000
1010001010101001100111010011001010000111
0000010010110111100001010110111001001001
1101011011100010010000110011011101011000
0100101011001111001000100011111000011000
1111001000010011100111001011011001011001
1010001011000000001110100110100101101110
1010011100001101010001100010001100111110
1011111101111001000000011100101100000101
1011110001011000100011111011010011110001
0100001111101000001101110010110110110011
1001101110111110010101111100001111000111
0010000111001111011110110101110101000100
0101100010011101011011010011000100000100
0110101111011000100000011111111100101001
0010000101010010111001110110101100100111
1010010000111100111100001001001110101111
1010111001110110110110111110011100100010
1000111001101001001010111011100011000010
0101010010001010001100101000010100111101
1101101000100101000001111000010100011001
1000010110010100001101010001111110010110
0111110010100000100010010100100101101010
0001111111000010011111100100011110111000
0110001010100001110010001011111111010101
0100111010111111000010100100111010100011
1000110011100011010011110000111100110110
0001010000000011011101000000111001100000
1011111000111110001100100100001111110010
0011011100011011110101110000011001111110
0101111010001011111010000011000110001100
1001011011011001111100101001110000011010
0110001011011010000010010000110010011010
0011001100111001100010101101011010101111
1001110000101100010100010010101110101001
0011100010011101100001101111010010111011
1101100000101111101111101010100000110100
1100100111101101111001001010111100101100
1010111001101101011100010011001011011010
0110001111100000101101011101111010011001
1110110110011011001101011101111011110010
1000010100000010011100000000001111001111
0110000100010011000101010111111111001011
0101111000001111100001110111111011010000
1101100010100010001010110110011000011111
0001101000110000111110011111101101100100
1010100010011011101000010000011110100010
1000111010101101011011110010001111101101
1110001011111100101100111010011101001101
0111101100000100010110011100011100001000
0000110110001000110111010110000010010110
1011000110000000000110001010010110000001
0000111111111010000111110100111111000001
0010100000100000111011100001000111111001
0110100100111111111010110101101100110011
1011010110001011101011010101000101101010
0010001001111010110011000011111000010010
1011011000010110101111000100111000011011
1001101010110110000001010110110011000111
1101001101110010111010100100111110100110
1100100010000011101100100000100010011001
1110001001000000110100001010111011001110
1110101010111010010110100011101010011100
0100110001100101110000001011011110001000
1101110110101011000111111001111010001000
1010100001000011100010101101010000101000
1010111010010000010010000001100100100000
0100100010111111100011001001000110000000
0000110000011101011100100101001001010001
0011011010000001001101111111010010001000
0010001001010011011101100001010101001110
1011010100000101000010100001001111100111
0011010110100110011111110011111100010100
0011110010010111010100110001000010000110
0101110000011110001000111001101011001011
1111000110000101110000101100101101001011
1000000110000110110011011011100111111011
1100011010011111001100001001011011110100
0101000100111010001111101011100100001110
0111110111010010001110011110110011010100
0100010110000001110001101100001000010010
0011111010110101111101101100100000000101
1010010001011111000001110000111001011001
1101110100101010001101101011101001010101
0100110011100110100110000000100001001010
1001101000001110011111111101110110000011
0111001010100000101101111000001001001111
1000101000010010110001010100001010100011
0110010000100000101111111001001111100101
1110010110010011001100100100010001111010
1011111101101100111011100000000111111110
1100110101101110111100111101111011001111
1111100011110100110010000011110100101111
0101000110001101101010100110111001101011
0100101101110111001001101101010000101110
0000000100100001001101111101111001100110
0011100111011111011011100001110110110001
0110100101000011110110101001110100010111
1010110011111010100000101001010011011110
0111001100111111011000000001100100010100
0101101000001101101011011100001110101011
1110111101110111101100000110111001000011
1000100011100101001010010111000110011001
0110010101010110100000011101100111110011
1000100100011000010100100101000011110110
1000110000010110001001011000101110111110
0100011001011100011111011011000011011000
1010111100100001011101110001100010101110
0101001011010011000111101010101001110111
1111010111001011000100101110010111111000
0111111100111101110001011110111110001001
0101110110101001011000100001010011001111
1100001111001001111010100110001011000101
1100011100011001101010101000101110010100
0111100100011000011000000101011111001001
0011100100111110111111000111001010011111
0001011011110001001110011011101010001111
0110000011110111011010000101110010000001
1110010001101110100000100111010111011010
0101001011100101001010101100110011001000
0010011000100010110100100011100000010011
1111010111001111001000001010000010111001
1001110111000100101001001100011000011110
