40 127
0111111010000111111001010100000000111010
1000101010110010101110100111111001011011
0101111000000001101011111000000011100011
1111111001101101111111110101011101111110
0001110000011010011101111000000011011111
0110010101000010010001000110100111001000
0010111100001010101111100010011010000110
0010010010000010010010001001011011000000
0110100001101110110011111110110000101101
1000100110001001000001111101110001011010
1100010011010110000101001010111100101100
1100010001011111011100011100000111111100
1000111100010100001111101100010000011111
0111011100100001101010001010111001100011
0001101010100110110110101001100101001110
0001101010000101101101011000010101111110
1011101101011011100011010101010000111011
1101001001001011000010100000000111111100
1001011100000111001111011100001011011101
1111101001110111000001100100111011001111
1101110100110001010010000011110100011011
1001011011010111100100000101001111110001
0001001111101111000111011100110100011111
0100110110111011101101010001100111001101
0111110011000110000001010100100101010111
0001110011010101010001000011111011010011
1100011110100111000111100101101010001011
0100010000110000001001111001110101010101
0100100010011000000101101100111101101011
0001100011111100001100010001110101110000
1010100110110001100000010001001001001011
1100110100011101111100010011111010001111
1100011101010100000011110100011011010001
1000001001010100100001011010010111011101
0110001110001101110010001011001011011001
0000100101100111101011010101010011001011
1110111001111101010111011100010110010001
0011000001101100111011100000101101111100
0001101111000011000111001010110001100011
0000111110001100000111011011000000000110
1111110111000111100000111011001100010110
1001011000101001101010111011000101110110
1011110111011111110111011000001110111101
0101100001011100000100101011011011010100
1000010110110000011100100010100010110011
0111001110100110101000011011101101010011
0100101010001000001101111011011010110000
0100111101011111111010110000110110111110
0110110100010010000100100110010111111100
0111100111111001101011000110100011011110
1111101000111011010011011000111011011011
0011011100010100101110101001000100011111
0010000011010010100100001101111110101111
0001010111111110111101001100011010010111
0011011011010101001011000010101100111100
0111110001011101000101011011011100101001
0000000101001100111010011111101101010010
1100011000011010110100110001110110010011
1000000000010111000010010001000100101111
1101000000100001100000010111100001000011
1111011101110111110100010010100110100000
1000100101110011000110100010111111010100
1100100011001000000110000110110001010101
0110111011001001100110100101111100010100
0111100111001100001100100011100100010100
0111101100101010111101100010000110001010
0011000011111110110111111011011100000000
0001100100010010100000010011101001011110
0000001111100110100001111100010010000000
0000100100000001111101100100010010001011
1111100001100111101101111100100011001011
0111101111011011001110101011000101011111
0011011000111101011011111111010011001110
1011001011000000011101111011001100010110
1101000000001101111000111011001010110001
0010011011101111001111100101100000101101
0100111001100100010010000101001011110001
1001011110011011001101110000111100001101
0110100010001010001011111010110110011000
0101000001110100001110001010010100111111
0110011100001110100101011010010101000011
1100101000011111010100001011100110000001
1110101011000101010011011001100100110001
1101010001000110100010111000110001101110
1011110001111100001110011110001001110110
1011001010101001101100001100100101101010
0110001011100110100101010001001111111011
1001000001010101010100010001111000110101
0100110010010110011001101101010010001111
1010111101101010101111001100100110111110
1110011011010011000011010101000001110110
1011010010001011001100010000010110010100
0000011100101111110110110000010001000100
1000011000100001110001000000100100000100
1000111110001000001001111100001100011010
0101101001010101011001110010110101000101
0001110011101000000100000011111000001110
0111100000000011011110110111000001011011
0111100101001101110100110010011111110101
0101101010111001011010010001100010110011
1110001111011110111001110001000011011010
1100101011010010001000100000010111000110
0101111011100011010010110111011011001011
0001011100100101101101010001000001011110
1101101111011001010110111010000000000010
0010111011011100010010001000000111010000
0001000000000110011001101110111000111100
1110011100110110110101001101100011001100
1110101001110011010001111011001101101110
1010100001000011111010101000010100011000
1101010010000000111011111110101010001101
1000111000110111111011011001110111101100
0110101111001000011000011111111001001011
0110001100100011010111011010101110011001
0100100001010110000001101101111011011011
1000101000001001010111101001101101101100
1001110111100101010000010011000110101010
1100110110101110111011001100101110100111
1001011010010000111010110101111000011110
1101110010111111001110000110110010001011
0000111101011010101001010101110101111010
1011010000011001001000010011001010100101
1001111001010110011111111011101101111111
0010000111110011100110100101111010101001
1101000110100100110110000110101101101000
0001101100110001011111101001010011010011
1010100001000000010000100011000111101000
