40 127
1111011001010100111101101101001010001111
0011111100010001011101001111000100010001
0010101111100001011000011010110111111000
0001101101101001100000011110000010001100
1001110010100101001100011100011100001111
0101011110000110100010001011010111101011
1101000101110011011010001000011111101110
1001001111111000001001100010000010010110
0010001010011110101000000001010111100100
0111001110111010010110000010101110001001
0010110011000101001101011110110010001100
0001110011100000011011010101101011001001
1000000111010011111011001000010101110111
0110000000000000010100001000100000111111
1100010000111011100101000011010110011001
1101101000011101011010110000100101010000
0101000011010010000110000100111101000111
1000101100011000011111011100000101101000
1111101011110000111111001111101101100000
0100100101100000101110111000110010111011
1101101111111101000100110001000001100101
0011100001101001000001111101101111111011
1101010011101100100101001110000011011000
1011000010011101010010101000101100111110
0111100000010111001000001110010110001000
1011000000001011101000100111011111001001
1111110010110001101101110000111101011110
0111100010100111000001010110111100011001
1000110110001011001011010011001000000100
0001000100010011110111101011110011010000
1101110100000110101000011001011110001110
0001001001100111111001011001001000000000
0110010100000011111011000011001001000000
0010100001100010010111100011010000110000
1111110111110001011011011101101100001010
0110000110011110101110101100011010100110
1011000101111001001001111101000000011100
0101001000010111100100111101100010001000
1001110011001010010101110101001110000100
1101011011001010111110111100100111100110
0100110011000111011010110010010010001100
0011110000011111110100100011110001001011
1000010101100100100111101000110001100010
0101010100010000001100100010010001110000
1100110110000011010000010010000111011000
1001001010001011111011010100111111001110
0110010001000011110111101111001010101011
0101001011101011111001000000110010110100
1111110000011011010001110100110011010111
1100110101001100110000010101100000100010
0010101100101011110110100011000011110100
1101001100011101101110111110011010001001
1001110111110111101010001011100111110011
1110110000101000101010000111011001000010
0101110000001000010100110110000010100001
1101000101000000010010101000110011011010
1000110010100001100011010001010000011011
1110010011000101010100011000110100110010
0000001010110101000100100110010101110000
0111001100000011010011000010101001111000
0011001110100000001110001001110000101000
1100001011010111100011101010111011111101
0011010101101111111100001000101101001010
1100011101011011100101101010000010001011
0010011100111101100110000011001100100100
0011101011000111110010101011101110110000
1110011010001000110110000100001001011101
1010111011000101111101000110111110101111
1100110101110010000001101100001111001010
1111010110000011000101011011000100111001
0000101100110000111000011010110110000000
0001110100010110010011100010001100101011
1010100000110000110110100111110100110000
0110000000010001010000001000100100001101
0100001011000111100110001100010110110001
0110110011010110110000100101001001000100
0010101100110110011101101011010010011010
0111001111100111011000111110111011011101
1000110000110111110000010011100101100001
0110101101010010001010110100010110011011
1011110010001010101100100010101111000110
1110001101011100110111001101110010101011
0110111011100000100001001111011000100000
0010101111110100101010011111011111000110
1011000101101111101100111001001001100000
1111110111110111111101101011010001011011
1110001111001111101111110110101000010010
1010000101110110000110110010111011101010
1000001011100111001101000111111001110101
1010001110001000101000011101010000001011
1100011010000100110001001010101101101100
0011011101111100111100010000000000111111
0111000011001111001111010100000000011000
0111101110001011000010001100001100010001
0110001011111010010100000110111111010010
0010100101001001111100110001000000010011
0001110100010101101101010010100101001101
0000111011001101000000011000000100111110
1111001000101111111111101100010001101100
1111000000000111001101011101000101001100
0010000110110110010000111001110000010100
0000101100101010101010000100001101010011
1000100010101111100011110011011100100010
0100011100101100100101010110010001010100
0101011001010101001000000010000000100111
0110000011010100110110101111010011101000
0011010111010011110000110111101000110000
0101111101101111000001000001010100100011
0100001001100010011100011100111000011111
0100001001111100111110110101110111100001
0101001101010101011100110000110001100001
0101011111101000100100011000010100100110
1010100011111001000110000110001011100101
1011100100111010011001011011110010011110
1100000100111100110001010110010111000101
1001110111001110010111000111111011110010
1001101000001010010111011001011101110001
1010011000101100111011010001100111011111
0100001010100010111011001110010001110100
1010100010101001110010110111111000100110
0101011110110101001101110011010100011101
0110101011000011001101010110001110100010
0001001111011011001011110011000011011000
1011111001011101000011011000011010001101
0100001010111011011111000110000101000101
0111110011011111000100111000111011001111
1111001100101010000110111100010100001110
