40 127
0101000111011110010010010010011110010011
0101001110110001010011111100011100000101
0011111100101010001010111110010111011001
1010110001010110010010000011110001001011
1011011010111111010011100000100011110010
1000010100110101010100000101011010111110
1111110101111010000010101100011011110001
1101100001111100100110110101010000111111
1001100010101010101010100001100110000000
0101111101101110100110001101001000111000
0100010111100001101100101011011100100011
1101100110011101011011110110110011010110
0101100000001000000100111110000111110111
1001001010111011101010101000010100110111
0101100111011110001101110111011010111010
1111100101110110010101110000001011001011
0010001010010000010101000000111010000101
1110000100010010100000110001000010100011
0100011000111101010000010000111010101011
1100011000110011000100000111100100100001
0010101111110110001001101011110011011011
1100100000001100001010011111100000100110
0110101111100100010000111011111110101100
1010010110100001110110011011011010011101
1011111001101010111111101011111101011001
1010110100010000010101111111000001011100
0100011110001011100110111011110000011000
1001111001101010100100011110001110010110
0100111001110110010011011011010111010101
1100100011001010000001111010001100101001
1011110010110011101001111010011110000111
0100101110001101101010011101001010101110
0010000101010000010011111011000010100111
1011011000000001001101010111110000111001
0001111111101101000010100110010010011011
1010010001000011001100001101101010110011
1111111000011001010101101101101001000010
1010010010100001001111011111110010010110
1000101110111001110010010001010110010001
1010110110101010011110100001001010001110
0011111001101011010111100101000100111000
1011100110001110110010011101010001011110
0010111111111000100111000001010000011101
1010100010100001111110100001010010101111
0100110010111000100101001001110001011000
0111001111011100111001100111001011100101
1110001111101100111011100011100001010001
1110110000010100111111111001101011001011
1010001111000110111110011110110101100010
1000011001001011101011100101011100000110
0010000101111111010110110111111001001101
1101000111111100001101111111011010000010
0101000011010011000001011001001111000010
1111011101011011110101011010101010100001
1110011010111101110100011100111000011010
1001100110000001000010100001101000011101
0100101000101000110001011110110111000101
1110101001111100001100110110100111000100
0110111111110111100101000110111111000011
1000011111011110001011000000100001011010
1001011011110101001010100100101100011000
0101010001110111000000100000110111010100
0100101001110010010101000000111000010000
1110011011000011111001110000101101111101
1110000111001010110110001111110100100100
0110101001000110110001101101001000001101
0011101010011101000111011100010000111100
0001111010000100011101010110111111100110
0011001111101110101000111010110101001110
1111111111100010101111110010001000001111
0001111010111010100001011101011111001010
1100111011110000111000100000011010110111
1010001100010111100011011111101011110100
1011100100001110110111011011111000011100
0101010110101101101010011101100000110110
0111110011011111000000000011100010101000
0110001000111110011111111011010110000001
0010001111011111101001101001000000001001
0000001011110000001111100010111000011010
1010001100001101110011011010110011011011
1010011000011101011000111100001101010100
0101010011111101101111100001010001000000
1101010100010010101100100000010000011010
0001000110010010011010111010000100001100
1000001100110111010010110110010011111100
1110011111000101000111100100101111101000
1001111110110011010000101001101110101101
1010101010011001011010010100010010111001
1010100100011001111010000011110100110011
1010101010110011111111000101011101001010
1001011000001100001000100101100001110010
1010011010111001001111001100001100101010
1000111111000100100001101111000101110001
0101101011111000000110111101111111001000
1101001001110001011010001110110001001110
1011100111000000001000101001101010110001
1000010101010101000001010100011100100100
0001001010111010011011101001011100000110
1111111110011111000110011111100000001101
1101010100111100001001011111110001101011
0111001100010011000111000100011101010011
1010000101010010011101000101111101100111
1011001101011110010111010110010000001010
0111100100101001100000011010000101010110
0110011010100010010001111001111001001011
1001111101011010000000101111011011110011
0110111011100110100111100110110110111100
0100111101100011011010000011011110111101
0011100111100011110101011101111101001100
1011101000001110110010111010001111011010
0110001010110001111101100110010000010111
0111010101000100110011010010001100110001
1101101110110010111001011100010000111000
1001101101000011011011100011001111101010
0011011111001101111011000101100011110101
0100011001110111101011111111000011110000
0111010011100110010010100001011000111010
0110000101001010100011000111001111110001
1111111100010010101010110001001011111101
0011011111111100011110111110110000000000
0011011011010011001011011110011000110101
0001110101000010111101101000000011110110
0110111110100100001101111111010111011010
0110100110001001011110100101010101110101
1101101001100000101010111010000111100000
0110011001011011100101001010101110010100
0100011001110101001001110110100001001111
