40 127
0100101010000001111010001110001100001101
0001110101011110110110010101001000000001
1111001100111100000010000111101111000000
0011101101100111010101111100000011001011
0100011011000001010110010010011100101111
0110101011011100111011111001100100000000
1011101110110100001101110100011000111111
0001111101011101111100010100110001000011
1100011111111100101010000010111001011001
1100011100110110000000110010111100101100
0101011111011001011111100101101101011110
1101100101000011111001110001000101100011
0111010111011111001000101101001101101101
1010001100000010001001011010011100010011
0110101011000110101100111111010001101011
0001110101010010011111110000010011101010
1001001011100100000111110001000011010010
1100100011001110100101010010110011110100
1110011000110010010000001101111110001011
1110011100000101001101010101111101110000
1100100111010111110010100001110110101001
0001101000010110110110111100100110100010
0101110100011110110100010011101011001110
1111101001101011101111011101110011111110
1010111111000001010100000111010111010010
0000000101111100010011101000000000001001
1101100110000010010010010101001111001011
1110000100011000101010001101111100011010
0011100110010110101000100111111111010000
0000011100010110010000000001010010111011
0011001010111001001100101100001111011101
1101101001011100101010010001010001110100
0110100001101011111011110100111101000100
1101011110110000100111010010110101011100
0001001111101100101011101001001010010110
0000111111100111100001011100001110001010
1100011110110011110010111001000110100001
1000010011001111010101110001111000101111
0101101000011110110011010110101101010100
0001000001011110111100110101101111111001
0001101010000110100101010000100010101011
0011001010101001000011011000110010011110
0011110010000101000110000100100100110111
1001001011111111001111000100110111111011
1000111001001101011000011011000010110101
1000110011011100010000001110001010000011
0010010110010011111000011111010111111000
1111110110101111110011011011100101100001
0101111111011010011010000000101111011110
0111000111000110010011000101111111101100
0100011011001000011000001001001011111010
0001100111111111001011101011000000010101
1100111100100001111000001101000111001111
1000000011111010010000011111001110110111
0010100111001110011010101100010110011011
0101111001100101000110110110111101000001
1100101110000001000001010010111100001110
1110000101110000110101011110111110010011
0000000000000000010100010010100100110010
0111100000011000111111111001110011111100
0101111110111111001100010011100010110110
1000011100101010011011010110100010011001
0111010001101011101111001111001111101000
1100101001111101000001110111100110100010
0010010111011100100101110110001001111011
0101010100111100011110011100100101101101
0001000001001101101000001110011111001111
0110100100000000101011000110010011010111
1010101001010001110000111111010111110101
1010111110101001011111001001101100100100
1101101100110010101101010011100010100010
1010111010010100111010010001110111111001
0010111100000100001000110000001011000110
1111011111000011011010000100000100111111
1101100010000110100010100010011010000101
1001000100111001011100001100001101011001
1101110010001100101010001000100000010010
1011100101011101101000111010010111001011
1111100111100010101100010101000011000110
1000100011110100111101001110111000111000
1010000110100010110001011111010111011100
1011000100001000110100011001100001100011
0101101000110001100011101111111001000100
0000010110000011101100001100101011000100
0000100101110111001011001111111001011000
0010011111100010100110001110001110101111
0000011101101101110111000110111100111011
0111110000101111111010111010101100101100
0101100110111110110110110110010010101100
1010000111100100011111111001111010011111
1011000010110111111101110001000011111110
1011010000100101001110101101100001110101
1100011111100101000011110111111101101000
1110110011101011001111001000011111011010
1101100100010001110000110110111001000101
1000100110011100001100111000001011101000
0100110000001110111111100111000110001110
1001111011100001011000101110111111100111
0111100101001000110001001111010101011001
1111010000101000110001001110111101101011
0000110110011110111000101100111000100101
0010000011000011111001100011110111010111
0111000100110110110101111100001001101000
1010010001111101000000110111110100000000
0010000011000100000001110000110011011010
0010001100111111000000010110000111101001
0101100110111110101101111001000001100110
0110111010111101010111001110001001101101
0001111110100010001110110101001111001010
1011011100100100001111111101010110100100
0000110011000000110000000100000001001111
1111101110011000111110101001111011111101
0000100001001100100000111111111000100101
1010100111110001101111111011100011110111
1010101011011000100110011001111011110001
0000110010010001000010100001001110010111
0100110100101001000111100100010000001111
1000010011010110101110100100001110110100
0011101001110100010010111001010110000000
0101110001011111001111111111100111100000
1001001110001101111010101111101101010111
1011000100011000011001100011100110000110
0001011101000100111001011110110010111101
0101010000011000100101101100000100111100
0110111110000101001111000101000011111101
1010100000110110000110010101001100011111
1111001101101111100011101101110010111010
