40 127
0001010100111010101110011111011011110000
0101000110000110111101001011011110011000
1100010101100000000100100110111010011110
0111011101101000011101010110110100110001
1101010010011110011110010100111101001011
1001001010001110111101101101001000100001
0001100000111110000101101001110010111001
1101011011100000101101010111000001001010
0100010101001011000010010010101010001101
1000000100010001111001001111101001011011
1100011000101100110100100101010100010111
0100110110101011010100010001000101111001
1111010000101000101011010111100011111100
1101010001101101001100101111100010111110
0010110000111110010110110101001101110010
0010001000101001100110001101111110000101
0011111000000101010000001111100100101110
0111001011101110100010111010010011011011
1010111011100001111001010101001101011011
0111010111000011001010111100111001000100
0110011000101101100001011111111000100000
1101101110011110110000010101010111001010
0001110001101001110101101100111011101100
1111010011001100000010111000001000011101
1110011010011101110100001001001101100100
0111011100110100010000100101011111111000
0111100101011011100001000111110000101011
1101000101011100011100100110000101111110
0011111011001010101000100001011011111111
0000001000011101000110111100001010111011
0111001010110100101000101010010111000110
0010100000011010001010111001110000011111
0010001101110011111010101000000101110100
1010011010010000001100100110001110111001
0110110100001000111110101010001110001101
1001001011001011001101101001100110110110
1001111000011011011111011011100011111000
0000001001101101000110000100001110010101
1010000101110100000010100111000110110001
0000010000101100011000111001000101111110
0111011100110010001000110001100100110011
1101111110101011000010010100110000110111
1101101110011100001000010000110001010011
0001110001011011010100110000011011011000
1111110010110010010111100010001111110011
0011111110100110000111001000110001101110
0101001111001001111001001110110001110001
1001101011111111111011100110111101010100
0111010111010111000000111110111000010001
0101100101001000011110100100110110001110
1010010111001100101101111011111101011111
1110111001011111100011011000111111000101
1111000010111111101111101110010110010111
0110111001010101110111101011011110110111
1110000011010011000100011000110011101010
1000000111101111010101100111110110010101
1000100110100110110100001100011001101001
1100000111110111001110010001111101001011
1101010011010011010111111001111000010101
1011111110101110111001001101111000101001
1001001001110001011010010111100010011101
0110011000110001100101001001011011101010
0001000001100100011101101000000100100110
1100110100111111011010001111010001011011
0101101110001011001101110110111101111101
1001001000001110010000011100101000110001
0000000000000001000001100000000011111001
1110110011010100011010011110110111000111
0000010011001101011000100111111101011000
0111111111001110111010100100111110101010
1110110100001010000100011101101000001100
1000100100110010011010100011110001000010
0111111101100101110011101011011001010001
0011100001100100111100110001010011010101
0111001111110110010001000001111001010001
0101101000111100101010010011001101100011
1001000101100001001000111110111001101111
0101101010111000100100011010011111101100
0000110001100010011000101100111000010100
0010111101101010001110110110101000110011
0110001110011100100010101101000111001000
0000011011010110000010110001110000110100
0010000010101000010010111011000001101101
0100111110000001101110010001001110111010
0010001010001001000101010100101100010101
0110101010001011100110111000101000010100
0000011111000001101111000010010110000000
0001011001100011101010101100100100011100
1001111111011101011011110110000010111110
0011110011000100111111011010011110000000
1110001011111100100001100100001010011110
0111011001001001111110100000110010001000
0010101111111011111001101100011101011011
1010100010110110011111111110101011010000
0100111100001111011010011100111111101110
0001111111010100100101101010001100000001
0010110011011101101110110011001110100111
0110000010011101110011010101001111110101
0000100001011001000100111111011111111011
0010110101011011000101100010101111000011
1100011110111100001001001101111011011011
1101101001001010110101000000011101111000
1110101110101111000010000100100111000000
1101001010101111111100111111000010110110
1110110011111100100101000110000111011110
0100011111100101010010101010100101011101
1101001011011010110101000001101110110000
1100001110111011101110011000110111010000
0000101101111101000000110111011100010101
1000111111110101110111110110001010101010
0100100001101101010100110100010100111111
0000111010100101111010100110111000100001
1101110000110100011000001000000110001000
1101110100110110010001111111000101011001
1100101101001010011110010100111101011101
1011000110110011100001010111111001000010
0101100000111100010110110100100111100100
1110110011010000110001101101011111110011
0001101100100110111111001111000011111111
0010101111110111010101000100110010110111
0010100100101110110110010011110111001111
1101101011010110100000000110100110001111
1100100010000110110111010000011101111110
0101110110001101010110001010101011000000
0010011011010101010010001101101001011111
0101110101000100001100111111111101010011
0100000101101100110110000101010101101111
