40 127
0101011011101000100000001011000100011001
0110000011011000010010001001111100110100
1001001010101101110000010110011101100000
1110101100011101110111010001111001010010
0001001111000110111100001111100000000000
1001100110100011010000011010100011000110
0111110110001001101111111101010000011001
0010011111001001010100101100011111110110
0101001101101110110011101010011111010110
1101010100110011001000001001111111011010
0110010000000100100101010110001101100110
0101000001010001011110111011000010101100
1010100111011001101011101111110011101110
0010111100110100101100000110010110111111
0100111111101000000001111001011100011011
0000111000101001011011111111101110001101
0011010111101111101001011110000010111010
0101111101101100101001001110010110100000
1100111100101110011100011001100011000000
0010111000011111101100100111010001100101
0101100001110000000011001110110010001010
1000111101010010111000100101101110100001
1001100101011010011010010101000011111000
1011010101000010110001101011100001111110
0100000010010011010000101110100111111101
1111100001110011100101110011110010110101
1100010001100000100000010100110010110000
0010001111001101111100001000100011110001
0101101011000000100000101001111110100010
0111101001111010010000100001011011011000
1000000011100110011101100100100000100010
0101011010000110011011100100000110110001
1011100110011000101010010001001001010110
0110010110110110011100100001100100111110
1000111010001101110111111001110100110100
0110100101111100110010011000001100001110
1110000001010100100001100110001000011111
1101111000010100000101001101010100110100
1000011000101110100001000111100001110110
1101000111011110100110100110111110000011
1111001010101101010000111110001100001101
0000101000110010100010111010010011101011
1011011001110010001010000011100010001111
1000001001111010110111000100101100011100
1000110001010111111110010010011110101001
1010100001001010110001101111111010000001
0101011111101101011100110110101101101101
1111011100101111101111110110001010100000
0011100001101011010110111001111111101110
1111100010010001001001000110110001101010
1000010000110101000000000010001011100010
1100101000000011010001000000010011100111
1001011111011111101010001111001101001000
1000010011000001000110110010111010100010
0010010001100110111111011110110000100011
0000011010100101011111001001110100110110
0001110100010001110110011110100000011101
1110111010010111100101101110001111110111
1010001011100101101001010001011110000001
1001001110111111011001010111001101110001
0111010101111100001101010110110110000100
0100000111110001001110101000111000010000
1101011110100000100000000011010010111001
1001110010101010111110000110101100001010
1010111000001101100010000001011011101110
1100110110001000000010010101001111101110
0011000000011110110101110111110011100001
1111110100111110111110010011011100100010
0010011111010010000010000011100111000110
0111011101001101010100101101101101010000
1111000000101100000010011111011101010100
1010111011111111100110100010101011100101
0000101011001111110100100011101100000101
0111001110100101100101010000100111010101
0010100001101001010011111100100101111111
0111101101001000100101010100100100010010
1101001011111001001101011111001111101101
0001000110010100111000100000011011000101
0110001111111010111110110011100001000110
0010111010110001000010100000001011001000
1010010110100011101010010010110001111001
1010001010101101010000110000110001110001
1011000111001100101111011110110011001010
0000100010000100101100111110100111000001
0010110010011110011100101110101110001111
1001010100101010011010000011111110001110
0000101010001101010011110100001000110011
1101111001000000000100010110010001001110
0011100100101001111011010011101000100100
0001101001000011001110100101101011001111
0101010010101101000101110110001101111000
0010000100110101010000110101010011111101
0000110100011101110010001010111011011100
1110111011010111000011010101001111001011
0000111101110011011011010000010001110110
0000110100001111101000000001111100001010
0010011110000010001001011111101011011010
0111011001000000000110111000111110000111
0101000011010101101010001000110001000010
1011111010001110010010100000000011101010
0001110011100010101000100101000100010110
0111100101000101010010011110010010000100
1011111011001011101110001001100000010110
1100101000000101001110111110000110100001
0000110101100000101011111000111010010000
0010011010000001001001001000010000111010
0000001111110000111101111010010010000110
1011001011101111100111111111100001111100
0011110110010000100110010111001100011011
0100111101011101000111111110110010110110
0101001110001010110100001000100111100000
1101110000101011001100001111011010100000
0101000111010101001000001000110100001110
1000100110000001110111100000101101100101
1010000101100101001100100001010110010101
0110000000100010110010000010101010011101
0011010010110010101101101000000100110100
0001011011111001100111101101111111000000
0010000011010111110010001010111101111101
0001100100001001110111011101111100101100
0001111000010111001001001000100001000111
0100101100111111001101111110010101110110
1100100101001000010011010010010101111111
0110001010000011111010000000111101001100
1100010000010110010010001011010010110101
0011101000000111011001000100111100000110
0010000110111111001011000000111000000101
