40 127
1001010101011001100101001001110001110111
0011110111111001110010101001111000010000
0111011110100001101000100100000110000010
0111000010000010101000110101111100110001
1101111001000001100000001111001000100011
1000100100110101110100001011111010000010
0100010111000100111110011001110100011010
0011101000100000110000111110101000101101
1001010010101011110110001001110000000111
1010101001100110111001000000100111011010
0000101000001101011110010111011100000110
1110010100011110101100100101011110010100
0101110010101001011001011011101101110110
1111001100000000010010000100100110001001
1100110000011011001011100110100001100111
0000111100000101000110100111111011110101
1000001000110110101100100000100111111000
1111100000010011110101000101001001110010
1110111111001000010001011000111110100100
0001100100101111111011110111111100011101
0111001101100000011110100000100110111010
0100101000001001000101001011001100001011
0001100001011101000000011111011001001000
0000001010100110001011000000010001011010
0011100011011111100001001101001000111000
1100000111000000011011010100111000101000
1010101001001101110111011011000110110001
0011101000110111010000000101101101101110
1100111010111101111011010110100000010000
0000101001110000111011000100011111010011
0100011101110010101001010010110011000110
0100111010010111000101000100000010101101
0010011100010111100011110111100010001001
0001000010000100101001100001010010010001
1011011101010111001011010000101001001011
1000110011111110000001010100000010001001
0011011010000010011100100110001001110000
0100001001101011000111101010010001101111
0001000110000100111110110011011011100001
0000101001101101100000100011110001001011
1101110111110100000010001101000011110111
0110111110000100111100001110011101011100
0000010100000011101010101111111011001000
1100110011110000011101011100100011010001
0111011100111000010110110100001101110110
1110100101100110001000110001010010111011
1011111110000111001101011001101101011010
0101001100001000110110011101111000000001
0110110110011000101111100100100000010011
1101011011000111110011101010100011000100
1100011100010101010010001111111101011110
1101011000101001011000001010010110110000
1001110101000100010011010001100000110100
1100001110111010111101010100100100000000
0011110011010101100000110100111011111110
1000111000011010101010000101111111001011
1101011000011001011100111110111011101110
0101100010101100101110011001010011110100
1101110010010101100000111010000111111100
0011111101110100111001011000010100001101
1101111101100000011001011101110111010101
1111000110010110110000100110000010000010
1000010001111000100010010001001000001111
0100000000110000110000100111110100010110
1000000110110001110011101010001111000011
0000011111101101011111000001100000101101
0111011100001011011111000010111110101010
0100001100111010101100011111110111000100
1000111110001010001010000101001111101000
0000001000011111110010010110001111000000
0010011100010100100000111011011001101100
1110101010011101101000111010010000010011
0010111010011110010011101101110001101000
1001001011110110010001000111110010001010
0101101101001100110110001010010011111001
1001001000001010110101100000000110100010
0010010011010110011000011100001111001011
1010000011001000010111110010000001110000
1110111011001001010000010101101001100100
1110110000011110101010000100010101000000
1001010000100001101111001101101011110111
0010100011010101010000110011011111011011
1010110100100000110110100000100101101100
0001000011001001111011111010011110111001
1100011101111110011011001100010111001111
0001101111011111010111000101011011001010
0011110101010101110101101100001101010000
0111110101101001000010110000001000100110
1111111111010110100010011010100100000011
0010101110100111101100011101100000010111
1101000111010110100001101011110111010100
1111100110011111111010011000100110101101
0110010010111110010111110110110110000101
1001111111101011000111110011111001000100
1100101111111111100111001001110101111010
1111001111101111101011010011000101101111
1010011101010110111111000111011001101010
0010011111111111110000111111000111001101
1011010010101111101101100101000101001000
1010110101000111111110111001110000110000
0010001110110101010101110100101111000001
0110100111101001110111010111011000100110
0001111011110110010001111001111000011111
0011010110100101100001000001101010101101
1000100111110011100101110110000110111110
1101110110111111110000100100011101101000
0110010010001001001010101100010001100010
0001100101111001000011110100100010011101
0011011011001100101000010100101111011011
1110100011111101011101011101010010011110
0011001100010011010100010011100110011001
1101001110011001111001110110111100011111
0111110110001110110001110011100010011011
1011100101011011010110010010011001001010
0011111101001100010001010011010011101000
0111111111110001000001100001010100011101
0011001010001101111100101100100010100100
1011111000101011001001101000110100111111
0110110000010100101000110101101100101011
0110101010000010011011101111101010110100
0101111011101100000100101110010011011001
1000000101111000110110100100011111101100
1111110110011000110000101111010010010101
0011110110011101000110101000001000010110
0010111000011010010101010101011011010101
0100111110011100101010011010010011001111
0101110110000010100011000011101111111001
