40 127
1100011011010001001010110001110001110011
0001001000000100011100001111011111110010
0001011101111011101111010110011110001011
0010101101100111110100011101011100101100
0110111000111011101110001011101000001001
1010100001010100110101111001001000010111
0011110101011111000100000010000100010000
1011111000100111010000010111111101101000
1110011101111100110110010011100101111101
1110000100001001101001101101100110010001
0100100000100011000011100101001100010101
0101101001111001010100001110110100100001
0000101101110010001010010011111011100000
0111100011011111110100100011001100001110
0110010110111111111100011111111001110000
0000110010001110001100011101011101110011
1010110110101110110101010010100011100111
1111011101000010011001010000101000110110
0101000010111101110110000001111100010011
1000101100110100001001011001111100001110
1011001100000100111010000111110011010011
0111111101100001000101001000001000110111
1011010111000011111101011011000111000010
1000011101111000011111111100011000111000
0010101111100001010101000110001001101010
0011111011000010001011001011111001110010
1101000001010110010010010001000010111110
0111100001111111001001111101001111010010
1001111010000010011111010000011110010001
0111110000011111000001010101011010101001
1111000001100001100101000000001000001110
0010100110010111111110010011111110111110
0111110110101111001010011001100110000001
1110011111011010110111010100101100011101
0011000000100010111001100000100111011101
1100000000001001001101001000011100010010
0111001111000101011001111110100010100000
0001010011010111000000100101110011110000
1001100111001011000000001101110011011011
1100101000001011111000111111101010101011
0010000111001111111001110010010001110110
0011000010101110001001110010010101011001
1010011001010100100101101111101000000010
1010111111001101011001000010001101101111
1101100001010011110011011111000111111000
1101011010001011101011110100000011001100
0111010011101000001000101000111111011100
0000110001100100100001001001111101111111
1001011000101111000111000110000011001011
1111111101101100010111101100100100000011
1011101000101100010010001000010101101010
1111010110001110110011110001010011001101
1010111100001110111001111110101111100001
0010001001110001111000110010011011011010
0101110110111001001101101000111101111011
1010000010110110011100001011010000001001
0111100101101101100001111100100101111101
0000011111111100011110101101000011111001
1101011000000000110101111011101100000111
0000110111000010110000000110111111000001
0011111010111010000011110000101110000011
1011100110010011110001011110110100011111
0110111100110111110000011000011110001010
0011111111011010010110111110111010000000
0111001000011100001010100100001011011001
1110100101101110000111011011100111110110
0000111010110011100001001100011000100011
0101010110011011010111111110101101111011
1010101011001011110001001100110011100001
1000101010011100001101110000100001000101
0001101001001101011110100011100010001001
0000000001110000000010100111001011001001
0101101111000110000011000001111011111000
1111100100010110001010011001000010010001
1000001011011111011001000110000111000001
0000100011110100111111001000010001100110
0000100100000000000001101011010010100001
1010001100001010000010110100010110001010
0111011011101010101101010100100100100111
1101000111011101011101111100101111011001
0001100110001101011010101010001110110001
1010010101010000010011000110111010001110
0010010000111110110101110011001110111000
1111100000010111010110111100111011100000
1111100000010100111000101111011100000100
0011000101100100011010000011001010000110
0011100111110010001101010011110000010001
0011100010100001111100110011011010011110
0111000110011001100010100000001011110101
0001100010110111111100000111101000001101
0010000011101111010010101100111100111110
0110001000000001110101101101110110000101
1110011111111010010110111001110011100001
0010010100001000100010110110101100101111
1101011010001111110111111111110101010111
0000100100001000010010001010100100000110
0000001000101101011001010100010100010000
1000111011100010010001100101101110101011
0001101111110011001101000000000000001010
1011001001111110010010001101110010110111
1010010101011000001011111000110001111010
0001011110000101100101111101001110111000
1111111000111101101000011101001101100100
1100101110010111010101011100011010110111
0110100111010101101110000001100000101101
0000011110010100111101011010001011010101
1011011000111010010010110111110100011001
0011011000111101011110001110100010010000
1101101011100110001111110000100110111000
0010010001111011110100010001101100000111
0001000011101100000111100100000000001011
1101001110000111000011001100110000010100
0011101110001101111010001011000011110011
0101011111101111101010110110001011100001
0011001000001100110001000101000110101010
0001101111110110110011111111000110111010
0010100010011010000100110010010110001101
0001101110010001011111001111111110011001
1011101001000100000100100101101101010001
1101001100000101011101011011110010110100
0100101100100111010001000101101010110000
0010101010000101100010100011101100111110
1011000111000101110111111001100111111101
0010111111110111010011100000101001111110
0100100100111110100000000101110000101100
1011110000000110101010011000101010100100
0010000000100111011010000011011110101110
