40 127
1011101001101111111011110001100001110110
0101010011001100011101101010111101000010
1000011101000011010001101010000110010101
1001011000010101110010101110110011111100
1100100000100001011110001110110100101100
1001100100111010110001000101001010100010
0010000001000010111110010111010110011011
0010101001000010110000100110111100110101
0001110110101110111111001010100001101000
0111011011010010010100000100010100001101
0110000000110101101000011111001101101000
0111100010000110011101110011111001110011
0101000010000000011010000100000001101010
1001111100101001110111110100110010001101
1000000011011111001101101001010101011101
0100010111100101001011000111011001011001
1111000011111101011000101110110011100111
0001000010011010100110110000101111110000
1011000100110001111001001111001010100010
1101000111100010100010111001010111010001
1001000011010000100000101011000011010011
0001011000110111110111001001001100001100
0101000111101101001000001100010010111000
1011100010101010110100101110011011000010
1010011011010101100101111111111011100111
1111101101001111000110010011101111001001
0000111101100100100010101101101011011111
1011101110001110101110000111101000010001
0100001100000100100111000001111010101100
0000011101001000110001101100010010101111
1110111001110100100111001001110001101100
0000110111101100001001100101011110100001
0001011011100100000111101111101000111101
0011110111000001001001011010011011010001
1110110001001111101000101000000101001100
1111000100000101101101110000000011100011
1000110011010001000011100011100100100011
0100010000010101110110010110110110111101
0101010000101101001110110001101111111110
1011100101111111100100011010110100100100
1000101110101011010110010010010100110000
1101101011011110100111111100101110101010
1101110100100010100011011000100011111000
1010101010110101110111000101000000000011
0010101100100010111001001001011110001000
1001110110110110100100101100101110111000
1000111000111001101000101101010110011001
1010110110011001100000110111011011100011
1100110110111011101010010000100011011011
1011000101010111011100111110110100001001
0101100100001101100100011100001011011001
1001110111010000111110110101101010110001
1011101101101010011111001010100000100110
0100100111100011101100011101111010111101
1011110100100111011111011001100001101101
0001101000111101111100100000010100000110
0110111100111010000011000011010000000001
1110001011010110110010101001011100011000
0011110101010001110001001111001000000011
1110101001001110001111010000001010110000
1111110100001110101010011010101000111110
0111110111101010110010111111100101101110
1110001000101100000001000011111000010000
0110110111111100011010001110001011001100
0101000011010001011100101101000011101011
0101000000100100111000100101011001100111
1110100111001000001101000110101011001111
1010011001011011101001111010010101000000
1010100011110101100011011001100011000011
0100001101010001011111111010101001011011
0100101101110100010111011110010010101110
1001100111010001110011101101000101110111
1001010100111010110000000111010000011010
0000010101001001101111010000110011100111
1110001010111010010111100101010010000001
0111110011100010111001100010010010111011
1011011111000010111110111011101110000011
1000111111000010110011100001011011010000
1100101111011010011111100000110111010101
0001111110010001101011100101110111111010
0010111010011001010111010100010011010110
0111011101111111010000000111111010001110
0110110011101101010110011111110001001010
0111000001000101110000101100001111010111
0110011001010010101001010011001101101111
0101000000101110111101111110110101011011
0101111010100101001011000011000110001101
1111011111101111001011000110011110100100
1000011011010111010111000011010100001110
0000110000100000110000111100001001001011
1000011000001111001011111011111001010010
1100010001010011100100111100110001100001
0110001101101001110011101110011100110010
1001000100110111010011101011100110100010
1001001001100010010110110111001110000000
0001000001100011000110000011100101111001
1100100110100010011101111101101110010000
0111101110000011101100111010100010101100
0101110101110100111010110010110001000010
1110000000101111001111100100111001011101
0011100001010110110100110101010010011001
0100111010100101111011110111010001100010
0101101000000001101000101010000000011111
1010011100100000010011111111000000001110
1001111101111010100110011010101110111110
0001011000111001100101101100111100100001
1101010011101001111111101111101010110101
0100101110000111111010010001000100111010
0010011100011100011110100011100000110100
0001101001001100010101001100000010010101
1100101111111001100100111110110110001101
0000111010110010001011000001001011001010
0110011010101001110110010100001110011000
1100100111010101101111010011010111011011
0001110010001110000101111001111000100001
0000000011110100110111111001011010000100
0010101010001111110011010011100010110101
1100101001011001011101001101011110100000
0010100010111111001100011011000000011010
1111111110010010010100000100111010101001
1100011001011110110010110010001011011111
0010001010000000000001101011100000101110
0010100100000111001110001000111110110010
1110001001010101100010101001111110010100
1001001011101110011001111111101111110010
1011100001110000110011110110010101011100
1101101001111101110011000001101010001110
