40 127
0101111000100010111100011110111101110101
0000010011110001011001111110110110010110
1110100000110001101000110100001110101100
0011010010000001111010111000000010011111
0001011010011111100100001101101111101010
0111010001111111011011010001001110000011
1001011111011001010011001101101001111001
0100110110010001100011101001111100011001
0101110000100101100010101110110000111111
0111111101101100001001001110011011111000
1011011110011111101101100001110010011110
1001110001111010011100100001100110000000
1110110011010101110100110100110111101101
1100111011000011000000101001110010101101
0110110011100111000101101111111001110010
1111011000100101011110111001000001000101
0100110111000101101000011110001100110100
0011100001001010100000000110010010111110
1101100101001100011111100010111110100001
0100100101010111111110001011011100111011
0010110001100000110100010011101011000001
1010010000000011110111110000000000100110
0001010101011001111011010000100110001111
1001010010101000010100110101001000100110
1010100100000111010101110001100110010011
0111001111011011111100110110010110010111
0011001001000000101111111010111001110011
0011100101100111101010100110111101000110
0001110000000101111011000010001001000011
0100100001110010110100000111010100001001
1110101100100101101011101010110011100111
0010111101111000001000111000010111110011
0001000101110010111001011111011010001100
0111001101111011001000000100001010110100
0000111101001111010111011101000011110100
0101000011101010100110101101001010010011
0000010110100011110101111000111100010101
0100010010100011101110111100111100001111
1100001001001110010101011000100100101010
0011010010110101111011000011111100001110
1000010100101011111101001100100000000100
1110101001001011000010000111111001100010
0101001110011001101101111011110010100000
1011010000111001100111000000000011010100
1100000001111110010101011011101101001110
1011001101111101110111011100111010101110
1000111111101011111100110110001111110001
0001011001000110011010110110101100110111
1111101000010000101001001110000110011101
1110011000110011011110111111111100001101
0010000000001111010011000100011011001011
1010101110001001000001111011000110100001
0000111100001000111100110100001010001011
1111000101001101110110001001101101001110
1110010010010000100100100010101010000001
0001010011011101000011000000100101011100
0000110101100110010010011101000100110011
1011011111110000011011001110100100011010
1111110001100001010011100010110111000010
0111010001111011001101100101110011000101
0110100001111111001101110000101011000011
1110011000010011011001100111110100101101
0010110110111100011111010000010110011010
0110010111010010101001000001100000000110
1110100010111100110110011010011000011100
0010001001101111100001010100111011101111
0001110111111001011000110001010100011000
1001110011100111011001010010111000100011
1011011101001100101000011100010001010111
1101110010001011101101001110001101001000
0110110111001001100100111101110110100100
0000011001001011100100101110000001011010
1110110110000000011001010000000110101101
0011111001111101111011101100111110010110
1001001111110101000011110011100000011011
1101101010101010011001001000111100000010
0111101110001001010100101010100011110010
1111111011000000011100010010010011110101
0111110100000010110110111110111011011111
1111100111011100001000110100010000110000
1101011000001001111111001010011111001100
0001100110110111101101110001000010011111
1100011100111010100111111000001111001110
0011110010100101000011110110110011000101
0001001011101110111010011111001111011101
1000010101000000100011000101111100001110
1011001000000100101111101111011011110110
1111111001101100011111101000011011001000
1110011110111101001011010111010000000110
1010110101000001111101010111100101100100
1101100011010111001000011000111011001110
0100111101101100001001111101000101110110
1101001001011111111100110000101000010000
1010110011100001001010110010011110111010
1100101000000111111110000101101110001101
0101011000010100110111110101110101001101
1000100111010010000110011110011101110010
0010001011011100110110101001000000000101
0100010111100110101111100011001001001001
1110011110101100010110111110001100101010
0010001101100000101110100000011001111101
1111010111101110010010010100111001010011
0100001100011011110111010111111101110110
0001101111000001001100110100001111011101
0010000011110110110101100011101111100101
1101011000001111010011010110110000100000
1111111000011001011000111111111100100110
1101010100010100010001100011010110101000
0011111100100001100111100010100000000111
0110111001100111000110011100001001010000
0111011011010000110101111011000001101011
0111110010101101011001110111101000011000
0110100101111100110100011101110100110111
0100000110010101111011000111111110111011
1110000010100111010101110100010100011001
0111001110001000110110011010001111000001
1101100000010001010011011001100010000110
1100010011000001010110010011110011100011
0100111000001000110101010001001000010101
0000100001101010000000110110010110001111
1111111001101010010000100101000111110000
0110111110001101100101001011000101000110
0100100010000100000000000001000010100001
1110100101010001101111111100101010111001
0001011010001110010100101100111111101110
0000110000011000101110101010111110111001
0010011110111010011111100101001111010001
