40 127
1100001110001000100110011111101100101010
1010011000011011010000001000111111100010
0100111111101111100101101001011111010010
1011110010100001000100011100000101111011
0101101111001111001001010000011000010001
0001010001100111111000011100101011011001
1100000010001011000101101010100000101001
1101110011111101011101001111100000110110
0000110000010000110101110100000010110110
1110110001110101001110011010101000101100
1100110001110110001111001100110100111000
0010001110001101111111100000000011100110
1100111000001001001001110110011001010011
1000000001110011101000011101100101001100
1000001011111011001101100100011111101110
0101111010110000100010001101010010110111
1001000111101011110101000111000110111100
0010010101000001101001001111000100011010
1101100011010001101110101010101011101001
1100110101000110101100000101001101000011
1101110010111011101010001110011001001000
0111010001111010011011010111000010000111
1001111010001011011001100011111011000101
0111100110111010100011010100111010100000
0001110110011010001010001011011010010000
1100011110001010010110101100110001001011
0000000001010010001000111101111000110110
1101111010101101110010010111001010011111
1010110011110111110011111111101111100010
1110110001001110101010101101110011010001
0110001110110000010101010001101011000000
0001110010010110111111110001011000100010
0101100110001011000110110000100001000010
1001101110010011010100100110011011100110
1011100111011111100100000011011000001100
1011010110100111011001001101110100000100
1011111010110010101011110011001001110111
1001010011101110010010101000101000111001
1010001101110100110101101111001010010100
0100100011110000111100110100110100001110
0011101110100001010100011001110011011010
1000111101110111111000011101011110000010
1010001100100110111111000100011100011111
1000111101101010010000111001011010100111
1111100000111000101111101100000100101000
0011010000001110000110101011010101010100
1111011000110101101010000101000100011000
0011111100010011010111000001010011111000
0011101111011111010110101110000000111000
0001001111100100101010101111101101000000
0001000001011010111101000101010101000010
0110001001010001101000010110000110000110
0000001011111000010000000100100111100001
1111111111111001110000111011010111010101
1011111100010101010000000010111010101010
0000111101100101100011100110110000010010
1110001100001100111010111000101011111011
1110110101100001101001000010010001111101
0110110101110110110111100011010101000100
1011100000011110101000100001010010100010
1001101100100111111100100101010100111101
1111111110001000101100110110011001111100
0100101000001000110110100111100111000110
1100010100100011110011111000110101011110
1010010010110101101010011000100011010110
1010101110101000011001010100001110001110
0001000101011001010010111011110100101010
1100010001100100011000110101010111010011
0110110010101010110110111111010101101011
1111010110001100000100001110010110001101
0111011000010000010111100101110000011001
0010111001110100001010111010101111100111
1001011011111101000100100101001101100001
0111000001101111100111001111101010010101
0010100010111111000001010011001011100111
1000100110010010110011010111111010101001
0100011111011101100001110100001011100000
0001010001101111100100000111111010101101
1001001001110100100100011010001100010010
0100111001000111111000000011001111111010
0110011101001000001101000000110001010101
1001101101100001100111101100100000011101
0110000100000101110111001100100111111000
0000001000001100100010001111100011101100
1001000111100110110110111110101100001000
0101111110100101011001000000111000011000
0000000100011011011100110000001100000010
1001000101101110000000110000000010011101
1001111101001111010011011001100011101101
1100011000010100100011100010111101001100
1011010011011101111011010110010110010110
0011000110010110000111110011000100001111
0010100011000000110101100000010100011111
0011001010111110100011110100011000001101
0111011111111110111010110011101101110111
1111101001000111001000011100101100111101
0001100101101000110000010001100101100000
0001110011100111001011101111111101001101
1110111010010101001110011010001111000111
1011100110100001011001101010110101000001
0100001011001000100010100101010111001001
0101011000110001000111101100011110011111
0110110100001110110100100010111010100010
0100000011010000101010010111011011000000
0111010100010101100001101000100000111011
0011101001000101011000000001001110111000
0000101011110110111011011111010111010110
1010001010011011101110100110111001110110
0111000111110111100000010001001111100101
0100100001101001111101001111000111000011
0110101010001111110010010010001101011001
1110000101011100010110000010000001111000
0001011011101101101110101001100100001110
1111111011000111011111011011111010000001
0111000100011101111011101011010110011110
0101111100111110101011111111011001110010
1101010001110011100101001111110111110000
0110111001100001111001100011100000000111
1011101101111110110001100111101110000101
0100101100000101110011011010100001111000
1001010100110100011100100110100100001001
0010101011011010000100111101111111001100
0111101100101101010100100101110001101010
0001000010000101001000011010110101000001
1011011110110110000110101101100001000011
1101011101111110001010110110001110001111
1110000010111100011111010101101001111110
